circuit_name:5xp1new_processed
[
    node:
    [
        1 x0 0 PI
        2 x1 0 PI
        3 x2 0 PI
        4 x3 0 PI
        5 x4 0 PI
        6 x5 0 PI
        7 x6 0 PI
        8 y0 12 PO_0
        9 y1 13 PO_0
        10 y2 11 PO_0
        11 y3 7 PO_0
        12 y4 4 PO_0
        13 y5 3 PO_1
        14 y6 6 PO_0
        15 y7 5 PO_0
        16 y8 12 PO_0
        17 y9 13 PO_0
        18 n10 5 AND_1
        19 n100 10 MAJ_1
        20 n101 12 OR_0
        21 n102 4 AND_0
        22 n103 5 AND_1
        23 n104 6 AND_0
        24 n105 3 AND_0
        25 n106 5 AND_1
        26 n107 6 AND_1
        27 n108 3 MAJ_0
        28 n109 4 AND_1
        29 n11 4 MAJ_1
        30 n110 6 OR_0
        31 n111 7 MAJ_1
        32 n112 8 OR_0
        33 n113 9 OR_0
        34 n114 7 MAJ_1
        35 n115 10 OR_0
        36 n116 3 MAJ_0
        37 n117 5 AND_0
        38 n118 5 MAJ_0
        39 n119 6 MAJ_1
        40 n12 5 AND_1
        41 n120 3 XOR_0
        42 n121 3 OR_0
        43 n122 4 MAJ_1
        44 n123 3 XOR_0
        45 n124 5 XOR_0
        46 n125 3 AND_1
        47 n126 4 XOR_0
        48 n127 4 AND_1
        49 n128 3 MAJ_1
        50 n129 4 XOR_0
        51 n13 3 OR_0
        52 n130 5 AND_1
        53 n131 4 AND_1
        54 n132 3 AND_0
        55 n133 4 AND_0
        56 n134 3 MAJ_0
        57 n135 5 AND_1
        58 n136 4 AND_0
        59 n137 5 MAJ_0
        60 n138 6 MAJ_1
        61 n139 4 AND_1
        62 n14 4 OR_0
        63 n140 5 MAJ_1
        64 n141 7 MAJ_1
        65 n142 8 OR_0
        66 n143 8 MAJ_1
        67 n144 9 OR_0
        68 n145 4 MAJ_1
        69 n146 6 AND_0
        70 n147 6 AND_0
        71 n148 7 OR_0
        72 n149 7 MAJ_1
        73 n15 3 OR_0
        74 n150 8 OR_0
        75 n151 4 AND_1
        76 n152 5 AND_1
        77 n153 6 OR_0
        78 n154 6 MAJ_1
        79 n155 7 OR_0
        80 n156 6 OR_0
        81 n157 7 AND_1
        82 n158 8 MAJ_1
        83 n159 9 OR_0
        84 n16 5 MAJ_0
        85 n160 10 MAJ_1
        86 n161 11 OR_0
        87 n162 3 AND_1
        88 n163 4 AND_1
        89 n164 3 AND_1
        90 n165 4 MAJ_1
        91 n166 4 MAJ_1
        92 n167 5 AND_1
        93 n168 5 AND_1
        94 n169 6 MAJ_1
        95 n17 6 MAJ_1
        96 n170 7 MAJ_0
        97 n171 3 MAJ_1
        98 n172 4 XOR_0
        99 n173 5 AND_1
        100 n174 8 OR_0
        101 n175 6 MAJ_1
        102 n176 9 OR_0
        103 n177 10 OR_0
        104 n178 10 MAJ_1
        105 n179 11 OR_0
        106 n18 3 OR_0
        107 n180 4 OR_0
        108 n181 5 MAJ_0
        109 n182 12 MAJ_1
        110 n19 4 OR_0
        111 n20 3 MAJ_1
        112 n21 4 AND_1
        113 n22 3 AND_0
        114 n23 4 AND_0
        115 n24 3 AND_0
        116 n25 5 MAJ_0
        117 n26 6 MAJ_1
        118 n27 5 MAJ_0
        119 n28 7 MAJ_1
        120 n29 3 AND_1
        121 n30 3 AND_0
        122 n31 4 AND_0
        123 n32 4 AND_0
        124 n33 6 AND_1
        125 n34 6 AND_1
        126 n35 7 OR_0
        127 n36 7 MAJ_0
        128 n37 8 OR_0
        129 n38 9 OR_0
        130 n39 8 MAJ_1
        131 n40 10 OR_0
        132 n41 3 MAJ_0
        133 n42 4 XOR_0
        134 n43 11 OR_0
        135 n44 4 AND_0
        136 n45 5 AND_1
        137 n46 4 MAJ_1
        138 n47 6 AND_0
        139 n48 3 OR_0
        140 n49 4 AND_1
        141 n50 3 MAJ_0
        142 n51 5 AND_1
        143 n52 3 AND_1
        144 n53 4 MAJ_1
        145 n54 6 MAJ_1
        146 n55 4 MAJ_1
        147 n56 5 AND_1
        148 n57 3 OR_0
        149 n58 6 MAJ_1
        150 n59 7 AND_1
        151 n60 3 AND_1
        152 n61 4 AND_1
        153 n62 3 MAJ_1
        154 n63 5 AND_1
        155 n64 4 MAJ_1
        156 n65 5 XOR_0
        157 n66 6 AND_1
        158 n67 8 OR_0
        159 n68 8 MAJ_1
        160 n69 9 OR_0
        161 n70 3 AND_0
        162 n71 4 MAJ_1
        163 n72 5 AND_0
        164 n73 3 MAJ_1
        165 n74 4 AND_0
        166 n75 3 AND_1
        167 n76 4 MAJ_0
        168 n77 5 AND_1
        169 n78 3 OR_0
        170 n79 4 MAJ_1
        171 n8 3 OR_0
        172 n80 5 AND_1
        173 n81 3 AND_1
        174 n82 4 AND_1
        175 n83 4 MAJ_0
        176 n84 5 AND_0
        177 n85 3 AND_1
        178 n86 4 MAJ_0
        179 n87 6 MAJ_1
        180 n88 4 MAJ_1
        181 n89 5 AND_0
        182 n9 4 MAJ_1
        183 n90 3 AND_1
        184 n91 5 MAJ_0
        185 n92 6 AND_1
        186 n93 7 OR_0
        187 n94 7 MAJ_1
        188 n95 8 OR_0
        189 n96 9 OR_0
        190 n97 6 MAJ_1
        191 n98 10 OR_0
        192 n99 11 OR_0
        193 v1 4 VIR
        194 v10 1 VIR
        195 v11 1 VIR
        196 v12 1 VIR
        197 v13 1 VIR
        198 v14 1 VIR
        199 v15 1 VIR
        200 v16 1 VIR
        201 v17 1 VIR
        202 v18 1 VIR
        203 v19 1 VIR
        204 v2 5 VIR
        205 v20 1 VIR
        206 v21 1 VIR
        207 v22 1 VIR
        208 v23 1 VIR
        209 v24 1 VIR
        210 v25 1 VIR
        211 v26 1 VIR
        212 v27 1 VIR
        213 v28 1 VIR
        214 v29 1 VIR
        215 v3 5 VIR
        216 v30 1 VIR
        217 v31 2 VIR
        218 v32 2 VIR
        219 v33 2 VIR
        220 v34 2 VIR
        221 v35 2 VIR
        222 v36 2 VIR
        223 v37 2 VIR
        224 v38 2 VIR
        225 v39 2 VIR
        226 v4 4 VIR
        227 v40 2 VIR
        228 v41 2 VIR
        229 v42 2 VIR
        230 v43 2 VIR
        231 v44 2 VIR
        232 v45 2 VIR
        233 v46 2 VIR
        234 v47 2 VIR
        235 v48 2 VIR
        236 v49 2 VIR
        237 v5 4 VIR
        238 v50 2 VIR
        239 v51 2 VIR
        240 v52 2 VIR
        241 v53 2 VIR
        242 v54 2 VIR
        243 v55 2 VIR
        244 v56 2 VIR
        245 v57 2 VIR
        246 v58 2 VIR
        247 v59 2 VIR
        248 v6 5 VIR
        249 v60 2 VIR
        250 v61 2 VIR
        251 v62 2 VIR
        252 v63 2 VIR
        253 v64 2 VIR
        254 v65 2 VIR
        255 v66 2 VIR
        256 v67 2 VIR
        257 v68 2 VIR
        258 v69 2 VIR
        259 v7 5 VIR
        260 v70 2 VIR
        261 v71 2 VIR
        262 v72 2 VIR
        263 v73 2 VIR
        264 v74 2 VIR
        265 v75 2 VIR
        266 v76 2 VIR
        267 v77 2 VIR
        268 v78 2 VIR
        269 v79 2 VIR
        270 v8 5 VIR
        271 v80 2 VIR
        272 v81 2 VIR
        273 v82 2 VIR
        274 v83 2 VIR
        275 v84 2 VIR
        276 v85 2 VIR
        277 v86 2 VIR
        278 v87 3 VIR
        279 v88 3 VIR
        280 v89 3 VIR
        281 v9 4 VIR
        282 v90 3 VIR
        283 v91 3 VIR
        284 v92 3 VIR
        285 v93 3 VIR
        286 v94 3 VIR
        287 v95 3 VIR
    ]
    edge:
    [
        1 194
        1 195
        1 196
        2 197
        2 198
        2 199
        3 200
        3 201
        3 202
        4 203
        4 205
        4 206
        5 207
        5 208
        5 209
        6 210
        6 211
        6 212
        7 213
        7 214
        7 216
        194 217
        194 218
        194 219
        195 220
        195 221
        195 222
        196 223
        196 224
        196 225
        197 227
        197 228
        197 229
        198 230
        198 231
        198 232
        199 233
        199 234
        199 235
        200 236
        200 238
        201 239
        201 240
        202 241
        202 242
        203 243
        203 244
        203 245
        205 246
        205 247
        205 249
        206 250
        206 251
        206 252
        207 253
        207 254
        207 255
        208 256
        208 257
        208 258
        209 260
        209 261
        209 262
        210 263
        210 264
        211 265
        211 266
        212 267
        212 268
        213 269
        213 271
        213 272
        214 273
        214 274
        214 275
        216 276
        216 277
        231 24
        257 24
        231 27
        249 27
        258 27
        225 36
        235 36
        277 36
        268 41
        242 41
        238 42
        264 42
        277 44
        241 44
        241 46
        267 46
        219 49
        229 49
        256 49
        253 51
        210 51
        239 54
        264 54
        218 56
        239 56
        273 56
        220 73
        244 73
        260 87
        267 87
        202 89
        260 89
        239 97
        255 97
        211 97
        236 106
        254 106
        218 111
        229 111
        256 111
        200 113
        253 113
        217 115
        243 115
        220 120
        245 120
        253 121
        263 121
        224 132
        235 132
        252 132
        221 139
        230 139
        241 141
        251 141
        212 141
        233 143
        260 143
        232 148
        247 148
        217 151
        227 151
        249 153
        257 153
        266 153
        245 161
        274 161
        230 164
        246 164
        256 164
        246 166
        275 166
        236 169
        272 169
        228 171
        273 171
        254 173
        263 173
        227 177
        254 177
        228 183
        243 183
        227 278
        228 279
        229 280
        230 282
        231 283
        232 284
        233 285
        234 286
        235 287
        222 21
        285 21
        166 28
        27 28
        220 29
        280 29
        240 29
        261 43
        267 43
        42 43
        46 47
        262 47
        276 48
        51 48
        49 50
        258 50
        274 53
        42 53
        201 55
        121 55
        273 58
        151 58
        219 61
        280 61
        269 62
        51 62
        222 68
        283 68
        266 68
        284 75
        275 75
        277 88
        87 88
        285 90
        276 90
        173 90
        234 91
        276 91
        89 91
        97 98
        240 98
        287 107
        261 107
        269 110
        106 110
        171 112
        111 112
        272 114
        113 114
        269 122
        121 122
        278 123
        271 123
        132 133
        225 133
        263 135
        113 135
        223 137
        286 137
        251 137
        250 140
        139 140
        261 144
        120 144
        143 144
        221 146
        283 146
        249 146
        257 152
        151 152
        219 155
        279 155
        274 155
        282 162
        246 162
        265 162
        161 165
        164 165
        282 167
        247 167
        265 167
        278 170
        238 170
        244 170
        271 174
        173 174
        236 175
        271 175
        115 175
        255 178
        115 178
        177 178
        217 180
        278 180
        244 180
        218 182
        279 182
        265 182
        73 193
        115 226
        120 237
        171 281
        281 18
        182 18
        252 22
        21 22
        146 25
        24 25
        226 37
        36 37
        252 38
        237 38
        135 38
        171 40
        29 40
        44 45
        43 45
        216 52
        50 52
        55 57
        56 57
        151 59
        54 59
        58 59
        232 63
        53 63
        61 63
        49 76
        75 76
        250 84
        62 84
        73 84
        90 92
        91 92
        122 93
        135 93
        233 99
        98 99
        262 108
        268 108
        107 108
        245 116
        114 116
        226 116
        250 118
        73 118
        110 118
        286 136
        135 136
        140 142
        141 142
        281 147
        146 147
        152 154
        153 154
        155 156
        221 156
        161 163
        162 163
        166 168
        167 168
        169 172
        170 172
        174 176
        175 176
        123 181
        180 181
        243 184
        62 184
        110 184
        110 204
        114 215
        122 248
        123 259
        123 270
        141 23
        22 23
        259 26
        146 26
        25 30
        28 30
        237 39
        37 39
        38 39
        57 60
        58 60
        59 60
        270 69
        68 69
        270 70
        49 70
        18 77
        76 77
        224 78
        18 78
        204 78
        215 80
        248 80
        114 94
        122 94
        93 94
        40 95
        193 95
        84 95
        234 101
        204 101
        99 101
        112 117
        226 117
        116 117
        182 124
        259 124
        111 125
        259 125
        136 138
        137 138
        142 145
        143 145
        144 145
        247 149
        215 149
        248 149
        251 157
        156 157
        176 179
        177 179
        178 179
        183 185
        184 185
        163 190
        165 190
        168 190
        237 31
        25 31
        26 31
        168 34
        172 34
        23 34
        60 64
        61 64
        63 64
        69 71
        70 71
        223 72
        62 72
        70 72
        77 79
        78 79
        223 81
        80 81
        284 96
        93 96
        94 96
        193 119
        117 119
        118 119
        124 126
        125 126
        120 127
        248 127
        125 127
        148 150
        149 150
        179 186
        185 186
        172 187
        179 187
        181 187
        30 32
        31 32
        52 65
        64 65
        224 66
        48 66
        64 66
        71 74
        72 74
        40 82
        80 82
        81 82
        96 100
        99 100
        126 128
        127 128
        18 130
        95 130
        119 130
        150 158
        157 158
        147 159
        150 159
        154 159
        186 188
        187 188
        172 33
        32 33
        65 67
        66 67
        74 83
        82 83
        100 102
        101 102
        95 129
        128 129
        158 160
        159 160
        165 189
        188 189
        138 19
        145 19
        160 19
        33 35
        34 35
        67 85
        74 85
        79 85
        92 103
        102 103
        287 104
        88 104
        102 104
        129 131
        130 131
        189 191
        190 191
        83 86
        85 86
        103 105
        104 105
        131 134
        133 134
        145 192
        191 192
        192 20
        19 20
        105 109
        107 109
        108 109
        134 8
        20 9
        35 10
        39 11
        41 12
        242 13
        45 14
        47 15
        86 16
        109 17
    ]
]
