circuit_name:9symmlnew_processed
[
    node:
    [
        1 x0 0 PI
        2 x1 0 PI
        3 x2 0 PI
        4 x3 0 PI
        5 x4 0 PI
        6 x5 0 PI
        7 x6 0 PI
        8 x7 0 PI
        9 x8 0 PI
        10 y0 18 PO_0
        11 n10 3 XOR_0
        12 n100 5 MAJ_1
        13 n101 4 MAJ_0
        14 n102 3 MAJ_1
        15 n103 5 AND_1
        16 n104 3 AND_0
        17 n105 6 MAJ_0
        18 n106 7 AND_0
        19 n107 8 AND_1
        20 n108 11 MAJ_1
        21 n109 12 MAJ_1
        22 n11 4 MAJ_1
        23 n110 14 MAJ_1
        24 n111 15 OR_0
        25 n112 3 MAJ_1
        26 n113 4 MAJ_0
        27 n114 5 AND_1
        28 n115 3 AND_1
        29 n116 4 MAJ_1
        30 n117 5 AND_0
        31 n118 4 MAJ_0
        32 n119 3 MAJ_1
        33 n12 3 MAJ_0
        34 n120 5 AND_1
        35 n121 6 MAJ_1
        36 n122 7 OR_0
        37 n123 6 AND_1
        38 n124 8 AND_1
        39 n125 9 MAJ_1
        40 n126 3 MAJ_1
        41 n127 3 MAJ_0
        42 n128 4 AND_1
        43 n129 3 XOR_0
        44 n13 5 AND_1
        45 n130 4 MAJ_1
        46 n131 3 AND_1
        47 n132 5 AND_0
        48 n133 3 XOR_0
        49 n134 4 AND_1
        50 n135 5 OR_0
        51 n136 3 AND_0
        52 n137 6 MAJ_0
        53 n138 7 MAJ_1
        54 n139 5 AND_1
        55 n14 3 AND_1
        56 n140 8 AND_1
        57 n141 9 MAJ_1
        58 n142 4 XOR_0
        59 n143 5 MAJ_0
        60 n144 6 AND_1
        61 n145 10 OR_0
        62 n146 10 MAJ_1
        63 n147 11 OR_0
        64 n148 4 MAJ_1
        65 n149 3 MAJ_0
        66 n15 6 MAJ_1
        67 n150 5 AND_1
        68 n151 3 AND_0
        69 n152 4 MAJ_0
        70 n153 5 AND_1
        71 n154 4 MAJ_1
        72 n155 4 MAJ_0
        73 n156 5 AND_1
        74 n157 6 MAJ_0
        75 n158 7 OR_0
        76 n159 6 AND_1
        77 n16 3 AND_1
        78 n160 8 AND_1
        79 n161 9 MAJ_0
        80 n162 3 XOR_0
        81 n163 4 MAJ_1
        82 n164 3 AND_0
        83 n165 5 MAJ_1
        84 n166 4 MAJ_0
        85 n167 5 AND_1
        86 n168 3 AND_0
        87 n169 5 MAJ_0
        88 n17 4 MAJ_1
        89 n170 6 MAJ_1
        90 n171 3 OR_0
        91 n172 6 MAJ_1
        92 n173 7 MAJ_1
        93 n174 3 AND_0
        94 n175 6 AND_0
        95 n176 10 OR_0
        96 n177 10 MAJ_0
        97 n178 11 OR_0
        98 n179 12 AND_0
        99 n18 7 MAJ_1
        100 n180 12 OR_0
        101 n181 13 MAJ_1
        102 n182 4 XOR_0
        103 n183 5 MAJ_0
        104 n184 6 AND_1
        105 n185 4 AND_1
        106 n186 5 MAJ_1
        107 n187 6 AND_0
        108 n188 3 AND_1
        109 n189 3 MAJ_1
        110 n19 3 XOR_0
        111 n190 4 AND_0
        112 n191 7 OR_0
        113 n192 5 MAJ_0
        114 n193 8 OR_0
        115 n194 4 AND_1
        116 n195 5 AND_0
        117 n196 3 MAJ_1
        118 n197 4 XOR_0
        119 n198 5 AND_0
        120 n199 3 AND_0
        121 n20 3 XOR_0
        122 n200 6 MAJ_0
        123 n201 7 MAJ_1
        124 n202 9 AND_0
        125 n203 10 AND_1
        126 n204 11 MAJ_1
        127 n205 14 OR_0
        128 n206 14 MAJ_0
        129 n207 15 OR_0
        130 n208 16 OR_0
        131 n209 16 MAJ_0
        132 n21 3 AND_1
        133 n210 17 OR_0
        134 n22 3 MAJ_1
        135 n23 4 AND_1
        136 n24 4 AND_1
        137 n25 5 MAJ_1
        138 n26 6 MAJ_1
        139 n27 3 AND_1
        140 n28 5 MAJ_1
        141 n29 7 MAJ_1
        142 n30 5 AND_0
        143 n31 8 XOR_0
        144 n32 9 MAJ_1
        145 n33 3 AND_1
        146 n34 8 MAJ_1
        147 n35 10 MAJ_1
        148 n36 3 AND_1
        149 n37 3 MAJ_1
        150 n38 4 AND_1
        151 n39 3 MAJ_0
        152 n40 3 MAJ_1
        153 n41 4 AND_1
        154 n42 3 OR_0
        155 n43 4 MAJ_1
        156 n44 5 AND_1
        157 n45 6 MAJ_0
        158 n46 4 MAJ_1
        159 n47 7 MAJ_1
        160 n48 3 AND_1
        161 n49 4 MAJ_1
        162 n50 8 MAJ_1
        163 n51 5 AND_0
        164 n52 9 OR_0
        165 n53 10 MAJ_1
        166 n54 3 MAJ_1
        167 n55 3 MAJ_0
        168 n56 4 AND_1
        169 n57 3 AND_1
        170 n58 5 AND_0
        171 n59 3 AND_1
        172 n60 3 AND_0
        173 n61 4 XOR_0
        174 n62 5 MAJ_1
        175 n63 4 AND_0
        176 n64 6 MAJ_0
        177 n65 7 MAJ_1
        178 n66 11 OR_0
        179 n67 12 AND_1
        180 n68 13 MAJ_1
        181 n69 5 MAJ_0
        182 n70 6 AND_1
        183 n71 4 MAJ_1
        184 n72 3 MAJ_0
        185 n73 5 AND_1
        186 n74 3 MAJ_1
        187 n75 3 MAJ_0
        188 n76 4 AND_1
        189 n77 6 AND_0
        190 n78 5 OR_0
        191 n79 7 MAJ_1
        192 n80 3 AND_1
        193 n81 4 AND_0
        194 n82 3 AND_1
        195 n83 4 AND_0
        196 n84 4 AND_1
        197 n85 5 MAJ_0
        198 n86 6 AND_0
        199 n87 8 OR_0
        200 n88 9 AND_1
        201 n89 10 MAJ_1
        202 n90 3 XOR_0
        203 n91 4 MAJ_1
        204 n92 3 OR_0
        205 n93 5 MAJ_1
        206 n94 6 AND_1
        207 n95 3 MAJ_0
        208 n96 7 AND_0
        209 n97 3 MAJ_1
        210 n98 4 OR_0
        211 n99 4 XOR_0
        212 v1 4 VIR
        213 v10 1 VIR
        214 v100 2 VIR
        215 v101 2 VIR
        216 v102 2 VIR
        217 v103 2 VIR
        218 v104 2 VIR
        219 v105 2 VIR
        220 v106 2 VIR
        221 v107 2 VIR
        222 v108 2 VIR
        223 v109 3 VIR
        224 v11 1 VIR
        225 v110 3 VIR
        226 v111 3 VIR
        227 v112 3 VIR
        228 v113 3 VIR
        229 v114 3 VIR
        230 v115 3 VIR
        231 v116 3 VIR
        232 v117 3 VIR
        233 v118 3 VIR
        234 v119 3 VIR
        235 v12 1 VIR
        236 v120 3 VIR
        237 v121 3 VIR
        238 v13 1 VIR
        239 v14 1 VIR
        240 v15 1 VIR
        241 v16 1 VIR
        242 v17 1 VIR
        243 v18 1 VIR
        244 v19 1 VIR
        245 v2 4 VIR
        246 v20 1 VIR
        247 v21 1 VIR
        248 v22 1 VIR
        249 v23 1 VIR
        250 v24 1 VIR
        251 v25 1 VIR
        252 v26 1 VIR
        253 v27 1 VIR
        254 v28 1 VIR
        255 v29 1 VIR
        256 v3 4 VIR
        257 v30 1 VIR
        258 v31 2 VIR
        259 v32 2 VIR
        260 v33 2 VIR
        261 v34 2 VIR
        262 v35 2 VIR
        263 v36 2 VIR
        264 v37 2 VIR
        265 v38 2 VIR
        266 v39 2 VIR
        267 v4 1 VIR
        268 v40 2 VIR
        269 v41 2 VIR
        270 v42 2 VIR
        271 v43 2 VIR
        272 v44 2 VIR
        273 v45 2 VIR
        274 v46 2 VIR
        275 v47 2 VIR
        276 v48 2 VIR
        277 v49 2 VIR
        278 v5 1 VIR
        279 v50 2 VIR
        280 v51 2 VIR
        281 v52 2 VIR
        282 v53 2 VIR
        283 v54 2 VIR
        284 v55 2 VIR
        285 v56 2 VIR
        286 v57 2 VIR
        287 v58 2 VIR
        288 v59 2 VIR
        289 v6 1 VIR
        290 v60 2 VIR
        291 v61 2 VIR
        292 v62 2 VIR
        293 v63 2 VIR
        294 v64 2 VIR
        295 v65 2 VIR
        296 v66 2 VIR
        297 v67 2 VIR
        298 v68 2 VIR
        299 v69 2 VIR
        300 v7 1 VIR
        301 v70 2 VIR
        302 v71 2 VIR
        303 v72 2 VIR
        304 v73 2 VIR
        305 v74 2 VIR
        306 v75 2 VIR
        307 v76 2 VIR
        308 v77 2 VIR
        309 v78 2 VIR
        310 v79 2 VIR
        311 v8 1 VIR
        312 v80 2 VIR
        313 v81 2 VIR
        314 v82 2 VIR
        315 v83 2 VIR
        316 v84 2 VIR
        317 v85 2 VIR
        318 v86 2 VIR
        319 v87 2 VIR
        320 v88 2 VIR
        321 v89 2 VIR
        322 v9 1 VIR
        323 v90 2 VIR
        324 v91 2 VIR
        325 v92 2 VIR
        326 v93 2 VIR
        327 v94 2 VIR
        328 v95 2 VIR
        329 v96 2 VIR
        330 v97 2 VIR
        331 v98 2 VIR
        332 v99 2 VIR
    ]
    edge:
    [
        3 213
        3 224
        3 235
        4 238
        4 239
        4 240
        5 241
        5 242
        5 243
        6 244
        6 246
        6 247
        7 248
        7 249
        7 250
        8 251
        8 252
        8 253
        9 254
        9 255
        9 257
        1 267
        1 278
        1 289
        2 300
        2 311
        2 322
        300 214
        300 215
        300 216
        311 217
        311 218
        311 219
        322 220
        322 221
        322 222
        213 258
        213 259
        213 260
        224 261
        224 262
        224 263
        235 264
        235 265
        235 266
        238 268
        238 269
        238 270
        239 271
        239 272
        239 273
        240 274
        240 275
        240 276
        241 277
        241 279
        241 280
        242 281
        242 282
        242 283
        243 284
        243 285
        243 286
        244 287
        244 288
        244 290
        246 291
        246 292
        246 293
        247 294
        247 295
        247 296
        248 297
        248 298
        248 299
        249 301
        249 302
        249 303
        250 304
        250 305
        250 306
        251 307
        251 308
        251 309
        252 310
        252 312
        252 313
        253 314
        253 315
        253 316
        254 317
        254 318
        254 319
        255 320
        255 321
        255 323
        257 324
        257 325
        257 326
        267 327
        267 328
        278 329
        278 330
        289 331
        289 332
        291 11
        281 11
        219 14
        282 14
        312 14
        274 16
        323 16
        216 25
        288 25
        298 25
        277 28
        317 28
        327 32
        214 32
        259 32
        295 33
        306 33
        315 33
        328 40
        280 40
        317 40
        328 41
        217 41
        318 41
        214 43
        327 43
        269 46
        280 46
        279 48
        260 48
        329 51
        217 51
        296 55
        306 55
        217 65
        299 65
        318 65
        279 68
        307 68
        275 77
        286 77
        308 80
        269 80
        218 82
        262 82
        309 86
        319 86
        283 90
        320 90
        221 93
        321 93
        263 108
        292 108
        220 109
        264 109
        272 109
        260 110
        215 110
        330 117
        302 117
        320 117
        275 120
        294 120
        321 121
        293 121
        277 132
        297 132
        221 134
        285 134
        294 134
        315 139
        324 139
        222 145
        266 145
        258 148
        307 148
        331 149
        265 149
        303 149
        263 151
        272 151
        282 151
        329 152
        272 152
        282 152
        258 154
        287 154
        281 160
        290 160
        331 166
        274 166
        303 166
        274 167
        284 167
        303 167
        221 169
        295 169
        289 171
        220 171
        294 172
        314 172
        215 184
        268 184
        298 184
        260 186
        288 186
        317 186
        216 187
        261 187
        288 187
        219 192
        271 192
        220 194
        312 194
        308 202
        218 202
        270 204
        301 204
        264 207
        284 207
        293 207
        262 209
        299 209
        308 209
        277 223
        279 225
        281 226
        284 227
        287 228
        291 229
        297 230
        298 231
        299 232
        301 233
        302 234
        304 236
        305 237
        226 13
        291 13
        310 13
        273 22
        293 22
        11 22
        261 26
        290 26
        231 26
        259 29
        223 29
        287 29
        267 31
        259 31
        223 31
        40 42
        41 42
        278 45
        261 45
        43 45
        268 49
        228 49
        233 58
        292 58
        280 64
        231 64
        318 64
        214 69
        225 69
        297 69
        327 71
        230 71
        307 71
        328 72
        225 72
        230 72
        262 81
        309 81
        80 81
        329 84
        309 84
        110 84
        286 88
        325 88
        77 88
        315 102
        237 102
        330 105
        233 105
        108 111
        109 111
        227 115
        121 115
        117 118
        323 118
        132 135
        134 135
        266 136
        236 136
        148 150
        149 150
        151 153
        152 153
        258 155
        132 155
        154 155
        290 158
        232 158
        154 158
        229 161
        301 161
        160 161
        166 168
        167 168
        171 173
        265 173
        286 175
        236 175
        215 183
        268 183
        228 183
        186 188
        187 188
        292 193
        192 193
        320 195
        194 195
        264 196
        234 196
        270 203
        310 203
        202 203
        263 210
        226 210
        209 211
        310 211
        11 212
        110 245
        110 256
        209 12
        210 12
        211 12
        13 15
        14 15
        25 27
        26 27
        28 30
        29 30
        31 34
        32 34
        306 44
        22 44
        45 47
        46 47
        48 50
        49 50
        229 54
        42 54
        273 59
        283 59
        58 59
        64 67
        65 67
        68 70
        69 70
        71 73
        72 73
        313 83
        81 83
        82 83
        330 85
        84 85
        319 87
        45 87
        86 87
        276 103
        212 103
        102 103
        302 106
        11 106
        245 106
        22 113
        245 113
        111 113
        167 116
        115 116
        285 119
        118 119
        305 137
        121 137
        136 137
        325 140
        256 140
        139 140
        212 142
        256 142
        148 156
        155 156
        304 163
        153 163
        168 170
        169 170
        171 174
        172 174
        173 174
        271 181
        312 181
        245 181
        183 185
        184 185
        271 190
        188 190
        234 197
        193 197
        195 197
        314 205
        203 205
        204 205
        324 17
        12 17
        15 17
        232 35
        30 35
        34 35
        319 37
        27 37
        218 52
        50 52
        51 52
        227 60
        59 60
        33 66
        44 66
        55 66
        270 74
        70 74
        73 74
        313 76
        67 76
        85 89
        86 89
        87 89
        321 91
        83 91
        90 91
        12 94
        93 94
        276 104
        103 104
        105 107
        106 107
        295 122
        119 122
        120 122
        135 138
        136 138
        137 138
        269 157
        148 157
        156 157
        237 176
        174 176
        175 176
        314 182
        181 182
        313 189
        185 189
        196 198
        197 198
        283 206
        205 206
        16 18
        17 18
        30 36
        35 36
        47 53
        51 53
        52 53
        70 75
        74 75
        89 92
        90 92
        91 92
        66 99
        77 99
        88 99
        107 112
        111 112
        116 123
        120 123
        122 123
        138 141
        139 141
        140 141
        154 159
        157 159
        158 159
        170 177
        175 177
        176 177
        273 191
        189 191
        190 191
        206 208
        207 208
        208 19
        18 19
        36 38
        37 38
        53 56
        54 56
        75 78
        76 78
        112 114
        113 114
        141 143
        276 143
        266 146
        99 146
        145 146
        159 162
        160 162
        161 162
        182 199
        191 199
        275 39
        37 39
        38 39
        304 57
        54 57
        56 57
        265 79
        76 79
        78 79
        325 124
        114 124
        141 144
        142 144
        143 144
        331 164
        162 164
        285 200
        199 200
        39 61
        57 61
        324 62
        57 62
        60 62
        79 95
        94 95
        305 96
        79 96
        92 96
        123 125
        124 125
        144 147
        145 147
        146 147
        332 165
        163 165
        164 165
        198 201
        199 201
        200 201
        201 20
        208 20
        19 20
        61 63
        62 63
        95 97
        96 97
        316 126
        124 126
        125 126
        150 178
        165 178
        332 21
        19 21
        20 21
        316 98
        63 98
        296 100
        97 100
        222 179
        178 179
        296 101
        98 101
        100 101
        177 180
        178 180
        179 180
        326 23
        180 23
        21 23
        101 127
        126 127
        326 128
        101 128
        104 128
        21 24
        23 24
        127 129
        128 129
        24 130
        129 130
        332 131
        147 131
        129 131
        130 133
        131 133
        133 10
    ]
]
