circuit_name:9symnew_processed
[
    node:
    [
        1 x0 0 PI
        2 x1 0 PI
        3 x2 0 PI
        4 x3 0 PI
        5 x4 0 PI
        6 x5 0 PI
        7 x6 0 PI
        8 x7 0 PI
        9 x8 0 PI
        10 y0 18 PO_0
        11 n10 4 OR_0
        12 n100 7 MAJ_0
        13 n101 9 OR_0
        14 n102 3 OR_0
        15 n103 4 AND_1
        16 n104 5 AND_0
        17 n105 4 AND_0
        18 n106 5 AND_0
        19 n107 4 MAJ_0
        20 n108 6 AND_1
        21 n109 4 MAJ_1
        22 n11 5 OR_0
        23 n110 6 AND_0
        24 n111 7 OR_0
        25 n112 7 MAJ_0
        26 n113 8 OR_0
        27 n114 9 OR_0
        28 n115 10 MAJ_1
        29 n116 11 OR_0
        30 n117 5 AND_1
        31 n118 6 AND_1
        32 n119 4 MAJ_0
        33 n12 6 AND_1
        34 n120 7 AND_0
        35 n121 3 AND_0
        36 n122 4 AND_0
        37 n123 5 AND_1
        38 n124 4 MAJ_1
        39 n125 6 AND_1
        40 n126 4 AND_1
        41 n127 5 AND_1
        42 n128 6 AND_1
        43 n129 7 MAJ_0
        44 n13 4 MAJ_1
        45 n130 8 MAJ_1
        46 n131 4 AND_0
        47 n132 5 AND_1
        48 n133 6 AND_1
        49 n134 4 MAJ_1
        50 n135 7 AND_0
        51 n136 4 OR_0
        52 n137 5 AND_1
        53 n138 4 AND_0
        54 n139 3 OR_0
        55 n14 7 AND_0
        56 n140 4 AND_1
        57 n141 4 AND_1
        58 n142 5 AND_0
        59 n143 6 AND_0
        60 n144 6 AND_1
        61 n145 7 MAJ_1
        62 n146 3 AND_0
        63 n147 4 AND_1
        64 n148 5 AND_1
        65 n149 4 MAJ_1
        66 n15 3 AND_0
        67 n150 6 AND_0
        68 n151 4 MAJ_1
        69 n152 7 AND_0
        70 n153 3 AND_0
        71 n154 6 AND_0
        72 n155 7 MAJ_0
        73 n156 8 MAJ_1
        74 n157 9 OR_0
        75 n158 8 MAJ_1
        76 n159 10 OR_0
        77 n16 4 AND_1
        78 n160 11 OR_0
        79 n161 12 MAJ_1
        80 n162 13 OR_0
        81 n163 14 OR_0
        82 n164 11 MAJ_1
        83 n165 15 OR_0
        84 n166 4 AND_1
        85 n167 5 MAJ_1
        86 n168 6 AND_0
        87 n169 6 AND_1
        88 n17 5 AND_1
        89 n170 4 MAJ_0
        90 n171 7 AND_0
        91 n172 8 OR_0
        92 n173 8 MAJ_0
        93 n174 9 OR_0
        94 n175 6 AND_1
        95 n176 4 MAJ_0
        96 n177 7 AND_0
        97 n178 4 AND_1
        98 n179 3 OR_0
        99 n18 4 MAJ_1
        100 n180 4 OR_0
        101 n181 5 AND_1
        102 n182 6 AND_0
        103 n183 8 OR_0
        104 n184 8 MAJ_0
        105 n185 9 OR_0
        106 n186 4 AND_1
        107 n187 3 AND_1
        108 n188 4 AND_0
        109 n189 4 AND_1
        110 n19 6 AND_0
        111 n190 5 AND_1
        112 n191 7 AND_0
        113 n192 4 MAJ_0
        114 n193 8 AND_1
        115 n194 6 OR_0
        116 n195 7 AND_1
        117 n196 9 MAJ_1
        118 n197 4 AND_1
        119 n198 5 AND_1
        120 n199 5 AND_1
        121 n20 3 OR_0
        122 n200 6 AND_0
        123 n201 4 MAJ_0
        124 n202 7 AND_1
        125 n203 5 AND_1
        126 n204 4 MAJ_1
        127 n205 6 AND_1
        128 n206 8 OR_0
        129 n207 7 MAJ_0
        130 n208 9 OR_0
        131 n209 4 AND_1
        132 n21 3 AND_0
        133 n210 4 AND_1
        134 n211 6 AND_0
        135 n212 6 AND_1
        136 n213 7 MAJ_1
        137 n214 6 AND_1
        138 n215 7 MAJ_0
        139 n216 8 MAJ_1
        140 n217 5 AND_0
        141 n218 6 AND_1
        142 n219 4 AND_1
        143 n22 4 AND_1
        144 n220 5 AND_0
        145 n221 6 AND_1
        146 n222 4 MAJ_1
        147 n223 7 AND_0
        148 n224 3 AND_0
        149 n225 4 AND_1
        150 n226 8 OR_0
        151 n227 8 MAJ_0
        152 n228 9 OR_0
        153 n229 5 AND_1
        154 n23 6 AND_1
        155 n230 5 MAJ_1
        156 n231 6 AND_0
        157 n232 5 AND_0
        158 n233 4 MAJ_1
        159 n234 6 AND_1
        160 n235 4 AND_0
        161 n236 5 AND_1
        162 n237 6 AND_1
        163 n238 4 AND_1
        164 n239 5 AND_0
        165 n24 7 MAJ_1
        166 n240 4 AND_1
        167 n241 4 AND_1
        168 n242 5 AND_1
        169 n243 6 MAJ_0
        170 n244 4 OR_0
        171 n245 6 MAJ_1
        172 n246 7 MAJ_1
        173 n247 3 AND_0
        174 n248 4 AND_1
        175 n249 3 MAJ_1
        176 n25 8 MAJ_1
        177 n250 5 AND_0
        178 n251 4 AND_0
        179 n252 4 MAJ_1
        180 n253 5 AND_1
        181 n254 5 AND_0
        182 n255 4 MAJ_0
        183 n256 6 AND_1
        184 n257 7 OR_0
        185 n258 8 MAJ_1
        186 n259 9 OR_0
        187 n26 2 AND_1
        188 n260 10 OR_0
        189 n261 7 MAJ_1
        190 n262 11 OR_0
        191 n263 12 OR_0
        192 n264 10 MAJ_1
        193 n265 13 OR_0
        194 n266 14 OR_0
        195 n267 10 MAJ_1
        196 n268 15 OR_0
        197 n269 5 AND_0
        198 n27 3 AND_1
        199 n270 5 AND_0
        200 n271 6 AND_1
        201 n272 7 MAJ_1
        202 n273 5 AND_0
        203 n274 6 MAJ_0
        204 n275 8 MAJ_1
        205 n276 4 AND_0
        206 n277 5 AND_1
        207 n278 6 AND_0
        208 n279 6 AND_1
        209 n28 5 AND_1
        210 n280 7 MAJ_1
        211 n281 5 AND_0
        212 n282 6 MAJ_0
        213 n283 8 MAJ_1
        214 n284 5 AND_0
        215 n285 5 MAJ_0
        216 n286 6 AND_1
        217 n287 6 AND_0
        218 n288 7 AND_1
        219 n289 8 MAJ_1
        220 n29 4 MAJ_0
        221 n290 9 OR_0
        222 n291 9 MAJ_1
        223 n292 10 OR_0
        224 n293 4 MAJ_1
        225 n294 5 AND_0
        226 n295 5 AND_1
        227 n296 5 AND_1
        228 n297 4 MAJ_1
        229 n298 6 AND_0
        230 n299 7 OR_0
        231 n30 6 AND_0
        232 n300 6 MAJ_0
        233 n301 8 OR_0
        234 n302 6 AND_0
        235 n303 7 AND_1
        236 n304 5 AND_1
        237 n305 4 MAJ_1
        238 n306 6 AND_0
        239 n307 5 AND_0
        240 n308 6 MAJ_0
        241 n309 7 MAJ_1
        242 n31 4 AND_1
        243 n310 6 AND_1
        244 n311 4 MAJ_0
        245 n312 7 AND_0
        246 n313 5 AND_1
        247 n314 4 MAJ_0
        248 n315 6 AND_0
        249 n316 8 OR_0
        250 n317 8 MAJ_0
        251 n318 9 OR_0
        252 n319 10 OR_0
        253 n32 5 AND_0
        254 n320 9 MAJ_1
        255 n321 11 OR_0
        256 n322 4 AND_0
        257 n323 3 MAJ_0
        258 n324 5 AND_1
        259 n325 4 AND_1
        260 n326 6 MAJ_0
        261 n327 7 MAJ_1
        262 n328 6 AND_1
        263 n329 7 MAJ_1
        264 n33 3 AND_1
        265 n330 8 MAJ_1
        266 n331 6 AND_0
        267 n332 4 MAJ_1
        268 n333 7 AND_1
        269 n334 5 AND_1
        270 n335 3 MAJ_0
        271 n336 6 AND_0
        272 n337 8 OR_0
        273 n338 7 MAJ_0
        274 n339 9 OR_0
        275 n34 4 AND_1
        276 n340 5 OR_0
        277 n341 5 MAJ_0
        278 n342 6 AND_1
        279 n343 5 AND_1
        280 n344 6 AND_1
        281 n345 4 MAJ_1
        282 n346 7 AND_0
        283 n347 5 AND_1
        284 n348 4 MAJ_1
        285 n349 6 AND_1
        286 n35 3 AND_1
        287 n350 7 OR_0
        288 n351 10 MAJ_1
        289 n352 11 OR_0
        290 n353 12 OR_0
        291 n354 12 MAJ_1
        292 n355 13 OR_0
        293 n356 16 OR_0
        294 n357 16 MAJ_1
        295 n358 17 OR_0
        296 n36 4 AND_1
        297 n37 7 AND_0
        298 n38 6 AND_1
        299 n39 8 MAJ_1
        300 n40 9 OR_0
        301 n41 9 MAJ_1
        302 n42 10 OR_0
        303 n43 3 AND_1
        304 n44 4 AND_1
        305 n45 5 AND_0
        306 n46 4 MAJ_1
        307 n47 6 AND_1
        308 n48 3 AND_1
        309 n49 4 AND_1
        310 n50 6 AND_0
        311 n51 4 MAJ_1
        312 n52 7 AND_1
        313 n53 5 AND_1
        314 n54 6 MAJ_0
        315 n55 8 MAJ_1
        316 n56 4 AND_1
        317 n57 5 AND_0
        318 n58 4 AND_1
        319 n59 5 AND_0
        320 n60 6 AND_1
        321 n61 7 MAJ_1
        322 n62 8 MAJ_0
        323 n63 3 AND_0
        324 n64 4 AND_1
        325 n65 4 OR_0
        326 n66 5 AND_1
        327 n67 3 OR_0
        328 n68 3 AND_0
        329 n69 4 AND_0
        330 n70 3 AND_1
        331 n71 4 AND_0
        332 n72 5 MAJ_1
        333 n73 5 MAJ_1
        334 n74 6 AND_1
        335 n75 9 OR_0
        336 n76 9 MAJ_0
        337 n77 10 OR_0
        338 n78 4 AND_0
        339 n79 5 AND_1
        340 n80 4 MAJ_1
        341 n81 6 AND_0
        342 n82 3 AND_0
        343 n83 4 AND_1
        344 n84 5 MAJ_1
        345 n85 6 AND_0
        346 n86 4 AND_1
        347 n87 6 AND_0
        348 n88 7 MAJ_0
        349 n89 8 MAJ_1
        350 n90 5 AND_1
        351 n91 4 MAJ_1
        352 n92 6 AND_0
        353 n93 5 AND_1
        354 n94 4 OR_0
        355 n95 5 AND_1
        356 n96 6 AND_1
        357 n97 4 MAJ_0
        358 n98 7 AND_0
        359 n99 8 OR_0
        360 v1 5 VIR
        361 v10 4 VIR
        362 v100 2 VIR
        363 v101 2 VIR
        364 v102 2 VIR
        365 v103 2 VIR
        366 v104 2 VIR
        367 v105 2 VIR
        368 v106 2 VIR
        369 v107 2 VIR
        370 v108 2 VIR
        371 v109 2 VIR
        372 v11 4 VIR
        373 v110 2 VIR
        374 v111 2 VIR
        375 v112 2 VIR
        376 v113 2 VIR
        377 v114 2 VIR
        378 v115 2 VIR
        379 v116 2 VIR
        380 v117 2 VIR
        381 v118 3 VIR
        382 v119 3 VIR
        383 v12 5 VIR
        384 v120 3 VIR
        385 v121 3 VIR
        386 v122 3 VIR
        387 v123 3 VIR
        388 v124 3 VIR
        389 v125 3 VIR
        390 v126 3 VIR
        391 v127 3 VIR
        392 v128 3 VIR
        393 v129 3 VIR
        394 v13 4 VIR
        395 v130 3 VIR
        396 v131 3 VIR
        397 v132 3 VIR
        398 v133 3 VIR
        399 v134 3 VIR
        400 v135 3 VIR
        401 v136 3 VIR
        402 v137 3 VIR
        403 v138 3 VIR
        404 v139 3 VIR
        405 v14 4 VIR
        406 v140 3 VIR
        407 v141 3 VIR
        408 v142 3 VIR
        409 v143 3 VIR
        410 v144 3 VIR
        411 v145 3 VIR
        412 v146 3 VIR
        413 v147 3 VIR
        414 v148 3 VIR
        415 v149 3 VIR
        416 v15 4 VIR
        417 v150 3 VIR
        418 v151 3 VIR
        419 v152 3 VIR
        420 v153 3 VIR
        421 v154 3 VIR
        422 v155 3 VIR
        423 v156 3 VIR
        424 v157 3 VIR
        425 v158 3 VIR
        426 v159 3 VIR
        427 v16 4 VIR
        428 v160 3 VIR
        429 v161 3 VIR
        430 v162 3 VIR
        431 v163 3 VIR
        432 v164 3 VIR
        433 v165 3 VIR
        434 v166 3 VIR
        435 v167 3 VIR
        436 v168 3 VIR
        437 v17 5 VIR
        438 v18 5 VIR
        439 v19 1 VIR
        440 v2 4 VIR
        441 v20 1 VIR
        442 v21 1 VIR
        443 v22 1 VIR
        444 v23 1 VIR
        445 v24 1 VIR
        446 v25 1 VIR
        447 v26 1 VIR
        448 v27 1 VIR
        449 v28 1 VIR
        450 v29 1 VIR
        451 v3 5 VIR
        452 v30 1 VIR
        453 v31 1 VIR
        454 v32 1 VIR
        455 v33 1 VIR
        456 v34 1 VIR
        457 v35 1 VIR
        458 v36 1 VIR
        459 v37 1 VIR
        460 v38 1 VIR
        461 v39 1 VIR
        462 v4 4 VIR
        463 v40 1 VIR
        464 v41 1 VIR
        465 v42 1 VIR
        466 v43 1 VIR
        467 v44 1 VIR
        468 v45 1 VIR
        469 v46 2 VIR
        470 v47 2 VIR
        471 v48 2 VIR
        472 v49 2 VIR
        473 v5 3 VIR
        474 v50 2 VIR
        475 v51 2 VIR
        476 v52 2 VIR
        477 v53 2 VIR
        478 v54 2 VIR
        479 v55 2 VIR
        480 v56 2 VIR
        481 v57 2 VIR
        482 v58 2 VIR
        483 v59 2 VIR
        484 v6 4 VIR
        485 v60 2 VIR
        486 v61 2 VIR
        487 v62 2 VIR
        488 v63 2 VIR
        489 v64 2 VIR
        490 v65 2 VIR
        491 v66 2 VIR
        492 v67 2 VIR
        493 v68 2 VIR
        494 v69 2 VIR
        495 v7 6 VIR
        496 v70 2 VIR
        497 v71 2 VIR
        498 v72 2 VIR
        499 v73 2 VIR
        500 v74 2 VIR
        501 v75 2 VIR
        502 v76 2 VIR
        503 v77 2 VIR
        504 v78 2 VIR
        505 v79 2 VIR
        506 v8 6 VIR
        507 v80 2 VIR
        508 v81 2 VIR
        509 v82 2 VIR
        510 v83 2 VIR
        511 v84 2 VIR
        512 v85 2 VIR
        513 v86 2 VIR
        514 v87 2 VIR
        515 v88 2 VIR
        516 v89 2 VIR
        517 v9 5 VIR
        518 v90 2 VIR
        519 v91 2 VIR
        520 v92 2 VIR
        521 v93 2 VIR
        522 v94 2 VIR
        523 v95 2 VIR
        524 v96 2 VIR
        525 v97 2 VIR
        526 v98 2 VIR
        527 v99 2 VIR
    ]
    edge:
    [
        1 439
        1 441
        1 442
        2 443
        2 444
        2 445
        3 446
        3 447
        3 448
        4 449
        4 450
        4 452
        5 453
        5 454
        5 455
        6 456
        6 457
        6 458
        7 459
        7 460
        7 461
        8 463
        8 464
        8 465
        9 466
        9 467
        9 468
        439 187
        443 187
        463 362
        463 363
        463 364
        464 365
        464 366
        464 367
        465 368
        465 369
        465 370
        466 371
        466 373
        466 374
        467 375
        467 376
        467 377
        468 378
        468 379
        468 380
        439 469
        439 470
        441 471
        441 472
        442 474
        443 475
        443 476
        444 477
        445 478
        446 479
        446 480
        446 481
        447 482
        447 483
        447 485
        448 486
        448 487
        448 488
        449 489
        449 490
        449 491
        450 492
        450 493
        450 494
        452 496
        452 497
        452 498
        453 499
        453 500
        453 501
        454 502
        454 503
        454 504
        455 505
        455 507
        455 508
        456 509
        456 510
        456 511
        457 512
        457 513
        457 514
        458 515
        458 516
        458 518
        459 519
        459 520
        459 521
        460 522
        460 523
        460 524
        461 525
        461 526
        461 527
        444 14
        480 14
        471 35
        492 35
        500 54
        520 54
        475 62
        479 62
        499 66
        519 66
        477 70
        493 70
        478 98
        504 98
        522 107
        364 107
        469 121
        489 121
        502 132
        365 132
        499 148
        509 148
        490 173
        187 173
        501 175
        522 175
        364 175
        499 198
        363 198
        507 257
        516 257
        369 257
        519 264
        362 264
        474 270
        478 270
        513 270
        470 286
        480 286
        500 303
        520 303
        469 308
        475 308
        469 323
        479 323
        471 327
        477 327
        512 328
        365 328
        501 330
        511 330
        441 342
        476 342
        362 381
        363 382
        364 384
        365 385
        366 386
        368 387
        369 388
        371 389
        373 390
        374 391
        375 392
        376 393
        377 395
        378 396
        379 397
        380 398
        479 399
        480 400
        481 401
        482 402
        483 403
        485 404
        486 406
        487 407
        488 408
        489 409
        490 410
        491 411
        492 412
        493 413
        494 414
        496 415
        497 417
        509 418
        510 419
        511 420
        512 421
        513 422
        514 423
        515 424
        516 425
        518 426
        519 428
        520 429
        521 430
        522 431
        523 432
        524 433
        525 434
        526 435
        527 436
        187 473
        442 11
        402 11
        413 15
        14 15
        389 17
        264 17
        476 19
        411 19
        510 19
        419 21
        429 21
        390 21
        486 32
        498 32
        424 32
        512 36
        35 36
        434 38
        369 38
        396 38
        477 40
        401 40
        503 44
        433 44
        393 44
        428 46
        381 46
        415 49
        503 49
        422 49
        500 51
        418 51
        412 53
        286 53
        384 56
        54 56
        470 57
        399 57
        489 63
        62 63
        423 65
        385 65
        376 65
        493 68
        502 68
        420 68
        377 77
        66 77
        379 84
        70 84
        516 89
        388 89
        397 89
        406 95
        507 95
        515 95
        423 97
        323 97
        474 99
        407 99
        425 99
        423 100
        98 100
        490 106
        308 106
        380 108
        107 108
        404 109
        417 109
        508 113
        518 113
        436 113
        400 118
        432 118
        401 123
        422 123
        525 123
        514 126
        395 126
        132 126
        414 131
        327 131
        374 133
        107 133
        444 142
        411 142
        376 143
        132 143
        504 146
        368 146
        395 146
        524 149
        148 149
        481 158
        496 158
        422 158
        420 160
        323 160
        509 163
        428 163
        381 166
        66 166
        371 167
        148 167
        399 170
        121 170
        430 174
        173 174
        373 178
        198 178
        419 179
        389 179
        187 179
        511 182
        431 182
        374 182
        392 205
        303 205
        408 220
        398 220
        473 220
        503 224
        524 224
        386 224
        445 228
        483 228
        421 228
        478 237
        403 237
        505 237
        475 242
        399 242
        472 244
        482 244
        414 244
        472 247
        402 247
        421 247
        424 256
        173 256
        435 259
        198 259
        442 267
        403 267
        415 267
        375 275
        264 275
        505 281
        515 281
        396 281
        487 284
        527 284
        132 284
        421 296
        286 296
        391 304
        303 304
        474 306
        408 306
        426 306
        494 309
        473 309
        407 311
        370 311
        380 311
        501 316
        430 316
        486 318
        473 318
        409 324
        323 324
        418 325
        363 325
        378 329
        328 329
        384 331
        330 331
        409 338
        308 338
        481 340
        432 340
        366 340
        523 343
        342 343
        510 346
        382 346
        419 351
        521 351
        382 351
        428 354
        362 354
        471 357
        410 357
        418 357
        303 361
        308 372
        327 394
        327 405
        342 416
        342 427
        121 440
        148 462
        198 484
        392 16
        346 16
        491 18
        17 18
        425 22
        11 22
        387 30
        361 30
        387 37
        36 37
        497 41
        40 41
        373 47
        46 47
        391 52
        51 52
        412 58
        57 58
        385 64
        63 64
        487 85
        397 85
        325 85
        407 88
        77 88
        388 101
        100 101
        508 111
        109 111
        386 119
        118 119
        494 120
        416 120
        377 125
        394 125
        525 140
        106 140
        420 144
        142 144
        367 153
        462 153
        401 155
        367 155
        394 155
        496 157
        275 157
        433 161
        160 161
        389 164
        163 164
        166 168
        167 168
        174 177
        175 177
        178 180
        179 180
        431 181
        63 181
        393 197
        316 197
        309 199
        149 199
        505 202
        275 202
        513 206
        57 206
        398 209
        484 209
        485 211
        416 211
        396 214
        462 214
        406 215
        379 215
        440 215
        174 225
        224 225
        392 226
        316 226
        402 227
        205 227
        403 236
        17 236
        404 239
        143 239
        497 246
        11 246
        491 253
        242 253
        256 258
        257 258
        445 269
        133 269
        526 276
        51 276
        406 277
        526 277
        427 277
        485 279
        416 279
        435 283
        405 283
        488 305
        304 305
        400 313
        304 313
        366 317
        316 317
        368 319
        361 319
        390 326
        325 326
        498 332
        394 332
        329 332
        417 333
        405 333
        331 333
        429 339
        338 339
        413 344
        523 344
        325 344
        521 350
        324 350
        492 353
        242 353
        371 355
        354 355
        77 360
        309 383
        346 437
        346 438
        143 451
        275 517
        18 20
        19 20
        339 23
        21 23
        498 31
        30 31
        436 33
        22 33
        37 39
        38 39
        378 42
        437 42
        502 48
        47 48
        52 59
        53 59
        56 60
        58 60
        64 67
        65 67
        400 71
        326 71
        84 86
        85 86
        370 87
        383 87
        507 94
        355 94
        38 102
        101 102
        88 110
        99 110
        106 115
        111 115
        514 122
        120 122
        125 127
        126 127
        317 134
        131 134
        120 135
        133 135
        434 137
        437 137
        340 141
        140 141
        367 145
        144 145
        425 154
        451 154
        153 156
        155 156
        157 159
        158 159
        44 162
        161 162
        106 169
        167 169
        168 169
        121 171
        164 171
        170 171
        181 183
        182 183
        296 200
        197 200
        517 203
        70 203
        202 203
        119 207
        120 207
        205 208
        206 208
        427 212
        355 212
        211 212
        214 216
        215 216
        319 217
        41 217
        227 229
        228 229
        209 231
        220 231
        97 232
        225 232
        226 232
        527 234
        41 234
        236 238
        237 238
        143 240
        372 240
        239 240
        482 243
        226 243
        313 248
        247 248
        484 260
        246 260
        259 260
        488 262
        451 262
        483 266
        226 266
        269 271
        270 271
        276 278
        277 278
        424 280
        279 280
        283 285
        284 285
        360 298
        296 298
        305 307
        306 307
        370 310
        383 310
        304 314
        372 314
        313 314
        77 320
        317 320
        332 334
        333 334
        339 341
        340 341
        343 345
        344 345
        375 347
        253 347
        350 352
        351 352
        410 356
        355 356
        206 495
        253 506
        331 12
        352 12
        353 12
        20 24
        23 24
        15 25
        16 25
        23 25
        31 34
        32 34
        438 43
        41 43
        42 43
        48 50
        49 50
        33 55
        44 55
        58 61
        59 61
        60 61
        48 69
        68 69
        326 72
        70 72
        71 72
        87 90
        89 90
        94 96
        95 96
        518 112
        506 112
        108 116
        115 116
        122 124
        123 124
        338 129
        119 129
        127 129
        133 136
        134 136
        135 136
        438 138
        353 138
        137 138
        145 147
        146 147
        426 165
        440 165
        154 165
        169 172
        170 172
        171 172
        177 184
        183 184
        156 189
        159 189
        162 189
        296 201
        199 201
        200 201
        206 210
        207 210
        208 210
        197 218
        495 218
        225 230
        229 230
        21 235
        234 235
        238 241
        239 241
        240 241
        243 245
        244 245
        258 261
        259 261
        260 261
        451 263
        405 263
        262 263
        266 268
        267 268
        309 273
        331 273
        271 273
        280 282
        281 282
        278 287
        285 287
        506 297
        517 297
        310 312
        311 312
        317 321
        319 321
        320 321
        253 348
        437 348
        347 348
        356 358
        357 358
        24 26
        25 26
        39 45
        42 45
        43 45
        69 73
        71 73
        72 73
        50 75
        61 75
        67 75
        86 91
        90 91
        52 92
        63 92
        90 92
        96 103
        102 103
        30 104
        96 104
        97 104
        112 114
        113 114
        124 128
        127 128
        136 139
        137 139
        138 139
        141 150
        147 150
        15 151
        147 151
        149 151
        110 176
        154 176
        165 176
        172 185
        177 185
        180 185
        201 204
        202 204
        203 204
        210 213
        211 213
        212 213
        495 219
        217 219
        218 219
        230 233
        232 233
        245 249
        248 249
        197 250
        245 250
        246 250
        261 265
        262 265
        263 265
        268 272
        271 272
        360 299
        297 299
        298 299
        312 315
        313 315
        314 315
        318 322
        320 322
        321 322
        345 349
        347 349
        348 349
        352 359
        358 359
        359 13
        12 13
        349 27
        26 27
        61 74
        73 74
        91 93
        92 93
        103 105
        104 105
        114 117
        115 117
        116 117
        128 130
        129 130
        150 152
        151 152
        184 186
        185 186
        213 221
        219 221
        204 222
        213 222
        216 222
        249 251
        250 251
        233 254
        235 254
        241 254
        272 274
        273 274
        176 300
        299 300
        55 301
        176 301
        231 301
        322 335
        334 335
        322 336
        324 336
        326 336
        341 28
        349 28
        13 28
        74 76
        75 76
        159 188
        186 188
        130 192
        139 192
        152 192
        93 195
        105 195
        117 195
        221 223
        222 223
        235 252
        251 252
        274 288
        278 288
        282 288
        300 302
        301 302
        335 337
        336 337
        27 29
        28 29
        34 78
        76 78
        307 82
        315 82
        337 82
        188 190
        189 190
        252 255
        254 255
        287 289
        288 289
        29 79
        34 79
        45 79
        139 191
        190 191
        255 290
        289 290
        223 291
        255 291
        265 291
        78 80
        79 80
        191 193
        192 193
        290 292
        291 292
        315 81
        80 81
        105 194
        193 194
        81 83
        82 83
        194 196
        195 196
        83 293
        292 293
        302 294
        83 294
        196 294
        293 295
        294 295
        295 10
    ]
]
