circuit_name:apex7new_processed
[
    node:
    [
        1 x0 0 PI
        2 x1 0 PI
        3 x2 0 PI
        4 x3 0 PI
        5 x4 0 PI
        6 x5 0 PI
        7 x6 0 PI
        8 x7 0 PI
        9 x8 0 PI
        10 x9 0 PI
        11 x10 0 PI
        12 x11 0 PI
        13 x12 0 PI
        14 x13 0 PI
        15 x14 0 PI
        16 x15 0 PI
        17 x16 0 PI
        18 x17 0 PI
        19 x18 0 PI
        20 x19 0 PI
        21 x20 0 PI
        22 x21 0 PI
        23 x22 0 PI
        24 x23 0 PI
        25 x24 0 PI
        26 x25 0 PI
        27 x26 0 PI
        28 x27 0 PI
        29 x28 0 PI
        30 x29 0 PI
        31 x30 0 PI
        32 x31 0 PI
        33 x32 0 PI
        34 x33 0 PI
        35 x34 0 PI
        36 x35 0 PI
        37 x36 0 PI
        38 x37 0 PI
        39 x38 0 PI
        40 x39 0 PI
        41 x40 0 PI
        42 x41 0 PI
        43 x42 0 PI
        44 x43 0 PI
        45 x44 0 PI
        46 x45 0 PI
        47 x46 0 PI
        48 x47 0 PI
        49 x48 0 PI
        50 y0 8 PO_0
        51 y1 15 PO_0
        52 y2 7 PO_0
        53 y3 11 PO_1
        54 y4 7 PO_0
        55 y5 12 PO_0
        56 y6 5 PO_0
        57 y7 11 PO_0
        58 y8 10 PO_0
        59 y9 12 PO_0
        60 y10 5 PO_0
        61 y11 12 PO_0
        62 y12 14 PO_0
        63 y13 5 PO_0
        64 y14 14 PO_0
        65 y15 15 PO_0
        66 y16 5 PO_0
        67 y17 15 PO_0
        68 y18 16 PO_1
        69 y19 10 PO_0
        70 y20 15 PO_0
        71 y21 17 PO_0
        72 y22 3 PO_0
        73 y23 16 PO_0
        74 y24 5 PO_0
        75 y25 6 PO_0
        76 y26 9 PO_0
        77 y27 2 PO_0
        78 y28 5 PO_0
        79 y29 12 PO_0
        80 y30 7 PO_0
        81 y31 12 PO_0
        82 y32 3 PO_0
        83 y33 12 PO_0
        84 y34 5 PO_0
        85 y35 17 PO_1
        86 y36 5 PO_0
        87 n100 3 AND_1
        88 n101 4 AND_1
        89 n102 2 MAJ_1
        90 n103 5 AND_0
        91 n104 6 AND_0
        92 n105 1 AND_0
        93 n106 2 OR_0
        94 n107 4 MAJ_1
        95 n108 2 AND_1
        96 n109 4 AND_0
        97 n110 3 AND_1
        98 n111 1 MAJ_1
        99 n112 4 AND_0
        100 n113 5 OR_0
        101 n114 7 MAJ_1
        102 n115 8 OR_0
        103 n116 9 AND_0
        104 n117 4 AND_0
        105 n118 10 OR_0
        106 n119 11 MAJ_1
        107 n120 1 AND_1
        108 n121 2 AND_1
        109 n122 4 MAJ_0
        110 n123 5 AND_1
        111 n124 3 MAJ_1
        112 n125 5 AND_0
        113 n126 4 AND_1
        114 n127 7 AND_1
        115 n128 8 MAJ_0
        116 n129 9 MAJ_1
        117 n130 9 MAJ_0
        118 n131 10 OR_0
        119 n132 3 AND_0
        120 n133 2 MAJ_1
        121 n134 4 AND_1
        122 n135 2 AND_0
        123 n136 4 OR_0
        124 n137 5 MAJ_1
        125 n138 4 AND_0
        126 n139 5 MAJ_1
        127 n140 6 AND_0
        128 n141 4 MAJ_1
        129 n142 5 AND_0
        130 n143 6 AND_0
        131 n144 5 XOR_0
        132 n145 7 MAJ_1
        133 n146 8 OR_0
        134 n147 7 MAJ_0
        135 n148 9 OR_0
        136 n149 10 AND_0
        137 n150 4 AND_1
        138 n151 11 MAJ_1
        139 n152 3 MAJ_1
        140 n153 2 MAJ_1
        141 n154 4 AND_1
        142 n155 9 AND_0
        143 n156 10 AND_0
        144 n157 3 AND_1
        145 n158 11 MAJ_1
        146 n159 9 AND_0
        147 n160 10 AND_0
        148 n161 5 MAJ_1
        149 n162 11 AND_1
        150 n163 4 AND_0
        151 n164 5 MAJ_1
        152 n165 6 AND_1
        153 n166 12 OR_0
        154 n167 12 MAJ_1
        155 n168 13 OR_0
        156 n169 3 MAJ_1
        157 n170 4 AND_0
        158 n171 6 AND_1
        159 n172 2 AND_0
        160 n173 5 AND_1
        161 n174 6 OR_0
        162 n175 11 MAJ_1
        163 n176 4 AND_0
        164 n177 2 MAJ_1
        165 n178 5 AND_1
        166 n179 6 AND_1
        167 n180 7 AND_1
        168 n181 11 MAJ_0
        169 n182 12 OR_0
        170 n183 12 MAJ_1
        171 n184 13 OR_0
        172 n185 10 AND_1
        173 n186 2 AND_1
        174 n187 12 MAJ_1
        175 n188 13 AND_0
        176 n189 3 AND_1
        177 n190 10 MAJ_1
        178 n191 11 AND_0
        179 n192 4 AND_1
        180 n193 12 AND_1
        181 n194 13 MAJ_0
        182 n195 14 OR_0
        183 n196 3 AND_1
        184 n197 4 MAJ_0
        185 n198 13 AND_1
        186 n199 14 MAJ_0
        187 n200 3 AND_1
        188 n201 4 AND_0
        189 n202 4 AND_0
        190 n203 11 AND_1
        191 n204 12 MAJ_1
        192 n205 13 AND_1
        193 n206 14 OR_0
        194 n207 15 MAJ_1
        195 n208 7 AND_0
        196 n209 8 AND_1
        197 n210 9 MAJ_0
        198 n211 11 MAJ_0
        199 n212 12 OR_0
        200 n213 13 XOR_0
        201 n214 14 MAJ_1
        202 n215 4 MAJ_1
        203 n216 5 AND_1
        204 n217 13 AND_1
        205 n218 3 MAJ_0
        206 n219 14 AND_0
        207 n220 3 AND_1
        208 n221 12 AND_1
        209 n222 13 MAJ_0
        210 n223 15 OR_0
        211 n224 14 MAJ_0
        212 n225 16 OR_0
        213 n226 2 AND_1
        214 n227 3 AND_1
        215 n228 12 MAJ_1
        216 n229 13 AND_0
        217 n230 13 OR_0
        218 n231 14 AND_1
        219 n232 15 MAJ_1
        220 n233 2 MAJ_1
        221 n234 3 MAJ_1
        222 n235 4 AND_1
        223 n236 3 AND_0
        224 n237 4 XOR_0
        225 n238 5 AND_0
        226 n239 2 AND_1
        227 n240 3 AND_1
        228 n241 7 MAJ_1
        229 n242 8 AND_1
        230 n243 3 MAJ_1
        231 n244 3 MAJ_1
        232 n245 4 AND_1
        233 n246 3 AND_1
        234 n247 9 AND_0
        235 n248 4 AND_0
        236 n249 10 AND_1
        237 n250 11 MAJ_1
        238 n251 5 OR_0
        239 n252 5 MAJ_0
        240 n253 6 OR_0
        241 n254 3 AND_0
        242 n255 10 OR_0
        243 n256 11 MAJ_1
        244 n257 2 AND_1
        245 n258 3 AND_0
        246 n259 10 OR_0
        247 n260 11 MAJ_1
        248 n261 3 XOR_0
        249 n262 4 AND_0
        250 n263 6 AND_1
        251 n264 13 AND_0
        252 n265 2 AND_0
        253 n266 12 MAJ_1
        254 n267 14 MAJ_1
        255 n268 13 AND_1
        256 n269 14 AND_1
        257 n270 15 AND_1
        258 n271 16 AND_1
        259 n272 2 AND_0
        260 n273 3 XOR_0
        261 n274 4 AND_0
        262 n50 3 AND_0
        263 n51 3 MAJ_1
        264 n52 4 AND_1
        265 n53 2 AND_1
        266 n54 3 MAJ_0
        267 n55 4 MAJ_1
        268 n56 6 AND_0
        269 n57 5 AND_1
        270 n58 7 MAJ_1
        271 n59 2 AND_1
        272 n60 3 AND_0
        273 n61 2 OR_0
        274 n62 3 AND_1
        275 n63 2 AND_1
        276 n64 2 MAJ_1
        277 n65 3 AND_1
        278 n66 3 AND_0
        279 n67 3 MAJ_0
        280 n68 4 AND_1
        281 n69 5 OR_0
        282 n70 5 MAJ_1
        283 n71 6 OR_0
        284 n72 3 MAJ_0
        285 n73 4 AND_1
        286 n74 2 AND_1
        287 n75 2 MAJ_1
        288 n76 3 AND_0
        289 n77 2 AND_1
        290 n78 3 MAJ_1
        291 n79 4 AND_0
        292 n80 5 OR_0
        293 n81 7 MAJ_1
        294 n82 8 OR_0
        295 n83 9 AND_0
        296 n84 4 AND_0
        297 n85 10 MAJ_1
        298 n86 11 AND_0
        299 n87 12 AND_1
        300 n88 13 AND_1
        301 n89 14 MAJ_0
        302 n90 2 AND_0
        303 n91 2 MAJ_1
        304 n92 3 AND_0
        305 n93 5 XOR_0
        306 n94 6 AND_0
        307 n95 4 AND_0
        308 n96 5 XOR_0
        309 n97 6 AND_0
        310 n98 2 AND_0
        311 n99 2 MAJ_0
        312 v1 6 VIR
        313 v10 12 VIR
        314 v11 13 VIR
        315 v12 4 VIR
        316 v13 1 VIR
        317 v14 1 VIR
        318 v15 1 VIR
        319 v16 1 VIR
        320 v17 1 VIR
        321 v18 1 VIR
        322 v19 1 VIR
        323 v2 2 VIR
        324 v20 1 VIR
        325 v21 1 VIR
        326 v22 1 VIR
        327 v23 1 VIR
        328 v24 1 VIR
        329 v25 1 VIR
        330 v26 1 VIR
        331 v27 1 VIR
        332 v28 1 VIR
        333 v29 1 VIR
        334 v3 10 VIR
        335 v30 1 VIR
        336 v31 1 VIR
        337 v32 1 VIR
        338 v33 1 VIR
        339 v34 1 VIR
        340 v35 1 VIR
        341 v36 1 VIR
        342 v37 1 VIR
        343 v38 1 VIR
        344 v39 1 VIR
        345 v4 11 VIR
        346 v40 1 VIR
        347 v41 1 VIR
        348 v42 1 VIR
        349 v43 1 VIR
        350 v44 1 VIR
        351 v45 1 VIR
        352 v46 1 VIR
        353 v47 1 VIR
        354 v48 1 VIR
        355 v49 1 VIR
        356 v5 12 VIR
        357 v50 1 VIR
        358 v51 1 VIR
        359 v52 1 VIR
        360 v53 1 VIR
        361 v54 1 VIR
        362 v55 1 VIR
        363 v56 1 VIR
        364 v57 1 VIR
        365 v58 1 VIR
        366 v59 1 VIR
        367 v6 5 VIR
        368 v60 1 VIR
        369 v61 1 VIR
        370 v62 1 VIR
        371 v63 2 VIR
        372 v64 2 VIR
        373 v65 2 VIR
        374 v66 2 VIR
        375 v67 2 VIR
        376 v68 2 VIR
        377 v69 2 VIR
        378 v7 4 VIR
        379 v70 2 VIR
        380 v71 2 VIR
        381 v72 2 VIR
        382 v73 2 VIR
        383 v74 2 VIR
        384 v75 2 VIR
        385 v76 2 VIR
        386 v77 2 VIR
        387 v78 2 VIR
        388 v79 2 VIR
        389 v8 10 VIR
        390 v80 2 VIR
        391 v81 2 VIR
        392 v82 3 VIR
        393 v83 3 VIR
        394 v84 3 VIR
        395 v85 3 VIR
        396 v86 3 VIR
        397 v87 3 VIR
        398 v88 3 VIR
        399 v89 3 VIR
        400 v9 5 VIR
        401 v90 3 VIR
    ]
    edge:
    [
        14 92
        25 92
        10 98
        20 98
        25 98
        6 107
        12 107
        20 316
        3 317
        3 318
        22 319
        22 320
        22 321
        23 322
        25 324
        27 325
        27 326
        29 327
        29 328
        29 329
        30 330
        30 331
        30 332
        4 333
        4 335
        4 336
        33 337
        33 338
        34 339
        34 340
        34 341
        36 342
        36 343
        36 344
        37 346
        37 347
        38 348
        39 349
        39 350
        39 351
        40 352
        40 353
        5 354
        5 355
        5 357
        42 358
        42 359
        42 360
        43 361
        43 362
        43 363
        45 364
        45 365
        45 366
        47 368
        7 369
        8 370
        317 89
        335 89
        38 89
        23 93
        92 93
        324 95
        35 95
        357 108
        107 108
        325 120
        331 120
        368 120
        340 122
        348 122
        32 140
        360 140
        364 140
        346 159
        352 159
        327 164
        346 164
        352 164
        347 173
        353 173
        15 213
        366 213
        14 220
        360 220
        365 220
        23 226
        324 226
        12 244
        366 244
        355 252
        7 252
        336 259
        357 259
        317 265
        335 265
        327 271
        37 271
        21 273
        320 273
        319 275
        349 275
        13 276
        319 276
        342 276
        343 286
        48 286
        321 287
        343 287
        350 287
        320 289
        349 289
        333 302
        38 302
        3 303
        333 303
        354 303
        330 310
        47 310
        27 311
        330 311
        339 311
        92 323
        319 371
        342 372
        343 373
        344 374
        354 375
        355 376
        357 377
        358 379
        359 380
        360 381
        361 382
        361 383
        361 384
        362 385
        362 386
        362 387
        363 388
        363 390
        363 391
        310 87
        311 87
        20 97
        382 97
        331 111
        340 111
        386 111
        385 119
        47 119
        1 139
        380 139
        364 139
        28 144
        387 144
        9 156
        322 156
        387 156
        358 176
        383 176
        26 183
        323 183
        375 187
        18 187
        328 205
        337 205
        159 205
        328 207
        385 207
        328 214
        159 214
        316 221
        381 221
        365 221
        1 223
        380 223
        364 227
        226 227
        32 230
        381 230
        365 230
        14 231
        381 231
        366 231
        321 233
        373 233
        41 241
        388 241
        388 245
        46 245
        377 248
        336 248
        259 260
        318 260
        354 262
        382 262
        336 263
        376 263
        348 263
        335 266
        355 266
        265 266
        40 272
        271 272
        372 274
        273 274
        275 277
        276 277
        371 278
        349 278
        16 279
        371 279
        342 279
        17 284
        320 284
        372 284
        286 288
        287 288
        18 290
        321 290
        372 290
        302 304
        303 304
        382 392
        383 393
        384 394
        385 395
        386 396
        387 397
        388 398
        390 399
        391 401
        333 88
        87 88
        393 94
        92 94
        93 94
        392 96
        95 96
        97 99
        98 99
        396 104
        49 104
        398 109
        107 109
        108 109
        340 113
        394 113
        119 121
        120 121
        119 123
        122 123
        332 125
        304 125
        325 128
        339 128
        393 128
        31 137
        396 137
        139 141
        140 141
        19 150
        395 150
        399 157
        156 157
        327 163
        392 163
        347 179
        395 179
        390 184
        323 184
        183 184
        274 188
        187 188
        33 189
        272 189
        346 202
        352 202
        395 202
        220 222
        221 222
        223 224
        35 224
        230 232
        231 232
        397 235
        44 235
        391 249
        248 249
        401 261
        260 261
        262 264
        263 264
        384 267
        265 267
        266 267
        278 280
        279 280
        275 285
        284 285
        289 291
        290 291
        358 296
        392 296
        339 307
        304 307
        304 315
        272 378
        88 90
        89 90
        94 100
        99 100
        396 110
        315 110
        307 112
        111 112
        121 124
        122 124
        123 124
        325 126
        332 126
        267 126
        307 129
        128 129
        267 131
        368 131
        337 148
        379 148
        378 148
        19 151
        359 151
        378 151
        296 160
        159 160
        163 165
        164 165
        386 203
        202 203
        390 225
        224 225
        96 238
        99 238
        2 239
        397 239
        99 239
        317 269
        264 269
        277 281
        280 281
        350 282
        274 282
        280 282
        285 292
        291 292
        315 305
        341 305
        307 308
        330 308
        267 367
        296 400
        262 91
        90 91
        125 127
        126 127
        331 130
        129 130
        150 152
        151 152
        378 158
        400 158
        370 161
        160 161
        370 166
        165 166
        238 240
        239 240
        7 250
        90 250
        348 268
        367 268
        281 283
        282 283
        401 306
        305 306
        394 309
        308 309
        90 312
        91 101
        94 101
        96 101
        309 114
        113 114
        367 132
        130 132
        131 132
        341 134
        124 134
        127 134
        359 167
        166 167
        376 195
        312 195
        377 228
        312 228
        227 228
        318 270
        268 270
        269 270
        283 293
        285 293
        288 293
        100 102
        101 102
        326 115
        113 115
        114 115
        124 133
        132 133
        24 196
        195 196
        227 229
        228 229
        292 294
        293 294
        278 103
        102 103
        326 116
        112 116
        115 116
        326 117
        110 117
        115 117
        133 135
        134 135
        275 142
        102 142
        262 146
        294 146
        391 197
        195 197
        196 197
        102 234
        233 234
        375 295
        294 295
        373 105
        103 105
        116 118
        117 118
        373 136
        103 136
        344 143
        142 143
        379 147
        146 147
        8 172
        146 172
        8 177
        393 177
        295 177
        350 236
        234 236
        351 242
        234 242
        344 246
        142 246
        383 297
        272 297
        295 297
        146 334
        295 389
        374 106
        104 106
        105 106
        31 138
        136 138
        137 138
        28 145
        143 145
        144 145
        147 149
        148 149
        334 162
        160 162
        161 162
        334 168
        166 168
        167 168
        176 178
        177 178
        389 190
        188 190
        379 198
        384 198
        172 198
        351 237
        235 237
        236 237
        351 243
        241 243
        242 243
        374 247
        245 247
        246 247
        296 298
        297 298
        172 345
        149 153
        152 153
        338 154
        149 154
        150 154
        162 169
        168 169
        158 170
        160 170
        162 170
        353 174
        400 174
        345 174
        178 180
        179 180
        188 191
        189 191
        190 191
        172 199
        198 199
        178 208
        207 208
        329 215
        400 215
        345 215
        369 253
        298 253
        252 253
        380 299
        298 299
        298 313
        178 356
        153 155
        154 155
        169 171
        170 171
        173 175
        174 175
        353 181
        179 181
        180 181
        11 185
        299 185
        313 192
        191 192
        356 200
        347 200
        337 204
        199 204
        338 209
        207 209
        208 209
        214 216
        215 216
        356 217
        203 217
        191 251
        250 251
        369 255
        313 255
        324 300
        299 300
        299 314
        175 182
        181 182
        399 186
        314 186
        185 186
        322 193
        192 193
        356 201
        199 201
        200 201
        204 206
        205 206
        338 211
        203 211
        209 211
        329 218
        217 218
        251 254
        252 254
        253 254
        312 256
        255 256
        398 301
        314 301
        300 301
        399 194
        192 194
        193 194
        206 210
        209 210
        216 219
        217 219
        218 219
        398 257
        254 257
        210 212
        211 212
        256 258
        257 258
        270 50
        301 51
        306 52
        389 53
        309 54
        106 55
        109 56
        118 57
        135 58
        138 59
        141 60
        145 61
        155 62
        157 63
        171 64
        182 65
        184 66
        186 67
        194 68
        197 69
        201 70
        212 71
        213 72
        219 73
        222 74
        225 75
        229 76
        316 77
        232 78
        237 79
        240 80
        243 81
        244 82
        247 83
        249 84
        258 85
        261 86
    ]
]
