circuit_name:b9new_processed
[
    node:
    [
        1 x0 0 PI
        2 x1 0 PI
        3 x2 0 PI
        4 x3 0 PI
        5 x4 0 PI
        6 x5 0 PI
        7 x6 0 PI
        8 x7 0 PI
        9 x8 0 PI
        10 x9 0 PI
        11 x10 0 PI
        12 x11 0 PI
        13 x12 0 PI
        14 x13 0 PI
        15 x14 0 PI
        16 x15 0 PI
        17 x16 0 PI
        18 x17 0 PI
        19 x18 0 PI
        20 x19 0 PI
        21 x20 0 PI
        22 x21 0 PI
        23 x22 0 PI
        24 x23 0 PI
        25 x24 0 PI
        26 x25 0 PI
        27 x26 0 PI
        28 x27 0 PI
        29 x28 0 PI
        30 x29 0 PI
        31 x30 0 PI
        32 x31 0 PI
        33 x32 0 PI
        34 x33 0 PI
        35 x34 0 PI
        36 x35 0 PI
        37 x36 0 PI
        38 x37 0 PI
        39 x38 0 PI
        40 x39 0 PI
        41 x40 0 PI
        42 y0 11 PO_1
        43 y1 7 PO_1
        44 y2 7 PO_1
        45 y3 6 PO_1
        46 y4 6 PO_1
        47 y5 5 PO_0
        48 y6 5 PO_1
        49 y7 7 PO_0
        50 y8 4 PO_0
        51 y9 5 PO_0
        52 y10 11 PO_0
        53 y11 9 PO_1
        54 y12 10 PO_0
        55 y13 9 PO_1
        56 y14 5 PO_0
        57 y15 10 PO_1
        58 y16 3 PO_0
        59 y17 3 PO_0
        60 y18 9 PO_1
        61 y19 9 PO_0
        62 y20 9 PO_1
        63 n100 9 MAJ_1
        64 n101 3 AND_1
        65 n102 4 MAJ_0
        66 n103 10 MAJ_1
        67 n104 2 AND_0
        68 n105 3 AND_0
        69 n106 3 MAJ_0
        70 n107 4 AND_1
        71 n108 3 AND_1
        72 n109 3 MAJ_1
        73 n110 4 AND_0
        74 n111 5 OR_0
        75 n112 5 MAJ_1
        76 n113 6 OR_0
        77 n114 7 MAJ_0
        78 n115 8 OR_0
        79 n116 3 AND_1
        80 n117 4 MAJ_1
        81 n118 5 OR_0
        82 n119 6 AND_1
        83 n120 2 MAJ_1
        84 n121 7 AND_0
        85 n122 2 MAJ_0
        86 n123 3 OR_0
        87 n124 4 AND_1
        88 n125 1 MAJ_1
        89 n126 5 AND_0
        90 n127 8 AND_0
        91 n128 6 AND_1
        92 n129 9 MAJ_1
        93 n130 3 MAJ_1
        94 n131 4 AND_0
        95 n132 1 AND_1
        96 n133 1 MAJ_1
        97 n134 2 AND_0
        98 n135 1 AND_0
        99 n136 2 AND_1
        100 n137 2 AND_1
        101 n138 3 MAJ_1
        102 n139 4 MAJ_1
        103 n140 5 OR_0
        104 n141 3 MAJ_0
        105 n142 6 OR_0
        106 n143 7 MAJ_0
        107 n144 8 OR_0
        108 n42 3 AND_0
        109 n43 4 AND_1
        110 n44 5 MAJ_0
        111 n45 2 MAJ_1
        112 n46 3 OR_0
        113 n47 4 AND_0
        114 n48 5 AND_1
        115 n49 6 MAJ_1
        116 n50 1 AND_1
        117 n51 7 MAJ_0
        118 n52 8 MAJ_1
        119 n53 9 MAJ_1
        120 n54 10 AND_0
        121 n55 3 AND_0
        122 n56 3 MAJ_1
        123 n57 4 AND_1
        124 n58 1 OR_0
        125 n59 3 AND_1
        126 n60 5 MAJ_1
        127 n61 3 AND_1
        128 n62 4 MAJ_0
        129 n63 6 MAJ_1
        130 n64 2 AND_1
        131 n65 3 MAJ_0
        132 n66 4 AND_0
        133 n67 2 MAJ_0
        134 n68 3 OR_0
        135 n69 2 AND_0
        136 n70 4 AND_0
        137 n71 5 MAJ_1
        138 n72 6 AND_0
        139 n73 3 XOR_0
        140 n74 4 MAJ_0
        141 n75 5 AND_0
        142 n76 5 AND_1
        143 n77 3 MAJ_0
        144 n78 4 OR_0
        145 n79 1 OR_0
        146 n80 1 MAJ_1
        147 n81 2 OR_0
        148 n82 3 MAJ_1
        149 n83 4 AND_1
        150 n84 1 XOR_0
        151 n85 2 MAJ_1
        152 n86 5 MAJ_1
        153 n87 6 AND_0
        154 n88 1 AND_0
        155 n89 3 MAJ_1
        156 n90 4 AND_0
        157 n91 5 AND_1
        158 n92 6 MAJ_0
        159 n93 7 AND_0
        160 n94 2 MAJ_1
        161 n95 8 AND_1
        162 n96 4 AND_0
        163 n97 3 MAJ_1
        164 n98 5 AND_1
        165 n99 6 OR_0
        166 v1 5 VIR
        167 v10 1 VIR
        168 v11 1 VIR
        169 v12 1 VIR
        170 v13 1 VIR
        171 v14 1 VIR
        172 v15 1 VIR
        173 v16 1 VIR
        174 v17 1 VIR
        175 v18 1 VIR
        176 v19 1 VIR
        177 v2 2 VIR
        178 v20 1 VIR
        179 v21 1 VIR
        180 v22 1 VIR
        181 v23 1 VIR
        182 v24 1 VIR
        183 v25 1 VIR
        184 v26 2 VIR
        185 v27 2 VIR
        186 v28 2 VIR
        187 v29 2 VIR
        188 v3 3 VIR
        189 v30 2 VIR
        190 v31 2 VIR
        191 v32 2 VIR
        192 v4 1 VIR
        193 v5 1 VIR
        194 v6 1 VIR
        195 v7 1 VIR
        196 v8 1 VIR
        197 v9 1 VIR
    ]
    edge:
    [
        22 88
        24 88
        26 88
        30 95
        34 95
        2 96
        30 96
        32 96
        2 98
        30 98
        40 116
        41 116
        25 124
        29 124
        27 145
        31 145
        16 146
        20 146
        31 146
        36 150
        1 150
        17 154
        33 154
        25 167
        35 168
        35 169
        35 170
        38 171
        38 172
        38 173
        40 174
        40 175
        5 176
        5 178
        5 179
        41 180
        41 181
        9 182
        9 183
        19 192
        19 193
        19 194
        21 195
        21 196
        21 197
        183 67
        23 67
        178 83
        14 83
        181 83
        196 85
        169 85
        171 85
        95 97
        96 97
        32 99
        98 99
        9 100
        168 100
        195 111
        168 111
        37 111
        197 130
        170 130
        3 133
        182 133
        23 133
        174 135
        180 135
        145 147
        146 147
        1 151
        15 151
        150 151
        178 160
        6 160
        174 160
        124 177
        192 184
        192 185
        193 186
        193 187
        194 189
        194 190
        195 191
        7 64
        187 64
        181 68
        67 68
        176 69
        185 69
        196 69
        184 71
        169 71
        182 72
        184 72
        191 72
        195 79
        111 79
        171 86
        85 86
        13 93
        17 93
        190 93
        182 101
        196 101
        100 101
        186 104
        167 104
        170 104
        191 108
        168 108
        37 112
        111 112
        184 121
        169 121
        178 122
        186 122
        197 122
        179 125
        177 125
        179 127
        187 127
        183 131
        186 131
        170 131
        3 134
        133 134
        172 139
        187 139
        189 143
        197 143
        172 143
        4 148
        15 148
        147 148
        12 155
        17 155
        189 155
        176 163
        8 163
        185 163
        135 188
        189 65
        173 65
        64 65
        121 70
        69 70
        71 73
        72 73
        185 80
        29 80
        79 80
        24 87
        86 87
        154 94
        93 94
        10 102
        100 102
        101 102
        171 109
        108 109
        192 113
        112 113
        121 123
        122 123
        194 128
        37 128
        127 128
        130 132
        131 132
        134 136
        135 136
        172 140
        108 140
        139 140
        173 144
        143 144
        4 149
        148 149
        154 156
        155 156
        8 162
        112 162
        25 74
        73 74
        10 75
        167 75
        70 75
        124 81
        80 81
        87 89
        88 89
        167 103
        102 103
        193 110
        108 110
        109 110
        11 114
        113 114
        123 126
        177 126
        125 126
        179 137
        132 137
        188 137
        28 141
        140 141
        28 142
        140 142
        39 152
        149 152
        151 152
        113 157
        124 157
        162 164
        163 164
        113 166
        74 76
        75 76
        14 82
        81 82
        190 91
        89 91
        103 105
        104 105
        176 115
        166 115
        114 115
        126 129
        127 129
        128 129
        136 138
        137 138
        149 153
        152 153
        180 158
        166 158
        157 158
        135 165
        164 165
        174 77
        68 77
        76 77
        82 84
        83 84
        175 106
        68 106
        105 106
        180 117
        115 117
        116 117
        6 159
        158 159
        76 78
        77 78
        175 90
        84 90
        105 107
        106 107
        110 118
        116 118
        117 118
        159 161
        160 161
        188 63
        161 63
        165 63
        190 92
        90 92
        91 92
        16 119
        18 119
        118 119
        63 66
        64 66
        65 66
        18 120
        119 120
        120 42
        129 43
        138 44
        141 45
        142 46
        144 47
        144 48
        153 49
        188 50
        156 51
        66 52
        78 53
        92 54
        118 55
        94 56
        92 57
        97 58
        99 59
        78 60
        78 61
        107 62
    ]
]
