circuit_name:c1908new_processed
[
    node:
    [
        1 x0 0 PI
        2 x1 0 PI
        3 x2 0 PI
        4 x3 0 PI
        5 x4 0 PI
        6 x5 0 PI
        7 x6 0 PI
        8 x7 0 PI
        9 x8 0 PI
        10 x9 0 PI
        11 x10 0 PI
        12 x11 0 PI
        13 x12 0 PI
        14 x13 0 PI
        15 x14 0 PI
        16 x15 0 PI
        17 x16 0 PI
        18 x17 0 PI
        19 x18 0 PI
        20 x19 0 PI
        21 x20 0 PI
        22 x21 0 PI
        23 x22 0 PI
        24 x23 0 PI
        25 x24 0 PI
        26 x25 0 PI
        27 x26 0 PI
        28 x27 0 PI
        29 x28 0 PI
        30 x29 0 PI
        31 x30 0 PI
        32 x31 0 PI
        33 x32 0 PI
        34 y0 17 PO_0
        35 y1 17 PO_0
        36 y2 17 PO_0
        37 y3 18 PO_0
        38 y4 17 PO_0
        39 y5 18 PO_0
        40 y6 17 PO_0
        41 y7 17 PO_0
        42 y8 17 PO_0
        43 y9 18 PO_0
        44 y10 19 PO_0
        45 y11 18 PO_0
        46 y12 17 PO_0
        47 y13 17 PO_0
        48 y14 17 PO_0
        49 y15 18 PO_0
        50 y16 27 PO_1
        51 y17 28 PO_0
        52 y18 27 PO_0
        53 y19 27 PO_0
        54 y20 27 PO_0
        55 y21 27 PO_0
        56 y22 26 PO_1
        57 y23 26 PO_1
        58 y24 28 PO_0
        59 n100 3 XOR_0
        60 n101 4 XOR_0
        61 n102 5 XOR_0
        62 n103 6 XOR_0
        63 n104 7 AND_1
        64 n105 2 AND_1
        65 n106 3 MAJ_0
        66 n107 8 XOR_0
        67 n108 3 MAJ_1
        68 n109 4 AND_0
        69 n110 2 XOR_0
        70 n111 3 XOR_0
        71 n112 2 AND_1
        72 n113 3 XOR_0
        73 n114 4 XOR_0
        74 n115 5 XOR_0
        75 n116 6 XOR_0
        76 n117 7 XOR_0
        77 n118 8 AND_1
        78 n119 9 XOR_0
        79 n120 10 AND_0
        80 n121 10 MAJ_0
        81 n122 11 AND_1
        82 n123 14 AND_1
        83 n124 14 MAJ_0
        84 n125 15 AND_0
        85 n126 16 XOR_0
        86 n127 12 AND_1
        87 n128 12 OR_0
        88 n129 14 AND_1
        89 n130 14 MAJ_1
        90 n131 15 AND_0
        91 n132 16 XOR_0
        92 n133 12 AND_1
        93 n134 13 AND_0
        94 n135 14 MAJ_1
        95 n136 15 AND_1
        96 n137 16 XOR_0
        97 n138 13 AND_1
        98 n139 15 AND_1
        99 n140 15 MAJ_0
        100 n141 16 AND_0
        101 n142 17 XOR_0
        102 n143 3 AND_1
        103 n144 4 AND_0
        104 n145 5 OR_0
        105 n146 6 MAJ_1
        106 n147 13 AND_0
        107 n148 14 AND_0
        108 n149 14 AND_0
        109 n150 15 AND_0
        110 n151 16 XOR_0
        111 n152 14 AND_0
        112 n153 12 AND_0
        113 n154 15 MAJ_1
        114 n155 16 AND_0
        115 n156 17 XOR_0
        116 n157 14 AND_0
        117 n158 15 AND_0
        118 n159 16 XOR_0
        119 n160 3 AND_1
        120 n161 4 OR_0
        121 n162 10 MAJ_1
        122 n163 10 AND_1
        123 n164 11 AND_1
        124 n165 14 AND_0
        125 n166 14 MAJ_1
        126 n167 15 AND_0
        127 n168 16 XOR_0
        128 n169 14 MAJ_1
        129 n170 15 AND_0
        130 n171 16 XOR_0
        131 n172 15 AND_1
        132 n173 14 MAJ_0
        133 n174 16 AND_0
        134 n175 17 XOR_0
        135 n176 15 AND_1
        136 n177 16 AND_0
        137 n178 12 MAJ_1
        138 n179 17 AND_0
        139 n180 18 XOR_0
        140 n181 14 AND_0
        141 n182 15 MAJ_1
        142 n183 16 AND_0
        143 n184 17 XOR_0
        144 n185 3 OR_0
        145 n186 4 AND_1
        146 n187 10 MAJ_1
        147 n188 11 AND_1
        148 n189 12 AND_1
        149 n190 14 AND_0
        150 n191 14 MAJ_1
        151 n192 15 AND_0
        152 n193 16 XOR_0
        153 n194 14 AND_0
        154 n195 14 MAJ_1
        155 n196 15 AND_0
        156 n197 16 XOR_0
        157 n198 14 AND_0
        158 n199 14 MAJ_1
        159 n200 15 AND_1
        160 n201 16 XOR_0
        161 n202 15 AND_0
        162 n203 16 AND_0
        163 n204 17 XOR_0
        164 n205 13 OR_0
        165 n206 12 MAJ_1
        166 n207 14 OR_0
        167 n208 15 OR_0
        168 n209 11 MAJ_1
        169 n210 16 OR_0
        170 n211 17 MAJ_1
        171 n212 18 AND_1
        172 n213 11 OR_0
        173 n214 14 MAJ_1
        174 n215 15 AND_1
        175 n216 11 AND_1
        176 n217 12 AND_0
        177 n218 14 AND_1
        178 n219 14 MAJ_1
        179 n220 15 AND_1
        180 n221 11 OR_0
        181 n222 16 AND_1
        182 n223 14 OR_0
        183 n224 14 MAJ_0
        184 n225 15 AND_1
        185 n226 14 AND_1
        186 n227 14 MAJ_1
        187 n228 15 AND_1
        188 n229 15 OR_0
        189 n230 14 MAJ_0
        190 n231 16 AND_1
        191 n232 15 AND_1
        192 n233 15 AND_1
        193 n234 16 MAJ_1
        194 n235 17 AND_0
        195 n236 18 OR_0
        196 n237 17 MAJ_1
        197 n238 19 OR_0
        198 n239 17 OR_0
        199 n240 18 AND_1
        200 n241 20 MAJ_1
        201 n242 15 OR_0
        202 n243 16 MAJ_1
        203 n244 21 MAJ_1
        204 n245 17 OR_0
        205 n246 16 MAJ_1
        206 n247 18 OR_0
        207 n248 19 OR_0
        208 n249 17 MAJ_1
        209 n250 20 OR_0
        210 n251 21 OR_0
        211 n252 17 OR_0
        212 n253 17 MAJ_1
        213 n254 18 OR_0
        214 n255 19 OR_0
        215 n256 17 MAJ_1
        216 n257 20 OR_0
        217 n258 21 OR_0
        218 n259 22 OR_0
        219 n260 24 OR_0
        220 n261 25 AND_1
        221 n262 26 MAJ_1
        222 n263 3 AND_0
        223 n264 24 AND_0
        224 n265 3 AND_1
        225 n266 25 XOR_0
        226 n267 26 XOR_0
        227 n268 27 AND_1
        228 n269 3 AND_0
        229 n270 24 AND_0
        230 n271 25 XOR_0
        231 n272 26 AND_1
        232 n273 3 AND_0
        233 n274 24 AND_0
        234 n275 25 XOR_0
        235 n276 26 AND_1
        236 n277 3 AND_0
        237 n278 24 AND_0
        238 n279 25 XOR_0
        239 n280 26 AND_1
        240 n281 3 AND_0
        241 n282 24 AND_0
        242 n283 25 XOR_0
        243 n284 26 AND_1
        244 n285 3 AND_0
        245 n286 22 AND_1
        246 n287 23 XOR_0
        247 n288 24 MAJ_1
        248 n289 1 AND_1
        249 n290 3 MAJ_1
        250 n291 25 XOR_0
        251 n292 6 XOR_0
        252 n293 2 AND_0
        253 n294 22 AND_1
        254 n295 23 XOR_0
        255 n296 24 MAJ_1
        256 n297 1 AND_1
        257 n298 3 MAJ_1
        258 n299 25 XOR_0
        259 n300 23 AND_0
        260 n301 24 AND_0
        261 n302 25 XOR_0
        262 n303 26 XOR_0
        263 n304 27 AND_1
        264 n34 3 AND_1
        265 n35 4 AND_0
        266 n36 3 AND_1
        267 n37 2 MAJ_0
        268 n38 4 AND_1
        269 n39 2 AND_0
        270 n40 5 OR_0
        271 n41 6 MAJ_1
        272 n42 1 XOR_0
        273 n43 2 XOR_0
        274 n44 3 XOR_0
        275 n45 4 XOR_0
        276 n46 5 XOR_0
        277 n47 3 AND_1
        278 n48 4 AND_0
        279 n49 6 XOR_0
        280 n50 7 AND_1
        281 n51 8 XOR_0
        282 n52 1 XOR_0
        283 n53 2 XOR_0
        284 n54 1 AND_1
        285 n55 3 AND_1
        286 n56 4 XOR_0
        287 n57 3 XOR_0
        288 n58 5 XOR_0
        289 n59 6 XOR_0
        290 n60 7 XOR_0
        291 n61 8 XOR_0
        292 n62 9 AND_1
        293 n63 10 XOR_0
        294 n64 12 OR_0
        295 n65 3 XOR_0
        296 n66 4 XOR_0
        297 n67 5 XOR_0
        298 n68 1 AND_0
        299 n69 3 AND_1
        300 n70 4 XOR_0
        301 n71 6 XOR_0
        302 n72 3 XOR_0
        303 n73 4 MAJ_1
        304 n74 7 XOR_0
        305 n75 8 MAJ_1
        306 n76 2 AND_1
        307 n77 3 AND_1
        308 n78 4 XOR_0
        309 n79 1 XOR_0
        310 n80 2 XOR_0
        311 n81 3 XOR_0
        312 n82 4 XOR_0
        313 n83 5 XOR_0
        314 n84 6 XOR_0
        315 n85 7 XOR_0
        316 n86 8 XOR_0
        317 n87 9 XOR_0
        318 n88 10 AND_1
        319 n89 11 XOR_0
        320 n90 12 AND_1
        321 n91 3 MAJ_0
        322 n92 4 AND_0
        323 n93 3 AND_1
        324 n94 4 XOR_0
        325 n95 5 XOR_0
        326 n96 1 XOR_0
        327 n97 2 XOR_0
        328 n98 1 XOR_0
        329 n99 2 XOR_0
        330 v1 9 VIR
        331 v10 13 VIR
        332 v11 13 VIR
        333 v12 13 VIR
        334 v13 13 VIR
        335 v14 13 VIR
        336 v15 13 VIR
        337 v16 14 VIR
        338 v17 7 VIR
        339 v18 7 VIR
        340 v19 7 VIR
        341 v2 9 VIR
        342 v20 12 VIR
        343 v21 13 VIR
        344 v22 12 VIR
        345 v23 23 VIR
        346 v24 23 VIR
        347 v25 4 VIR
        348 v26 4 VIR
        349 v27 5 VIR
        350 v28 5 VIR
        351 v29 5 VIR
        352 v3 9 VIR
        353 v30 3 VIR
        354 v31 7 VIR
        355 v32 7 VIR
        356 v33 7 VIR
        357 v34 9 VIR
        358 v35 9 VIR
        359 v36 11 VIR
        360 v37 11 VIR
        361 v38 11 VIR
        362 v39 13 VIR
        363 v4 10 VIR
        364 v40 13 VIR
        365 v41 13 VIR
        366 v42 9 VIR
        367 v43 12 VIR
        368 v44 13 VIR
        369 v45 13 VIR
        370 v46 13 VIR
        371 v47 5 VIR
        372 v48 1 VIR
        373 v49 1 VIR
        374 v5 12 VIR
        375 v50 1 VIR
        376 v51 1 VIR
        377 v52 1 VIR
        378 v53 1 VIR
        379 v54 1 VIR
        380 v55 1 VIR
        381 v56 1 VIR
        382 v57 1 VIR
        383 v58 1 VIR
        384 v59 1 VIR
        385 v6 12 VIR
        386 v60 1 VIR
        387 v61 1 VIR
        388 v62 1 VIR
        389 v63 1 VIR
        390 v64 1 VIR
        391 v65 1 VIR
        392 v66 1 VIR
        393 v67 1 VIR
        394 v68 1 VIR
        395 v69 1 VIR
        396 v7 12 VIR
        397 v70 1 VIR
        398 v71 14 VIR
        399 v72 14 VIR
        400 v73 14 VIR
        401 v74 14 VIR
        402 v75 2 VIR
        403 v76 2 VIR
        404 v77 2 VIR
        405 v78 2 VIR
        406 v79 2 VIR
        407 v8 13 VIR
        408 v80 2 VIR
        409 v81 2 VIR
        410 v82 2 VIR
        411 v83 2 VIR
        412 v84 2 VIR
        413 v85 2 VIR
        414 v86 2 VIR
        415 v9 13 VIR
    ]
    edge:
    [
        21 248
        29 248
        22 256
        30 256
        12 272
        10 272
        14 282
        9 282
        18 284
        24 284
        20 298
        23 298
        15 309
        10 309
        6 326
        5 326
        2 328
        1 328
        11 372
        12 373
        13 375
        15 376
        18 377
        19 378
        20 379
        23 380
        23 381
        24 382
        24 383
        4 384
        31 386
        31 387
        31 388
        33 389
        33 390
        33 391
        5 392
        6 393
        7 394
        8 395
        10 397
        382 64
        386 64
        373 69
        372 69
        22 71
        389 71
        30 252
        391 252
        381 267
        383 267
        390 267
        381 269
        383 269
        272 273
        15 273
        282 283
        16 283
        17 306
        382 306
        309 310
        16 310
        326 327
        7 327
        328 329
        3 329
        386 402
        386 403
        387 404
        387 405
        388 406
        388 408
        389 409
        389 410
        390 411
        390 412
        391 413
        391 414
        329 59
        327 59
        17 65
        402 65
        64 65
        20 67
        380 67
        403 67
        69 70
        13 70
        71 72
        4 72
        30 102
        404 102
        381 119
        405 119
        383 144
        405 144
        17 222
        406 222
        32 224
        413 224
        25 228
        406 228
        27 232
        408 232
        28 236
        408 236
        378 240
        408 240
        29 244
        412 244
        21 249
        413 249
        248 249
        22 257
        414 257
        256 257
        29 264
        404 264
        32 266
        410 266
        273 274
        8 274
        380 277
        409 277
        409 285
        284 285
        283 287
        11 287
        283 295
        397 295
        410 299
        298 299
        402 302
        19 302
        410 307
        306 307
        310 311
        13 311
        18 321
        382 321
        403 321
        21 323
        409 323
        269 353
        59 60
        4 60
        379 68
        67 68
        72 73
        14 73
        411 103
        102 103
        379 120
        119 120
        377 145
        144 145
        411 265
        264 265
        266 268
        267 268
        274 275
        3 275
        19 278
        277 278
        285 286
        376 286
        295 296
        384 296
        299 300
        375 300
        380 303
        387 303
        302 303
        307 308
        1 308
        311 312
        11 312
        377 322
        321 322
        323 324
        310 324
        224 347
        224 348
        60 61
        395 61
        73 74
        329 74
        269 104
        103 104
        265 270
        269 270
        275 276
        6 276
        287 288
        286 288
        296 297
        394 297
        312 313
        12 313
        324 325
        9 325
        268 349
        268 350
        268 351
        322 371
        61 62
        325 62
        74 75
        310 75
        349 105
        353 105
        104 105
        313 251
        282 251
        349 271
        353 271
        270 271
        278 279
        276 279
        288 289
        8 289
        300 301
        297 301
        313 314
        7 314
        402 63
        62 63
        75 76
        70 76
        404 280
        279 280
        289 290
        2 290
        303 304
        301 304
        314 315
        5 315
        105 338
        105 339
        105 340
        271 354
        271 355
        271 356
        65 66
        63 66
        403 77
        76 77
        280 281
        28 281
        290 291
        392 291
        378 305
        302 305
        304 305
        315 316
        393 316
        77 78
        25 78
        405 292
        291 292
        316 317
        308 317
        66 330
        66 341
        66 352
        281 357
        281 358
        305 366
        330 79
        78 79
        322 80
        330 80
        68 80
        78 121
        119 121
        120 121
        322 122
        330 122
        341 146
        144 146
        145 146
        292 293
        27 293
        388 318
        317 318
        78 363
        79 81
        80 81
        121 123
        122 123
        68 147
        363 147
        371 168
        352 168
        363 168
        341 172
        121 172
        379 175
        363 175
        121 180
        146 180
        318 319
        26 319
        293 359
        293 360
        293 361
        357 86
        359 86
        305 87
        319 87
        357 92
        359 92
        360 112
        339 112
        356 137
        358 137
        360 137
        146 148
        147 148
        358 165
        361 165
        366 165
        67 176
        175 176
        281 294
        359 294
        305 320
        319 320
        123 342
        180 344
        319 367
        81 374
        81 385
        81 396
        385 93
        92 93
        366 97
        367 97
        366 106
        367 106
        361 164
        367 164
        86 331
        87 332
        87 333
        87 334
        92 335
        92 336
        148 343
        294 362
        294 364
        294 365
        320 368
        320 369
        320 370
        86 407
        86 415
        362 82
        374 82
        354 83
        362 83
        368 83
        374 88
        332 88
        354 89
        374 89
        407 89
        354 94
        385 94
        332 94
        396 107
        106 107
        335 108
        338 108
        369 111
        396 111
        415 116
        340 116
        369 124
        123 124
        355 125
        369 125
        415 125
        355 128
        370 128
        336 128
        356 132
        364 132
        106 132
        97 140
        123 140
        407 149
        148 149
        368 150
        415 150
        338 150
        335 153
        148 153
        368 154
        335 154
        339 154
        339 157
        343 157
        364 158
        340 158
        106 158
        164 166
        165 166
        371 173
        341 173
        334 173
        334 177
        176 177
        365 178
        334 178
        146 178
        333 182
        180 182
        350 183
        333 183
        336 183
        331 185
        180 185
        349 186
        331 186
        333 186
        350 189
        365 189
        370 189
        97 337
        332 398
        362 399
        364 400
        365 401
        82 84
        83 84
        88 90
        89 90
        93 95
        94 95
        399 98
        97 98
        355 99
        399 99
        385 99
        107 109
        108 109
        357 113
        360 113
        111 113
        107 117
        116 117
        124 126
        125 126
        124 129
        128 129
        399 131
        342 131
        398 135
        342 135
        407 141
        337 141
        338 141
        149 151
        150 151
        153 155
        154 155
        157 159
        158 159
        337 161
        343 161
        352 167
        166 167
        172 174
        173 174
        177 179
        178 179
        182 184
        183 184
        185 187
        186 187
        400 188
        344 188
        398 191
        343 191
        350 192
        400 192
        351 201
        401 201
        84 85
        1 85
        90 91
        2 91
        95 96
        3 96
        98 100
        99 100
        109 110
        397 110
        112 114
        113 114
        117 118
        16 118
        126 127
        392 127
        129 130
        393 130
        131 133
        132 133
        358 136
        135 136
        140 142
        141 142
        151 152
        372 152
        155 156
        373 156
        159 160
        375 160
        141 162
        161 162
        167 169
        168 169
        98 181
        344 181
        188 190
        189 190
        400 193
        135 193
        191 193
        401 202
        174 202
        201 202
        84 205
        90 205
        95 205
        100 101
        384 101
        114 115
        376 115
        133 134
        394 134
        136 138
        137 138
        142 143
        9 143
        162 163
        14 163
        412 170
        68 170
        169 170
        192 194
        193 194
        184 196
        187 196
        190 196
        179 198
        181 198
        90 204
        100 204
        126 208
        129 208
        133 208
        142 211
        155 211
        109 212
        142 212
        151 212
        114 215
        159 215
        162 215
        138 139
        395 139
        413 171
        170 171
        187 195
        194 195
        351 199
        198 199
        204 206
        205 206
        211 213
        212 213
        195 197
        196 197
        129 207
        206 207
        159 214
        213 214
        197 200
        198 200
        199 200
        207 209
        208 209
        214 216
        215 216
        200 203
        201 203
        202 203
        138 210
        209 210
        117 217
        216 217
        210 218
        217 218
        411 245
        210 245
        412 253
        217 253
        245 246
        61 246
        253 254
        251 254
        406 259
        218 259
        218 345
        218 346
        203 219
        345 219
        345 223
        222 223
        345 229
        228 229
        346 233
        232 233
        346 237
        236 237
        346 241
        240 241
        414 247
        244 247
        246 247
        414 255
        252 255
        254 255
        26 260
        259 260
        32 220
        219 220
        223 225
        61 225
        229 230
        76 230
        233 234
        291 234
        237 238
        279 238
        241 242
        301 242
        249 250
        247 250
        257 258
        255 258
        260 261
        316 261
        171 221
        219 221
        220 221
        225 226
        325 226
        347 231
        230 231
        347 235
        234 235
        347 239
        238 239
        348 243
        242 243
        261 262
        308 262
        224 227
        226 227
        348 263
        262 263
        85 34
        91 35
        96 36
        101 37
        110 38
        115 39
        118 40
        127 41
        130 42
        134 43
        139 44
        143 45
        152 46
        156 47
        160 48
        163 49
        221 50
        227 51
        231 52
        235 53
        239 54
        243 55
        250 56
        258 57
        263 58
    ]
]
