circuit_name:c432new_processed
[
    node:
    [
        1 x0 0 PI
        2 x1 0 PI
        3 x2 0 PI
        4 x3 0 PI
        5 x4 0 PI
        6 x5 0 PI
        7 x6 0 PI
        8 x7 0 PI
        9 x8 0 PI
        10 x9 0 PI
        11 x10 0 PI
        12 x11 0 PI
        13 x12 0 PI
        14 x13 0 PI
        15 x14 0 PI
        16 x15 0 PI
        17 x16 0 PI
        18 x17 0 PI
        19 x18 0 PI
        20 x19 0 PI
        21 x20 0 PI
        22 x21 0 PI
        23 x22 0 PI
        24 x23 0 PI
        25 x24 0 PI
        26 x25 0 PI
        27 x26 0 PI
        28 x27 0 PI
        29 x28 0 PI
        30 x29 0 PI
        31 x30 0 PI
        32 x31 0 PI
        33 x32 0 PI
        34 x33 0 PI
        35 x34 0 PI
        36 x35 0 PI
        37 y0 13 PO_0
        38 y1 23 PO_0
        39 y2 41 PO_0
        40 y3 49 PO_0
        41 y4 46 PO_0
        42 y5 49 PO_0
        43 y6 49 PO_0
        44 n100 15 AND_1
        45 n101 13 MAJ_0
        46 n102 14 AND_1
        47 n103 14 MAJ_0
        48 n104 15 AND_1
        49 n105 22 XOR_0
        50 n106 23 AND_1
        51 n107 14 MAJ_0
        52 n108 15 AND_1
        53 n109 23 XOR_0
        54 n110 24 OR_0
        55 n111 25 MAJ_1
        56 n112 23 XOR_0
        57 n113 26 OR_0
        58 n114 27 MAJ_1
        59 n115 23 XOR_0
        60 n116 28 OR_0
        61 n117 29 MAJ_1
        62 n118 23 XOR_0
        63 n119 30 OR_0
        64 n120 31 MAJ_1
        65 n121 23 XOR_0
        66 n122 32 OR_0
        67 n123 33 MAJ_1
        68 n124 23 XOR_0
        69 n125 34 OR_0
        70 n126 35 MAJ_1
        71 n127 22 XOR_0
        72 n128 36 OR_0
        73 n129 37 MAJ_1
        74 n130 23 XOR_0
        75 n131 38 OR_0
        76 n132 39 MAJ_1
        77 n133 13 MAJ_1
        78 n134 14 AND_1
        79 n135 23 MAJ_1
        80 n136 24 AND_1
        81 n137 23 AND_0
        82 n138 13 AND_1
        83 n139 24 MAJ_1
        84 n140 25 AND_1
        85 n141 41 MAJ_1
        86 n142 42 AND_1
        87 n143 23 AND_0
        88 n144 13 AND_1
        89 n145 24 MAJ_1
        90 n146 25 AND_1
        91 n147 41 MAJ_1
        92 n148 42 AND_1
        93 n149 23 AND_0
        94 n150 13 AND_1
        95 n151 24 MAJ_1
        96 n152 25 AND_1
        97 n153 41 MAJ_1
        98 n154 42 AND_1
        99 n155 23 AND_0
        100 n156 13 AND_1
        101 n157 24 MAJ_1
        102 n158 25 AND_1
        103 n159 42 MAJ_1
        104 n160 43 AND_1
        105 n161 23 AND_0
        106 n162 13 AND_1
        107 n163 24 MAJ_1
        108 n164 25 AND_1
        109 n165 42 MAJ_1
        110 n166 43 AND_1
        111 n167 22 AND_0
        112 n168 12 AND_1
        113 n169 23 MAJ_1
        114 n170 24 AND_1
        115 n171 41 MAJ_1
        116 n172 42 AND_1
        117 n173 23 AND_0
        118 n174 13 AND_1
        119 n175 24 MAJ_1
        120 n176 25 AND_1
        121 n177 41 MAJ_1
        122 n178 42 AND_1
        123 n179 23 AND_0
        124 n180 13 AND_1
        125 n181 24 MAJ_1
        126 n182 25 AND_1
        127 n183 41 MAJ_1
        128 n184 42 AND_1
        129 n185 43 OR_0
        130 n186 44 OR_0
        131 n187 44 MAJ_1
        132 n188 45 OR_0
        133 n189 46 OR_0
        134 n190 43 MAJ_1
        135 n191 47 OR_0
        136 n192 41 AND_0
        137 n193 42 OR_0
        138 n194 48 MAJ_1
        139 n195 44 AND_1
        140 n196 45 OR_0
        141 n197 45 AND_1
        142 n198 46 AND_1
        143 n199 43 OR_0
        144 n200 45 AND_1
        145 n201 46 AND_1
        146 n202 47 OR_0
        147 n203 48 OR_0
        148 n204 43 AND_1
        149 n205 44 AND_1
        150 n206 45 OR_0
        151 n207 47 MAJ_1
        152 n208 48 OR_0
        153 n37 1 AND_1
        154 n38 1 AND_1
        155 n39 1 AND_1
        156 n40 1 AND_1
        157 n41 1 AND_0
        158 n42 2 MAJ_1
        159 n43 3 MAJ_1
        160 n44 4 OR_0
        161 n45 5 OR_0
        162 n46 5 MAJ_1
        163 n47 6 OR_0
        164 n48 7 OR_0
        165 n49 7 MAJ_1
        166 n50 8 OR_0
        167 n51 9 OR_0
        168 n52 9 MAJ_1
        169 n53 10 OR_0
        170 n54 12 XOR_0
        171 n55 13 MAJ_0
        172 n56 14 AND_1
        173 n57 13 XOR_0
        174 n58 14 MAJ_0
        175 n59 15 AND_1
        176 n60 13 XOR_0
        177 n61 14 MAJ_0
        178 n62 15 AND_1
        179 n63 13 XOR_0
        180 n64 14 MAJ_0
        181 n65 15 AND_1
        182 n66 13 XOR_0
        183 n67 14 MAJ_0
        184 n68 15 AND_1
        185 n69 13 XOR_0
        186 n70 14 MAJ_0
        187 n71 15 AND_1
        188 n72 12 XOR_0
        189 n73 13 MAJ_0
        190 n74 14 AND_1
        191 n75 13 XOR_0
        192 n76 14 MAJ_0
        193 n77 15 AND_1
        194 n78 13 XOR_0
        195 n79 14 MAJ_0
        196 n80 15 AND_1
        197 n81 16 OR_0
        198 n82 16 MAJ_1
        199 n83 17 OR_0
        200 n84 18 OR_0
        201 n85 16 MAJ_1
        202 n86 19 OR_0
        203 n87 16 OR_0
        204 n88 20 OR_0
        205 n89 13 MAJ_0
        206 n90 14 AND_1
        207 n91 14 MAJ_0
        208 n92 15 AND_1
        209 n93 14 MAJ_0
        210 n94 15 AND_1
        211 n95 14 MAJ_0
        212 n96 15 AND_1
        213 n97 14 MAJ_0
        214 n98 15 AND_1
        215 n99 14 MAJ_0
        216 v1 40 VIR
        217 v10 21 VIR
        218 v11 21 VIR
        219 v12 1 VIR
        220 v13 1 VIR
        221 v14 1 VIR
        222 v15 1 VIR
        223 v16 1 VIR
        224 v17 1 VIR
        225 v18 1 VIR
        226 v19 1 VIR
        227 v2 40 VIR
        228 v20 1 VIR
        229 v21 1 VIR
        230 v22 1 VIR
        231 v23 1 VIR
        232 v24 1 VIR
        233 v25 1 VIR
        234 v26 1 VIR
        235 v27 1 VIR
        236 v28 1 VIR
        237 v29 1 VIR
        238 v3 40 VIR
        239 v30 41 VIR
        240 v31 22 VIR
        241 v32 22 VIR
        242 v33 22 VIR
        243 v34 22 VIR
        244 v35 12 VIR
        245 v36 12 VIR
        246 v37 12 VIR
        247 v38 12 VIR
        248 v39 12 VIR
        249 v4 44 VIR
        250 v40 12 VIR
        251 v41 22 VIR
        252 v42 22 VIR
        253 v5 43 VIR
        254 v6 11 VIR
        255 v7 11 VIR
        256 v8 11 VIR
        257 v9 21 VIR
    ]
    edge:
    [
        32 153
        34 153
        24 154
        26 154
        16 155
        18 155
        1 156
        2 156
        4 157
        6 157
        2 219
        12 220
        14 221
        16 222
        18 223
        20 224
        22 225
        24 226
        26 228
        28 229
        30 230
        4 231
        32 232
        34 233
        6 234
        6 235
        8 236
        10 237
        234 158
        156 158
        157 158
        8 159
        10 159
        158 159
        158 160
        159 160
        155 161
        160 161
        12 162
        14 162
        160 162
        161 163
        162 163
        154 164
        163 164
        20 165
        22 165
        163 165
        164 166
        165 166
        153 167
        166 167
        28 168
        30 168
        166 168
        167 169
        168 169
        169 254
        169 255
        169 256
        220 112
        256 112
        255 170
        32 170
        254 188
        8 188
        254 244
        254 245
        255 246
        255 247
        256 248
        256 250
        237 45
        13 45
        188 45
        1 77
        219 77
        250 77
        232 82
        248 82
        229 88
        248 88
        226 94
        248 94
        224 100
        247 100
        222 106
        247 106
        231 118
        246 118
        236 124
        246 124
        34 171
        35 171
        170 171
        246 173
        28 173
        245 176
        24 176
        245 179
        20 179
        245 182
        16 182
        244 185
        12 185
        10 189
        11 189
        188 189
        244 191
        1 191
        244 194
        4 194
        233 205
        36 205
        170 205
        13 46
        45 46
        219 47
        5 47
        191 47
        234 51
        9 51
        194 51
        219 78
        77 78
        35 172
        171 172
        30 174
        31 174
        173 174
        26 177
        27 177
        176 177
        22 180
        23 180
        179 180
        18 183
        19 183
        182 183
        14 186
        15 186
        185 186
        11 190
        189 190
        2 192
        3 192
        191 192
        234 195
        7 195
        194 195
        36 206
        205 206
        230 207
        33 207
        173 207
        228 209
        29 209
        176 209
        225 211
        25 211
        179 211
        223 213
        21 213
        182 213
        221 215
        17 215
        185 215
        17 44
        215 44
        5 48
        47 48
        9 52
        51 52
        31 175
        174 175
        27 178
        177 178
        23 181
        180 181
        19 184
        183 184
        15 187
        186 187
        3 193
        192 193
        7 196
        195 196
        33 208
        207 208
        29 210
        209 210
        25 212
        211 212
        21 214
        213 214
        190 197
        196 197
        187 198
        190 198
        193 198
        178 201
        181 201
        184 201
        172 203
        175 203
        197 199
        198 199
        181 200
        199 200
        200 202
        201 202
        202 204
        203 204
        204 217
        204 218
        204 257
        257 49
        193 49
        217 71
        175 71
        15 111
        218 111
        217 240
        217 241
        218 242
        218 243
        257 251
        257 252
        48 50
        49 50
        251 53
        196 53
        251 56
        190 56
        251 59
        187 59
        252 62
        184 62
        252 65
        181 65
        252 68
        178 68
        240 74
        172 74
        3 79
        243 79
        78 79
        35 81
        242 81
        31 87
        242 87
        27 93
        242 93
        23 99
        241 99
        19 105
        241 105
        220 113
        111 113
        112 113
        7 117
        240 117
        11 123
        240 123
        50 54
        52 54
        78 80
        79 80
        232 83
        81 83
        82 83
        229 89
        87 89
        88 89
        226 95
        93 95
        94 95
        224 101
        99 101
        100 101
        222 107
        105 107
        106 107
        221 114
        113 114
        231 119
        117 119
        118 119
        236 125
        123 125
        124 125
        50 55
        53 55
        54 55
        233 84
        83 84
        230 90
        89 90
        228 96
        95 96
        225 102
        101 102
        223 108
        107 108
        235 120
        119 120
        237 126
        125 126
        46 57
        55 57
        55 58
        56 58
        57 58
        44 60
        58 60
        58 61
        59 61
        60 61
        214 63
        61 63
        61 64
        62 64
        63 64
        212 66
        64 66
        64 67
        65 67
        66 67
        210 69
        67 69
        67 70
        68 70
        69 70
        208 72
        70 72
        70 73
        71 73
        72 73
        206 75
        73 75
        73 76
        74 76
        75 76
        76 216
        76 227
        76 238
        233 85
        36 85
        238 85
        230 91
        33 91
        227 91
        228 97
        29 97
        227 97
        221 115
        17 115
        227 115
        235 121
        9 121
        216 121
        237 127
        13 127
        216 127
        5 136
        238 136
        216 239
        84 86
        85 86
        90 92
        91 92
        96 98
        97 98
        225 103
        25 103
        239 103
        223 109
        21 109
        239 109
        114 116
        115 116
        120 122
        121 122
        126 128
        127 128
        80 137
        136 137
        102 104
        103 104
        108 110
        109 110
        122 129
        128 129
        86 134
        92 134
        98 134
        116 143
        128 143
        92 148
        98 148
        116 253
        110 130
        129 130
        104 131
        110 131
        116 131
        253 139
        128 139
        143 149
        148 149
        110 249
        130 132
        131 132
        130 140
        139 140
        98 141
        249 141
        104 144
        249 144
        139 150
        149 150
        92 133
        132 133
        253 142
        141 142
        143 145
        144 145
        133 135
        134 135
        129 146
        142 146
        122 151
        139 151
        145 151
        135 138
        136 138
        137 138
        145 147
        146 147
        150 152
        151 152
        250 37
        243 38
        238 39
        138 40
        140 41
        147 42
        152 43
    ]
]
