circuit_name:c499new_processed
[
    node:
    [
        1 x0 0 PI
        2 x1 0 PI
        3 x2 0 PI
        4 x3 0 PI
        5 x4 0 PI
        6 x5 0 PI
        7 x6 0 PI
        8 x7 0 PI
        9 x8 0 PI
        10 x9 0 PI
        11 x10 0 PI
        12 x11 0 PI
        13 x12 0 PI
        14 x13 0 PI
        15 x14 0 PI
        16 x15 0 PI
        17 x16 0 PI
        18 x17 0 PI
        19 x18 0 PI
        20 x19 0 PI
        21 x20 0 PI
        22 x21 0 PI
        23 x22 0 PI
        24 x23 0 PI
        25 x24 0 PI
        26 x25 0 PI
        27 x26 0 PI
        28 x27 0 PI
        29 x28 0 PI
        30 x29 0 PI
        31 x30 0 PI
        32 x31 0 PI
        33 x32 0 PI
        34 x33 0 PI
        35 x34 0 PI
        36 x35 0 PI
        37 x36 0 PI
        38 x37 0 PI
        39 x38 0 PI
        40 x39 0 PI
        41 x40 0 PI
        42 y0 16 PO_0
        43 y1 16 PO_0
        44 y2 17 PO_0
        45 y3 17 PO_0
        46 y4 16 PO_0
        47 y5 16 PO_0
        48 y6 17 PO_0
        49 y7 17 PO_0
        50 y8 16 PO_0
        51 y9 16 PO_0
        52 y10 17 PO_0
        53 y11 17 PO_0
        54 y12 16 PO_0
        55 y13 16 PO_0
        56 y14 17 PO_0
        57 y15 17 PO_0
        58 y16 16 PO_0
        59 y17 16 PO_0
        60 y18 17 PO_0
        61 y19 17 PO_0
        62 y20 16 PO_0
        63 y21 16 PO_0
        64 y22 17 PO_0
        65 y23 17 PO_0
        66 y24 16 PO_0
        67 y25 16 PO_0
        68 y26 17 PO_0
        69 y27 17 PO_0
        70 y28 16 PO_0
        71 y29 16 PO_0
        72 y30 17 PO_0
        73 y31 17 PO_0
        74 n100 1 XOR_0
        75 n101 2 XOR_0
        76 n102 3 XOR_0
        77 n103 1 XOR_0
        78 n104 2 XOR_0
        79 n105 3 XOR_0
        80 n106 1 XOR_0
        81 n107 2 XOR_0
        82 n108 3 XOR_0
        83 n109 2 AND_0
        84 n110 4 XOR_0
        85 n111 5 XOR_0
        86 n112 6 XOR_0
        87 n113 1 XOR_0
        88 n114 2 XOR_0
        89 n115 3 XOR_0
        90 n116 2 AND_0
        91 n117 4 XOR_0
        92 n118 5 XOR_0
        93 n119 6 XOR_0
        94 n120 1 XOR_0
        95 n121 2 XOR_0
        96 n122 3 XOR_0
        97 n123 2 AND_0
        98 n124 4 XOR_0
        99 n125 5 XOR_0
        100 n126 6 XOR_0
        101 n127 8 AND_1
        102 n128 9 AND_1
        103 n129 12 MAJ_0
        104 n130 13 AND_0
        105 n131 14 AND_0
        106 n132 15 XOR_0
        107 n133 14 AND_0
        108 n134 15 XOR_0
        109 n135 15 AND_0
        110 n136 16 XOR_0
        111 n137 15 AND_0
        112 n138 16 XOR_0
        113 n139 9 AND_0
        114 n140 12 MAJ_1
        115 n141 13 AND_1
        116 n142 14 AND_0
        117 n143 15 XOR_0
        118 n144 14 AND_0
        119 n145 15 XOR_0
        120 n146 15 AND_0
        121 n147 16 XOR_0
        122 n148 15 AND_0
        123 n149 16 XOR_0
        124 n150 8 AND_1
        125 n151 9 AND_1
        126 n152 13 AND_0
        127 n153 14 AND_0
        128 n154 15 XOR_0
        129 n155 14 AND_0
        130 n156 15 XOR_0
        131 n157 15 AND_0
        132 n158 16 XOR_0
        133 n159 15 AND_0
        134 n160 16 XOR_0
        135 n161 9 AND_0
        136 n162 13 AND_1
        137 n163 14 AND_0
        138 n164 15 XOR_0
        139 n165 14 AND_0
        140 n166 15 XOR_0
        141 n167 15 AND_0
        142 n168 16 XOR_0
        143 n169 15 AND_0
        144 n170 16 XOR_0
        145 n171 8 AND_1
        146 n172 8 MAJ_0
        147 n173 8 XOR_0
        148 n174 9 MAJ_1
        149 n175 10 XOR_0
        150 n176 11 AND_1
        151 n177 12 AND_0
        152 n178 9 MAJ_1
        153 n179 13 AND_1
        154 n180 14 AND_0
        155 n181 15 XOR_0
        156 n182 14 AND_0
        157 n183 15 XOR_0
        158 n184 15 AND_0
        159 n185 16 XOR_0
        160 n186 15 AND_0
        161 n187 16 XOR_0
        162 n188 12 AND_1
        163 n189 9 MAJ_0
        164 n190 13 AND_0
        165 n191 14 AND_0
        166 n192 15 XOR_0
        167 n193 14 AND_0
        168 n194 15 XOR_0
        169 n195 15 AND_0
        170 n196 16 XOR_0
        171 n197 15 AND_0
        172 n198 16 XOR_0
        173 n199 8 AND_1
        174 n200 9 MAJ_1
        175 n201 13 AND_1
        176 n202 14 AND_0
        177 n203 15 XOR_0
        178 n204 14 AND_0
        179 n205 15 XOR_0
        180 n206 15 AND_0
        181 n207 16 XOR_0
        182 n208 15 AND_0
        183 n209 16 XOR_0
        184 n210 9 MAJ_0
        185 n211 13 AND_0
        186 n212 14 AND_0
        187 n213 15 XOR_0
        188 n214 14 AND_0
        189 n215 15 XOR_0
        190 n216 15 AND_0
        191 n217 16 XOR_0
        192 n218 15 AND_0
        193 n219 16 XOR_0
        194 n42 1 XOR_0
        195 n43 2 XOR_0
        196 n44 3 XOR_0
        197 n45 1 XOR_0
        198 n46 2 XOR_0
        199 n47 3 XOR_0
        200 n48 1 XOR_0
        201 n49 2 XOR_0
        202 n50 3 XOR_0
        203 n51 2 AND_0
        204 n52 4 XOR_0
        205 n53 5 XOR_0
        206 n54 6 XOR_0
        207 n55 1 XOR_0
        208 n56 2 XOR_0
        209 n57 3 XOR_0
        210 n58 1 XOR_0
        211 n59 2 XOR_0
        212 n60 3 XOR_0
        213 n61 2 AND_0
        214 n62 4 XOR_0
        215 n63 5 XOR_0
        216 n64 6 XOR_0
        217 n65 1 XOR_0
        218 n66 2 XOR_0
        219 n67 3 XOR_0
        220 n68 1 XOR_0
        221 n69 2 XOR_0
        222 n70 3 XOR_0
        223 n71 2 AND_0
        224 n72 4 XOR_0
        225 n73 5 XOR_0
        226 n74 6 XOR_0
        227 n75 1 XOR_0
        228 n76 2 XOR_0
        229 n77 3 XOR_0
        230 n78 2 AND_0
        231 n79 4 XOR_0
        232 n80 5 XOR_0
        233 n81 6 XOR_0
        234 n82 8 MAJ_0
        235 n83 8 XOR_0
        236 n84 9 MAJ_1
        237 n85 10 XOR_0
        238 n86 11 AND_1
        239 n87 1 XOR_0
        240 n88 2 XOR_0
        241 n89 3 XOR_0
        242 n90 1 XOR_0
        243 n91 2 XOR_0
        244 n92 3 XOR_0
        245 n93 1 XOR_0
        246 n94 2 XOR_0
        247 n95 3 XOR_0
        248 n96 2 AND_0
        249 n97 4 XOR_0
        250 n98 5 XOR_0
        251 n99 6 XOR_0
        252 v1 7 VIR
        253 v10 14 VIR
        254 v11 14 VIR
        255 v12 14 VIR
        256 v13 14 VIR
        257 v14 14 VIR
        258 v15 14 VIR
        259 v16 14 VIR
        260 v17 7 VIR
        261 v18 7 VIR
        262 v19 7 VIR
        263 v2 7 VIR
        264 v20 7 VIR
        265 v21 7 VIR
        266 v22 7 VIR
        267 v23 7 VIR
        268 v24 7 VIR
        269 v25 7 VIR
        270 v26 7 VIR
        271 v27 7 VIR
        272 v28 7 VIR
        273 v29 7 VIR
        274 v3 7 VIR
        275 v30 7 VIR
        276 v31 7 VIR
        277 v32 1 VIR
        278 v33 1 VIR
        279 v34 1 VIR
        280 v35 8 VIR
        281 v36 8 VIR
        282 v37 8 VIR
        283 v38 8 VIR
        284 v39 8 VIR
        285 v4 7 VIR
        286 v40 8 VIR
        287 v5 7 VIR
        288 v6 7 VIR
        289 v7 7 VIR
        290 v8 7 VIR
        291 v9 14 VIR
    ]
    edge:
    [
        31 74
        27 74
        4 77
        3 77
        12 80
        11 80
        29 87
        25 87
        30 94
        26 94
        13 194
        9 194
        20 197
        19 197
        24 200
        23 200
        16 207
        12 207
        32 210
        31 210
        15 217
        11 217
        28 220
        27 220
        14 227
        10 227
        32 239
        28 239
        8 242
        7 242
        16 245
        15 245
        41 277
        41 278
        41 279
        74 75
        19 75
        77 78
        1 78
        80 81
        9 81
        39 83
        278 83
        87 88
        17 88
        37 90
        279 90
        94 95
        18 95
        38 97
        277 97
        194 195
        1 195
        197 198
        17 198
        200 201
        21 201
        33 203
        277 203
        207 208
        4 208
        210 211
        29 211
        36 213
        278 213
        217 218
        3 218
        220 221
        25 221
        35 223
        279 223
        227 228
        2 228
        34 230
        278 230
        239 240
        20 240
        242 243
        5 243
        245 246
        13 246
        40 248
        277 248
        75 76
        23 76
        78 79
        2 79
        81 82
        10 82
        88 89
        21 89
        95 96
        22 96
        195 196
        5 196
        198 199
        18 199
        201 202
        22 202
        208 209
        8 209
        211 212
        30 212
        218 219
        7 219
        221 222
        26 222
        228 229
        6 229
        240 241
        24 241
        243 244
        6 244
        246 247
        14 247
        83 84
        79 84
        90 91
        244 91
        97 98
        247 98
        203 204
        199 204
        213 214
        202 214
        223 224
        199 224
        230 231
        212 231
        248 249
        244 249
        84 85
        82 85
        91 92
        79 92
        98 99
        82 99
        204 205
        202 205
        214 215
        212 215
        224 225
        222 225
        231 232
        222 232
        249 250
        247 250
        85 86
        76 86
        92 93
        89 93
        99 100
        96 100
        205 206
        196 206
        215 216
        209 216
        225 226
        219 226
        232 233
        229 233
        250 251
        241 251
        86 252
        206 260
        206 261
        206 262
        86 263
        216 264
        216 265
        216 266
        226 267
        226 268
        226 269
        233 270
        233 271
        233 272
        251 273
        86 274
        251 275
        251 276
        93 285
        93 287
        100 288
        100 289
        100 290
        285 101
        288 101
        285 124
        289 124
        260 145
        270 145
        273 146
        252 146
        288 146
        252 147
        273 147
        261 173
        271 173
        260 234
        264 234
        270 234
        264 235
        260 235
        264 280
        267 281
        268 282
        273 283
        275 284
        276 286
        283 102
        101 102
        275 113
        101 113
        284 125
        124 125
        284 135
        124 135
        288 148
        146 148
        147 148
        280 152
        281 152
        145 152
        280 163
        268 163
        145 163
        265 174
        268 174
        173 174
        265 184
        282 184
        173 184
        270 236
        234 236
        235 236
        148 149
        93 149
        236 237
        267 237
        146 150
        149 150
        234 238
        237 238
        238 103
        283 103
        252 103
        238 114
        275 114
        263 114
        267 151
        150 151
        281 162
        150 162
        102 104
        103 104
        113 115
        114 115
        103 126
        125 126
        114 136
        135 136
        151 153
        152 153
        162 164
        163 164
        151 175
        174 175
        162 185
        184 185
        261 105
        104 105
        271 107
        104 107
        261 116
        115 116
        271 118
        115 118
        262 127
        126 127
        272 129
        126 129
        262 137
        136 137
        272 139
        136 139
        285 154
        153 154
        289 156
        153 156
        287 165
        164 165
        289 167
        164 167
        287 176
        175 176
        290 178
        175 178
        287 186
        185 186
        290 188
        185 188
        115 253
        126 254
        136 255
        153 256
        164 257
        175 258
        185 259
        104 291
        105 106
        1 106
        107 108
        2 108
        282 109
        291 109
        265 111
        291 111
        116 117
        5 117
        118 119
        6 119
        269 120
        253 120
        266 122
        253 122
        127 128
        9 128
        129 130
        10 130
        269 131
        254 131
        266 133
        254 133
        137 138
        13 138
        139 140
        14 140
        269 141
        255 141
        266 143
        255 143
        154 155
        17 155
        156 157
        18 157
        263 158
        256 158
        276 160
        256 160
        165 166
        21 166
        167 168
        22 168
        263 169
        257 169
        276 171
        257 171
        176 177
        25 177
        178 179
        26 179
        274 180
        258 180
        286 182
        258 182
        186 187
        29 187
        188 189
        30 189
        274 190
        259 190
        286 192
        259 192
        109 110
        3 110
        111 112
        4 112
        120 121
        7 121
        122 123
        8 123
        131 132
        11 132
        133 134
        12 134
        141 142
        15 142
        143 144
        16 144
        158 159
        19 159
        160 161
        20 161
        169 170
        23 170
        171 172
        24 172
        180 181
        27 181
        182 183
        28 183
        190 191
        31 191
        192 193
        32 193
        106 42
        108 43
        110 44
        112 45
        117 46
        119 47
        121 48
        123 49
        128 50
        130 51
        132 52
        134 53
        138 54
        140 55
        142 56
        144 57
        155 58
        157 59
        159 60
        161 61
        166 62
        168 63
        170 64
        172 65
        177 66
        179 67
        181 68
        183 69
        187 70
        189 71
        191 72
        193 73
    ]
]
