circuit_name:c880new_processed
[
    node:
    [
        1 x0 0 PI
        2 x1 0 PI
        3 x2 0 PI
        4 x3 0 PI
        5 x4 0 PI
        6 x5 0 PI
        7 x6 0 PI
        8 x7 0 PI
        9 x8 0 PI
        10 x9 0 PI
        11 x10 0 PI
        12 x11 0 PI
        13 x12 0 PI
        14 x13 0 PI
        15 x14 0 PI
        16 x15 0 PI
        17 x16 0 PI
        18 x17 0 PI
        19 x18 0 PI
        20 x19 0 PI
        21 x20 0 PI
        22 x21 0 PI
        23 x22 0 PI
        24 x23 0 PI
        25 x24 0 PI
        26 x25 0 PI
        27 x26 0 PI
        28 x27 0 PI
        29 x28 0 PI
        30 x29 0 PI
        31 x30 0 PI
        32 x31 0 PI
        33 x32 0 PI
        34 x33 0 PI
        35 x34 0 PI
        36 x35 0 PI
        37 x36 0 PI
        38 x37 0 PI
        39 x38 0 PI
        40 x39 0 PI
        41 x40 0 PI
        42 x41 0 PI
        43 x42 0 PI
        44 x43 0 PI
        45 x44 0 PI
        46 x45 0 PI
        47 x46 0 PI
        48 x47 0 PI
        49 x48 0 PI
        50 x49 0 PI
        51 x50 0 PI
        52 x51 0 PI
        53 x52 0 PI
        54 x53 0 PI
        55 x54 0 PI
        56 x55 0 PI
        57 x56 0 PI
        58 x57 0 PI
        59 x58 0 PI
        60 x59 0 PI
        61 y0 4 PO_0
        62 y1 4 PO_0
        63 y2 4 PO_0
        64 y3 2 PO_0
        65 y4 4 PO_0
        66 y5 5 PO_1
        67 y6 4 PO_1
        68 y7 4 PO_1
        69 y8 4 PO_1
        70 y9 3 PO_0
        71 y10 6 PO_1
        72 y11 4 PO_0
        73 y12 5 PO_0
        74 y13 6 PO_0
        75 y14 3 PO_0
        76 y15 8 PO_0
        77 y16 8 PO_0
        78 y17 20 PO_0
        79 y18 21 PO_0
        80 y19 22 PO_0
        81 y20 21 PO_0
        82 y21 22 PO_0
        83 y22 23 PO_0
        84 y23 25 PO_0
        85 y24 25 PO_0
        86 y25 25 PO_0
        87 n100 4 XOR_0
        88 n101 1 XOR_0
        89 n102 2 XOR_0
        90 n103 3 XOR_0
        91 n104 5 XOR_0
        92 n105 6 XOR_0
        93 n106 7 XOR_0
        94 n107 2 XOR_0
        95 n108 3 XOR_0
        96 n109 4 XOR_0
        97 n110 2 XOR_0
        98 n111 3 XOR_0
        99 n112 4 XOR_0
        100 n113 5 XOR_0
        101 n114 6 XOR_0
        102 n115 7 XOR_0
        103 n116 2 AND_0
        104 n117 2 MAJ_1
        105 n118 3 AND_0
        106 n119 4 AND_0
        107 n120 5 AND_0
        108 n121 1 AND_0
        109 n122 2 AND_0
        110 n123 3 AND_1
        111 n124 4 MAJ_0
        112 n125 5 AND_0
        113 n126 3 MAJ_1
        114 n127 4 AND_1
        115 n128 5 MAJ_1
        116 n129 6 AND_1
        117 n130 2 XOR_0
        118 n131 3 MAJ_1
        119 n132 4 AND_0
        120 n133 1 AND_0
        121 n134 2 MAJ_1
        122 n135 3 AND_0
        123 n136 2 AND_0
        124 n137 3 AND_0
        125 n138 5 AND_0
        126 n139 4 OR_0
        127 n140 6 MAJ_1
        128 n141 8 AND_0
        129 n142 9 OR_0
        130 n143 7 MAJ_1
        131 n144 10 OR_0
        132 n145 1 AND_0
        133 n146 11 AND_1
        134 n147 12 MAJ_1
        135 n148 11 OR_0
        136 n149 11 AND_0
        137 n150 13 AND_1
        138 n151 14 XOR_0
        139 n152 15 AND_0
        140 n153 13 AND_0
        141 n154 13 XOR_0
        142 n155 14 MAJ_1
        143 n156 16 OR_0
        144 n157 15 MAJ_0
        145 n158 17 OR_0
        146 n159 18 OR_0
        147 n160 18 MAJ_0
        148 n161 19 OR_0
        149 n162 8 AND_0
        150 n163 9 OR_0
        151 n164 8 MAJ_1
        152 n165 10 OR_0
        153 n166 12 AND_0
        154 n167 7 AND_1
        155 n168 13 MAJ_1
        156 n169 2 AND_0
        157 n170 8 AND_0
        158 n171 9 OR_0
        159 n172 8 MAJ_1
        160 n173 10 OR_0
        161 n174 8 AND_0
        162 n175 9 OR_0
        163 n176 7 MAJ_1
        164 n177 10 OR_0
        165 n178 11 OR_0
        166 n179 12 MAJ_0
        167 n180 13 AND_0
        168 n181 12 AND_0
        169 n182 14 AND_0
        170 n183 11 AND_0
        171 n184 12 MAJ_0
        172 n185 15 OR_0
        173 n186 14 MAJ_0
        174 n187 16 OR_0
        175 n188 12 XOR_0
        176 n189 17 XOR_0
        177 n190 18 AND_0
        178 n191 11 MAJ_0
        179 n192 12 AND_1
        180 n193 13 AND_1
        181 n194 14 MAJ_1
        182 n195 15 OR_0
        183 n196 19 MAJ_1
        184 n197 20 OR_0
        185 n198 1 AND_0
        186 n199 12 AND_1
        187 n200 13 MAJ_1
        188 n201 13 AND_0
        189 n202 14 OR_0
        190 n203 14 MAJ_0
        191 n204 15 OR_0
        192 n205 12 XOR_0
        193 n206 16 XOR_0
        194 n207 17 AND_0
        195 n208 12 MAJ_0
        196 n209 12 AND_1
        197 n210 13 AND_1
        198 n211 14 MAJ_1
        199 n212 18 OR_0
        200 n213 15 MAJ_0
        201 n214 19 OR_0
        202 n215 20 OR_0
        203 n216 20 MAJ_0
        204 n217 21 OR_0
        205 n218 1 AND_0
        206 n219 11 AND_1
        207 n220 12 MAJ_1
        208 n221 13 MAJ_0
        209 n222 14 OR_0
        210 n223 13 AND_1
        211 n224 15 XOR_0
        212 n225 16 AND_0
        213 n226 13 AND_0
        214 n227 13 XOR_0
        215 n228 14 MAJ_1
        216 n229 17 OR_0
        217 n230 15 MAJ_0
        218 n231 18 OR_0
        219 n232 19 OR_0
        220 n233 19 MAJ_0
        221 n234 20 OR_0
        222 n235 8 AND_0
        223 n236 2 AND_1
        224 n237 9 MAJ_1
        225 n238 4 AND_0
        226 n239 3 MAJ_1
        227 n240 5 AND_1
        228 n241 4 MAJ_0
        229 n242 5 AND_0
        230 n243 10 OR_0
        231 n244 10 MAJ_0
        232 n245 11 OR_0
        233 n246 17 MAJ_0
        234 n247 8 AND_0
        235 n248 2 AND_1
        236 n249 9 MAJ_1
        237 n250 10 OR_0
        238 n251 10 MAJ_0
        239 n252 11 OR_0
        240 n253 8 AND_0
        241 n254 2 AND_1
        242 n255 9 MAJ_1
        243 n256 10 OR_0
        244 n257 10 MAJ_0
        245 n258 11 OR_0
        246 n259 12 OR_0
        247 n260 13 MAJ_0
        248 n261 14 AND_0
        249 n262 2 AND_0
        250 n263 8 AND_1
        251 n264 9 MAJ_1
        252 n265 10 OR_0
        253 n266 10 MAJ_0
        254 n267 11 OR_0
        255 n268 12 OR_0
        256 n269 12 AND_0
        257 n270 12 AND_0
        258 n271 13 MAJ_0
        259 n272 15 MAJ_0
        260 n273 16 OR_0
        261 n274 18 AND_1
        262 n275 19 MAJ_0
        263 n276 20 MAJ_1
        264 n277 21 MAJ_0
        265 n278 12 AND_0
        266 n279 7 AND_1
        267 n280 13 MAJ_1
        268 n281 2 AND_0
        269 n282 14 AND_1
        270 n283 19 XOR_0
        271 n284 20 AND_0
        272 n285 14 AND_0
        273 n286 14 XOR_0
        274 n287 15 MAJ_1
        275 n288 16 OR_0
        276 n289 21 MAJ_1
        277 n290 22 OR_0
        278 n291 13 AND_0
        279 n292 7 AND_1
        280 n293 14 MAJ_1
        281 n294 2 AND_0
        282 n295 13 XOR_0
        283 n296 21 XOR_0
        284 n297 22 AND_0
        285 n298 12 MAJ_0
        286 n299 12 AND_1
        287 n300 13 AND_1
        288 n301 14 MAJ_1
        289 n302 15 OR_0
        290 n303 23 MAJ_1
        291 n304 24 OR_0
        292 n305 13 AND_0
        293 n306 7 AND_1
        294 n307 14 MAJ_1
        295 n308 2 AND_0
        296 n309 14 MAJ_0
        297 n310 15 OR_0
        298 n311 18 AND_1
        299 n312 19 MAJ_0
        300 n313 20 MAJ_1
        301 n314 13 XOR_0
        302 n315 21 XOR_0
        303 n316 22 AND_0
        304 n317 13 MAJ_0
        305 n318 13 AND_1
        306 n319 14 AND_1
        307 n320 15 MAJ_1
        308 n321 16 OR_0
        309 n322 23 MAJ_1
        310 n323 24 OR_0
        311 n324 12 AND_0
        312 n325 7 AND_1
        313 n326 13 MAJ_1
        314 n327 2 AND_0
        315 n328 19 MAJ_0
        316 n329 20 OR_0
        317 n330 14 AND_1
        318 n331 21 XOR_0
        319 n332 22 AND_0
        320 n333 14 AND_0
        321 n334 14 XOR_0
        322 n335 15 MAJ_1
        323 n336 16 OR_0
        324 n337 23 MAJ_1
        325 n338 24 OR_0
        326 n61 2 AND_0
        327 n62 3 AND_0
        328 n63 2 AND_0
        329 n64 3 AND_0
        330 n65 3 AND_0
        331 n66 1 AND_0
        332 n67 2 AND_0
        333 n68 2 MAJ_1
        334 n69 3 AND_0
        335 n70 1 AND_0
        336 n71 2 MAJ_1
        337 n72 3 AND_0
        338 n73 2 AND_1
        339 n74 3 MAJ_0
        340 n75 4 MAJ_1
        341 n76 2 AND_0
        342 n77 3 AND_0
        343 n78 2 AND_0
        344 n79 3 AND_0
        345 n80 2 AND_0
        346 n81 3 AND_0
        347 n82 1 MAJ_0
        348 n83 2 AND_0
        349 n84 4 AND_0
        350 n85 2 MAJ_1
        351 n86 5 AND_0
        352 n87 1 AND_0
        353 n88 2 AND_0
        354 n89 2 AND_0
        355 n90 3 AND_0
        356 n91 2 AND_0
        357 n92 4 AND_0
        358 n93 4 AND_0
        359 n94 2 MAJ_1
        360 n95 5 AND_0
        361 n96 1 MAJ_0
        362 n97 2 AND_0
        363 n98 2 XOR_0
        364 n99 3 XOR_0
        365 v1 6 VIR
        366 v10 7 VIR
        367 v11 12 VIR
        368 v12 12 VIR
        369 v13 12 VIR
        370 v14 11 VIR
        371 v15 11 VIR
        372 v16 11 VIR
        373 v17 12 VIR
        374 v18 12 VIR
        375 v19 12 VIR
        376 v2 6 VIR
        377 v20 6 VIR
        378 v21 6 VIR
        379 v22 12 VIR
        380 v23 18 VIR
        381 v24 12 VIR
        382 v25 12 VIR
        383 v26 13 VIR
        384 v27 13 VIR
        385 v28 13 VIR
        386 v29 13 VIR
        387 v3 6 VIR
        388 v30 13 VIR
        389 v31 13 VIR
        390 v32 3 VIR
        391 v33 3 VIR
        392 v34 1 VIR
        393 v35 1 VIR
        394 v36 1 VIR
        395 v37 1 VIR
        396 v38 1 VIR
        397 v39 1 VIR
        398 v4 6 VIR
        399 v40 1 VIR
        400 v41 1 VIR
        401 v42 1 VIR
        402 v43 1 VIR
        403 v44 1 VIR
        404 v45 1 VIR
        405 v46 1 VIR
        406 v47 1 VIR
        407 v48 1 VIR
        408 v49 1 VIR
        409 v5 6 VIR
        410 v50 1 VIR
        411 v51 1 VIR
        412 v52 1 VIR
        413 v53 1 VIR
        414 v54 1 VIR
        415 v55 1 VIR
        416 v56 1 VIR
        417 v57 1 VIR
        418 v58 1 VIR
        419 v59 1 VIR
        420 v6 6 VIR
        421 v60 1 VIR
        422 v61 1 VIR
        423 v62 1 VIR
        424 v63 1 VIR
        425 v64 1 VIR
        426 v65 1 VIR
        427 v66 1 VIR
        428 v67 1 VIR
        429 v68 1 VIR
        430 v69 1 VIR
        431 v7 7 VIR
        432 v70 1 VIR
        433 v71 1 VIR
        434 v72 1 VIR
        435 v73 1 VIR
        436 v74 1 VIR
        437 v75 1 VIR
        438 v76 1 VIR
        439 v77 1 VIR
        440 v78 1 VIR
        441 v79 1 VIR
        442 v8 7 VIR
        443 v80 1 VIR
        444 v81 1 VIR
        445 v82 1 VIR
        446 v83 1 VIR
        447 v84 1 VIR
        448 v85 1 VIR
        449 v86 1 VIR
        450 v87 1 VIR
        451 v88 2 VIR
        452 v89 2 VIR
        453 v9 7 VIR
        454 v90 2 VIR
        455 v91 2 VIR
        456 v92 2 VIR
        457 v93 2 VIR
    ]
    edge:
    [
        31 88
        30 88
        6 108
        16 108
        2 120
        9 120
        55 132
        59 132
        55 185
        56 185
        55 205
        57 205
        18 331
        19 331
        3 335
        5 335
        20 347
        21 347
        23 347
        1 352
        5 352
        20 361
        21 361
        22 361
        1 392
        1 393
        2 394
        2 395
        11 396
        11 397
        11 399
        12 400
        16 401
        17 402
        27 403
        4 404
        4 405
        4 406
        34 407
        40 408
        41 410
        41 411
        42 412
        42 413
        42 414
        43 415
        44 416
        45 417
        45 418
        46 419
        46 421
        47 422
        48 423
        50 424
        50 425
        50 426
        6 427
        6 428
        51 429
        51 430
        51 432
        52 433
        52 434
        52 435
        53 436
        53 437
        53 438
        54 439
        54 440
        54 441
        60 443
        7 444
        7 445
        8 446
        8 447
        8 448
        9 449
        10 450
        88 89
        28 89
        416 94
        415 94
        423 97
        422 97
        397 103
        13 103
        446 104
        397 104
        12 104
        17 109
        108 109
        446 117
        404 117
        392 121
        394 121
        404 121
        446 123
        396 123
        403 156
        425 156
        394 223
        407 223
        449 235
        34 235
        405 241
        34 241
        407 249
        38 249
        26 268
        425 268
        425 281
        443 281
        24 295
        426 295
        25 314
        426 314
        427 326
        447 326
        427 328
        444 328
        395 332
        406 332
        393 333
        394 333
        3 333
        393 336
        3 336
        406 336
        427 338
        7 338
        397 341
        401 341
        444 343
        399 343
        445 345
        447 345
        23 348
        347 348
        428 350
        445 350
        448 350
        9 353
        352 353
        395 354
        450 354
        428 356
        12 356
        399 359
        400 359
        15 359
        22 362
        361 362
        403 363
        26 363
        396 451
        436 452
        437 454
        438 455
        439 456
        440 457
        89 90
        29 90
        94 95
        41 95
        97 98
        417 98
        103 105
        104 105
        60 110
        109 110
        451 113
        408 113
        353 113
        396 118
        40 118
        117 118
        120 122
        121 122
        16 124
        123 124
        450 226
        451 226
        408 226
        401 327
        326 327
        17 329
        328 329
        448 330
        328 330
        332 334
        333 334
        335 337
        336 337
        444 339
        447 339
        338 339
        402 342
        341 342
        402 344
        343 344
        399 346
        345 346
        333 355
        354 355
        363 364
        24 364
        353 390
        353 391
        364 87
        25 87
        95 96
        413 96
        98 99
        421 99
        14 106
        355 106
        10 111
        60 111
        390 111
        390 114
        113 114
        40 119
        118 119
        122 126
        124 126
        10 225
        391 225
        405 228
        443 228
        391 228
        337 340
        338 340
        339 340
        445 349
        337 349
        355 357
        356 357
        400 358
        355 358
        90 91
        87 91
        99 100
        96 100
        105 107
        106 107
        110 112
        111 112
        392 115
        404 115
        114 115
        390 125
        119 125
        225 227
        226 227
        110 229
        228 229
        349 351
        350 351
        358 360
        359 360
        91 92
        32 92
        100 101
        32 101
        392 116
        115 116
        124 127
        125 127
        126 127
        107 365
        107 376
        227 377
        229 378
        107 387
        112 398
        112 409
        112 420
        92 93
        33 93
        101 102
        49 102
        39 130
        409 130
        116 130
        418 154
        365 154
        37 163
        398 163
        116 163
        416 266
        365 266
        410 279
        365 279
        413 293
        376 293
        415 312
        376 312
        127 366
        116 431
        127 442
        127 453
        31 128
        442 128
        28 149
        366 149
        35 151
        420 151
        431 151
        29 157
        442 157
        36 159
        409 159
        431 159
        30 161
        442 161
        24 222
        366 222
        25 234
        453 234
        26 240
        453 240
        27 250
        453 250
        398 129
        128 129
        420 150
        149 150
        409 158
        157 158
        398 162
        161 162
        395 224
        222 224
        223 224
        449 236
        234 236
        235 236
        405 242
        240 242
        241 242
        27 251
        249 251
        250 251
        129 131
        130 131
        150 152
        151 152
        158 160
        159 160
        162 164
        163 164
        224 230
        378 230
        35 231
        224 231
        377 231
        229 237
        236 237
        36 238
        227 238
        236 238
        229 243
        242 243
        37 244
        227 244
        242 244
        378 252
        251 252
        39 253
        377 253
        251 253
        439 133
        131 133
        48 135
        131 135
        48 136
        131 136
        47 165
        164 165
        47 170
        164 170
        417 178
        434 178
        152 178
        456 206
        164 206
        230 232
        231 232
        237 239
        238 239
        243 245
        244 245
        252 254
        253 254
        152 370
        160 371
        160 372
        441 134
        132 134
        133 134
        439 153
        370 153
        46 166
        160 166
        165 166
        58 168
        135 168
        419 171
        371 171
        170 171
        370 175
        417 175
        437 179
        370 179
        456 186
        372 186
        371 192
        419 192
        419 195
        433 195
        371 195
        436 196
        372 196
        441 207
        205 207
        206 207
        43 246
        245 246
        44 255
        254 255
        44 256
        254 256
        43 257
        245 257
        440 265
        254 265
        410 285
        434 285
        232 285
        454 286
        232 286
        457 311
        245 311
        135 367
        136 368
        136 369
        165 373
        165 374
        170 375
        232 379
        239 381
        239 382
        367 137
        368 137
        433 140
        367 140
        369 141
        436 141
        418 155
        153 155
        154 155
        373 167
        166 167
        178 180
        179 180
        441 187
        185 187
        186 187
        373 188
        168 188
        195 197
        196 197
        58 208
        135 208
        368 208
        374 210
        375 210
        433 213
        374 213
        375 214
        452 214
        412 247
        239 247
        246 247
        412 258
        381 258
        257 258
        416 267
        265 267
        266 267
        440 278
        379 278
        379 282
        410 282
        285 287
        286 287
        457 292
        382 292
        382 301
        413 301
        412 304
        434 304
        381 304
        454 305
        381 305
        415 313
        311 313
        312 313
        246 383
        246 384
        255 385
        256 386
        256 388
        257 389
        137 138
        58 138
        452 142
        140 142
        141 142
        167 169
        168 169
        136 173
        167 173
        171 173
        418 181
        178 181
        180 181
        170 189
        188 189
        368 190
        373 190
        188 190
        421 198
        195 198
        197 198
        369 209
        208 209
        437 215
        213 215
        214 215
        383 248
        247 248
        385 269
        386 269
        435 272
        385 272
        388 273
        438 273
        411 280
        278 280
        279 280
        411 288
        285 288
        287 288
        414 294
        292 294
        293 294
        383 296
        386 296
        257 296
        304 306
        305 306
        384 317
        389 317
        435 320
        384 320
        389 321
        438 321
        429 139
        138 139
        30 144
        424 144
        142 144
        169 172
        171 172
        156 182
        181 182
        189 191
        190 191
        28 200
        424 200
        198 200
        210 211
        209 211
        29 217
        424 217
        215 217
        248 259
        256 259
        258 259
        455 274
        272 274
        273 274
        281 289
        288 289
        389 297
        296 297
        414 307
        304 307
        306 307
        455 322
        320 322
        321 322
        139 143
        142 143
        172 174
        173 174
        192 193
        191 193
        429 212
        211 212
        258 260
        259 260
        268 275
        274 275
        295 308
        307 308
        314 323
        322 323
        143 145
        144 145
        175 176
        174 176
        429 194
        193 194
        212 216
        215 216
        45 233
        152 233
        174 233
        134 146
        145 146
        423 147
        376 147
        145 147
        430 177
        176 177
        194 199
        198 199
        216 218
        217 218
        233 261
        248 261
        233 298
        383 298
        233 380
        146 148
        147 148
        155 183
        156 183
        177 183
        199 201
        200 201
        207 219
        218 219
        422 220
        387 220
        218 220
        248 262
        255 262
        261 262
        269 270
        380 270
        384 299
        255 299
        298 299
        380 315
        385 315
        386 315
        182 184
        183 184
        187 202
        201 202
        421 203
        387 203
        201 203
        219 221
        220 221
        260 263
        261 263
        262 263
        430 271
        270 271
        297 300
        298 300
        299 300
        388 316
        315 316
        202 204
        203 204
        411 264
        379 264
        263 264
        267 276
        268 276
        271 276
        282 283
        263 283
        301 302
        300 302
        317 318
        316 318
        275 277
        276 277
        430 284
        283 284
        432 303
        302 303
        432 319
        318 319
        280 290
        281 290
        284 290
        294 309
        295 309
        303 309
        313 324
        314 324
        319 324
        289 291
        290 291
        308 310
        309 310
        323 325
        324 325
        327 61
        329 62
        330 63
        331 64
        334 65
        340 66
        342 67
        344 68
        346 69
        348 70
        351 71
        391 72
        357 73
        360 74
        362 75
        93 76
        102 77
        148 78
        184 79
        204 80
        221 81
        264 82
        277 83
        291 84
        310 85
        325 86
    ]
]
