circuit_name:c8new_processed
[
    node:
    [
        1 x0 0 PI
        2 x1 0 PI
        3 x2 0 PI
        4 x3 0 PI
        5 x4 0 PI
        6 x5 0 PI
        7 x6 0 PI
        8 x7 0 PI
        9 x8 0 PI
        10 x9 0 PI
        11 x10 0 PI
        12 x11 0 PI
        13 x12 0 PI
        14 x13 0 PI
        15 x14 0 PI
        16 x15 0 PI
        17 x16 0 PI
        18 x17 0 PI
        19 x18 0 PI
        20 x19 0 PI
        21 x20 0 PI
        22 x21 0 PI
        23 x22 0 PI
        24 x23 0 PI
        25 x24 0 PI
        26 x25 0 PI
        27 x26 0 PI
        28 x27 0 PI
        29 y0 5 PO_1
        30 y1 5 PO_1
        31 y2 5 PO_1
        32 y3 5 PO_1
        33 y4 4 PO_1
        34 y5 4 PO_1
        35 y6 4 PO_1
        36 y7 4 PO_1
        37 y8 2 PO_0
        38 y9 10 PO_0
        39 y10 8 PO_0
        40 y11 12 PO_0
        41 y12 13 PO_0
        42 y13 12 PO_0
        43 y14 12 PO_0
        44 y15 12 PO_0
        45 y16 12 PO_0
        46 y17 8 PO_0
        47 n100 11 OR_0
        48 n101 3 OR_0
        49 n102 4 AND_1
        50 n103 4 MAJ_0
        51 n104 4 MAJ_1
        52 n105 5 OR_0
        53 n106 3 OR_0
        54 n107 4 OR_0
        55 n108 6 MAJ_1
        56 n109 7 AND_1
        57 n110 8 AND_0
        58 n111 6 OR_0
        59 n112 9 MAJ_1
        60 n113 6 AND_0
        61 n114 7 AND_1
        62 n115 8 AND_1
        63 n116 9 MAJ_1
        64 n117 7 AND_1
        65 n118 10 MAJ_1
        66 n119 11 OR_0
        67 n120 11 MAJ_1
        68 n121 12 OR_0
        69 n122 3 AND_1
        70 n123 3 MAJ_1
        71 n124 4 AND_1
        72 n125 3 MAJ_0
        73 n126 3 MAJ_1
        74 n127 4 OR_0
        75 n128 3 OR_0
        76 n129 4 OR_0
        77 n130 5 MAJ_1
        78 n131 6 AND_1
        79 n132 7 AND_0
        80 n133 5 OR_0
        81 n134 8 MAJ_1
        82 n135 5 AND_0
        83 n136 6 AND_1
        84 n137 7 AND_1
        85 n138 8 MAJ_1
        86 n139 6 AND_1
        87 n140 9 MAJ_1
        88 n141 10 OR_0
        89 n142 10 MAJ_1
        90 n143 11 OR_0
        91 n144 2 AND_1
        92 n145 3 MAJ_1
        93 n146 4 AND_1
        94 n147 3 MAJ_0
        95 n148 3 MAJ_1
        96 n149 4 OR_0
        97 n150 2 OR_0
        98 n151 3 MAJ_1
        99 n152 4 OR_0
        100 n153 5 OR_0
        101 n154 5 MAJ_1
        102 n155 6 AND_1
        103 n156 3 OR_0
        104 n157 5 AND_1
        105 n158 7 AND_1
        106 n159 8 MAJ_1
        107 n160 5 AND_0
        108 n161 6 AND_1
        109 n162 7 AND_1
        110 n163 8 MAJ_1
        111 n164 4 OR_0
        112 n165 6 AND_1
        113 n166 9 MAJ_1
        114 n167 10 OR_0
        115 n168 10 MAJ_1
        116 n169 11 OR_0
        117 n170 3 OR_0
        118 n171 3 MAJ_1
        119 n172 4 AND_1
        120 n173 3 MAJ_0
        121 n174 3 MAJ_1
        122 n175 4 OR_0
        123 n176 4 OR_0
        124 n177 5 OR_0
        125 n178 5 MAJ_1
        126 n179 6 AND_1
        127 n180 4 OR_0
        128 n181 5 AND_1
        129 n182 7 AND_1
        130 n183 8 MAJ_1
        131 n184 5 AND_0
        132 n185 6 AND_1
        133 n186 7 AND_1
        134 n187 8 MAJ_1
        135 n188 5 OR_0
        136 n189 6 AND_1
        137 n190 9 MAJ_1
        138 n191 10 OR_0
        139 n192 10 MAJ_1
        140 n193 11 OR_0
        141 n194 2 AND_1
        142 n195 2 MAJ_0
        143 n196 3 AND_1
        144 n197 3 MAJ_0
        145 n198 3 MAJ_1
        146 n199 4 OR_0
        147 n200 3 MAJ_1
        148 n201 4 OR_0
        149 n202 5 AND_1
        150 n203 5 MAJ_0
        151 n204 6 AND_1
        152 n205 3 OR_0
        153 n206 3 MAJ_1
        154 n207 4 OR_0
        155 n208 6 AND_1
        156 n209 7 AND_1
        157 n210 8 MAJ_1
        158 n211 6 AND_0
        159 n212 7 AND_1
        160 n213 7 AND_1
        161 n214 8 MAJ_1
        162 n215 5 OR_0
        163 n216 7 AND_1
        164 n217 9 MAJ_1
        165 n218 10 OR_0
        166 n219 10 MAJ_1
        167 n220 11 OR_0
        168 n221 3 MAJ_1
        169 n222 4 AND_1
        170 n223 2 OR_0
        171 n224 2 MAJ_1
        172 n225 3 OR_0
        173 n226 4 OR_0
        174 n227 5 MAJ_0
        175 n228 6 AND_1
        176 n229 5 MAJ_0
        177 n230 7 MAJ_1
        178 n29 3 XOR_0
        179 n30 4 MAJ_0
        180 n31 3 XOR_0
        181 n32 4 MAJ_0
        182 n33 3 XOR_0
        183 n34 4 MAJ_0
        184 n35 3 XOR_0
        185 n36 4 MAJ_0
        186 n37 2 XOR_0
        187 n38 3 MAJ_0
        188 n39 2 XOR_0
        189 n40 3 MAJ_0
        190 n41 2 XOR_0
        191 n42 3 MAJ_0
        192 n43 2 XOR_0
        193 n44 3 MAJ_0
        194 n45 3 XOR_0
        195 n46 4 MAJ_1
        196 n47 5 AND_1
        197 n48 3 AND_0
        198 n49 4 MAJ_1
        199 n50 5 AND_1
        200 n51 3 AND_1
        201 n52 4 MAJ_0
        202 n53 6 MAJ_1
        203 n54 4 AND_1
        204 n55 3 MAJ_1
        205 n56 5 AND_0
        206 n57 3 AND_1
        207 n58 4 MAJ_0
        208 n59 6 MAJ_1
        209 n60 3 OR_0
        210 n61 3 AND_1
        211 n62 5 XOR_0
        212 n63 6 MAJ_1
        213 n64 3 AND_1
        214 n65 4 MAJ_1
        215 n66 7 MAJ_1
        216 n67 8 OR_0
        217 n68 7 MAJ_1
        218 n69 9 OR_0
        219 n70 3 AND_1
        220 n71 3 MAJ_1
        221 n72 4 AND_0
        222 n73 3 AND_1
        223 n74 4 MAJ_1
        224 n75 5 MAJ_1
        225 n76 3 AND_0
        226 n77 4 MAJ_1
        227 n78 6 MAJ_1
        228 n79 3 OR_0
        229 n80 5 MAJ_1
        230 n81 7 MAJ_1
        231 n82 3 AND_1
        232 n83 3 MAJ_0
        233 n84 3 MAJ_1
        234 n85 4 OR_0
        235 n86 5 AND_1
        236 n87 3 MAJ_1
        237 n88 6 AND_1
        238 n89 7 AND_0
        239 n90 5 OR_0
        240 n91 8 MAJ_1
        241 n92 5 AND_0
        242 n93 6 AND_1
        243 n94 7 AND_1
        244 n95 8 MAJ_1
        245 n96 6 AND_1
        246 n97 9 MAJ_1
        247 n98 10 OR_0
        248 n99 10 MAJ_1
        249 v1 4 VIR
        250 v10 1 VIR
        251 v11 1 VIR
        252 v12 1 VIR
        253 v13 1 VIR
        254 v14 1 VIR
        255 v15 1 VIR
        256 v16 1 VIR
        257 v17 1 VIR
        258 v18 1 VIR
        259 v19 1 VIR
        260 v2 4 VIR
        261 v20 1 VIR
        262 v21 1 VIR
        263 v22 1 VIR
        264 v23 1 VIR
        265 v24 1 VIR
        266 v25 1 VIR
        267 v26 1 VIR
        268 v27 1 VIR
        269 v28 1 VIR
        270 v29 1 VIR
        271 v3 5 VIR
        272 v30 1 VIR
        273 v31 1 VIR
        274 v32 1 VIR
        275 v33 1 VIR
        276 v34 1 VIR
        277 v35 1 VIR
        278 v36 1 VIR
        279 v37 1 VIR
        280 v38 1 VIR
        281 v39 1 VIR
        282 v4 5 VIR
        283 v40 1 VIR
        284 v41 1 VIR
        285 v42 1 VIR
        286 v43 1 VIR
        287 v44 2 VIR
        288 v45 2 VIR
        289 v46 2 VIR
        290 v47 2 VIR
        291 v48 2 VIR
        292 v49 2 VIR
        293 v5 4 VIR
        294 v50 2 VIR
        295 v51 2 VIR
        296 v52 2 VIR
        297 v53 2 VIR
        298 v54 2 VIR
        299 v55 2 VIR
        300 v56 2 VIR
        301 v57 2 VIR
        302 v58 2 VIR
        303 v59 2 VIR
        304 v6 4 VIR
        305 v60 2 VIR
        306 v61 2 VIR
        307 v62 2 VIR
        308 v63 2 VIR
        309 v64 2 VIR
        310 v65 2 VIR
        311 v66 2 VIR
        312 v67 2 VIR
        313 v68 2 VIR
        314 v69 2 VIR
        315 v7 4 VIR
        316 v70 2 VIR
        317 v71 2 VIR
        318 v72 2 VIR
        319 v73 2 VIR
        320 v74 2 VIR
        321 v75 2 VIR
        322 v76 2 VIR
        323 v77 2 VIR
        324 v78 2 VIR
        325 v79 2 VIR
        326 v8 4 VIR
        327 v80 2 VIR
        328 v81 2 VIR
        329 v82 2 VIR
        330 v83 2 VIR
        331 v84 2 VIR
        332 v85 2 VIR
        333 v86 2 VIR
        334 v87 2 VIR
        335 v88 2 VIR
        336 v89 2 VIR
        337 v9 1 VIR
        338 v90 3 VIR
        339 v91 3 VIR
        340 v92 3 VIR
    ]
    edge:
    [
        2 250
        11 251
        11 252
        11 253
        12 254
        12 255
        12 256
        13 257
        13 258
        3 259
        3 261
        3 262
        22 263
        22 264
        4 265
        4 266
        5 267
        5 268
        5 269
        6 270
        6 272
        6 273
        7 274
        7 275
        7 276
        8 277
        8 278
        8 279
        9 280
        9 281
        9 283
        10 284
        10 285
        10 286
        2 337
        252 91
        257 91
        284 97
        254 97
        4 141
        257 141
        337 142
        265 142
        255 142
        265 170
        258 170
        250 171
        266 171
        256 171
        256 186
        272 186
        258 188
        272 188
        272 190
        250 190
        273 192
        266 192
        251 287
        252 288
        253 289
        254 290
        259 291
        259 292
        259 294
        261 295
        261 296
        261 297
        262 298
        262 299
        262 300
        267 301
        267 302
        267 303
        268 305
        268 306
        268 307
        269 308
        269 309
        269 310
        270 311
        274 312
        274 313
        275 314
        275 316
        276 317
        276 318
        277 319
        277 320
        277 321
        278 322
        278 323
        278 324
        279 325
        279 327
        279 328
        280 329
        280 330
        281 331
        283 332
        284 333
        284 334
        285 335
        286 336
        329 48
        285 48
        301 53
        329 53
        335 69
        290 69
        330 70
        335 70
        252 70
        292 72
        313 72
        18 72
        292 73
        313 73
        26 73
        333 75
        287 75
        333 92
        251 92
        254 92
        292 94
        313 94
        19 94
        294 95
        275 95
        27 95
        319 98
        333 98
        251 98
        319 103
        280 103
        287 117
        13 117
        337 118
        288 118
        255 118
        294 120
        314 120
        20 120
        294 121
        314 121
        28 121
        141 143
        142 143
        295 144
        314 144
        21 144
        1 145
        295 145
        316 145
        2 147
        287 147
        290 147
        281 152
        288 152
        321 153
        331 153
        335 153
        324 168
        283 168
        336 168
        170 172
        171 172
        328 178
        270 178
        332 180
        270 180
        336 182
        311 182
        289 184
        311 184
        256 187
        26 187
        186 187
        258 189
        27 189
        188 189
        250 191
        28 191
        190 191
        1 193
        266 193
        192 193
        321 194
        302 194
        316 197
        14 197
        303 200
        322 200
        296 204
        276 204
        263 204
        296 206
        303 206
        302 209
        322 209
        316 210
        263 210
        303 213
        322 213
        305 219
        331 219
        296 220
        305 220
        323 220
        297 222
        317 222
        297 225
        318 225
        299 228
        283 228
        331 231
        286 231
        291 232
        274 232
        16 232
        291 233
        312 233
        24 233
        301 236
        320 236
        329 236
        291 338
        295 339
        298 340
        253 49
        48 49
        338 50
        312 50
        17 50
        338 51
        312 51
        25 51
        334 54
        53 54
        69 71
        70 71
        72 74
        73 74
        53 76
        75 76
        91 93
        92 93
        94 96
        95 96
        97 99
        98 99
        306 111
        103 111
        117 119
        118 119
        120 122
        121 122
        92 123
        117 123
        334 127
        103 127
        144 146
        145 146
        117 148
        147 148
        152 154
        153 154
        152 169
        168 169
        310 173
        172 173
        328 179
        264 179
        178 179
        332 181
        23 181
        180 181
        336 183
        24 183
        182 183
        289 185
        25 185
        184 185
        317 195
        264 195
        194 195
        14 198
        22 198
        194 198
        325 201
        197 201
        200 201
        339 203
        14 203
        307 207
        325 207
        206 207
        325 214
        197 214
        213 214
        219 221
        220 221
        317 223
        23 223
        222 223
        318 226
        15 226
        225 226
        232 234
        233 234
        53 249
        103 260
        206 293
        209 304
        209 315
        209 326
        50 52
        51 52
        320 77
        249 77
        74 77
        298 80
        74 80
        255 82
        74 82
        330 100
        99 100
        301 101
        281 101
        96 101
        340 104
        96 104
        257 107
        96 107
        249 124
        123 124
        321 125
        249 125
        122 125
        340 128
        122 128
        337 131
        122 131
        306 135
        127 135
        146 149
        148 149
        302 150
        127 150
        146 150
        307 162
        154 162
        300 174
        310 174
        169 174
        310 176
        273 176
        293 176
        318 196
        195 196
        263 199
        198 199
        203 205
        204 205
        304 211
        339 211
        221 224
        222 224
        223 224
        332 229
        326 229
        228 229
        319 235
        234 235
        297 239
        234 239
        286 241
        234 241
        127 271
        146 282
        320 55
        285 55
        52 55
        298 58
        52 58
        253 60
        52 60
        76 78
        77 78
        71 83
        82 83
        315 86
        82 86
        100 102
        101 102
        93 108
        107 108
        107 112
        111 112
        124 126
        125 126
        119 132
        131 132
        131 136
        135 136
        149 151
        150 151
        299 155
        282 155
        265 158
        282 158
        173 175
        174 175
        199 202
        200 202
        201 202
        205 208
        206 208
        207 208
        304 212
        210 212
        211 212
        224 227
        225 227
        226 227
        235 237
        236 237
        231 242
        241 242
        304 245
        241 245
        54 56
        55 56
        49 61
        60 61
        315 64
        60 64
        308 79
        78 79
        324 84
        78 84
        102 105
        260 105
        305 109
        102 109
        126 129
        271 129
        306 133
        126 133
        151 156
        154 156
        143 159
        158 159
        307 160
        151 160
        158 163
        162 163
        293 177
        175 177
        176 177
        212 215
        213 215
        214 215
        196 217
        202 217
        208 217
        227 230
        228 230
        229 230
        308 238
        237 238
        323 243
        237 243
        308 57
        56 57
        323 62
        56 62
        300 81
        79 81
        80 81
        327 85
        83 85
        84 85
        260 106
        104 106
        105 106
        309 110
        108 110
        109 110
        271 130
        128 130
        129 130
        309 134
        132 134
        133 134
        154 157
        155 157
        156 157
        309 161
        159 161
        160 161
        202 216
        215 216
        299 240
        238 240
        239 240
        327 244
        242 244
        243 244
        300 59
        57 59
        58 59
        327 63
        61 63
        62 63
        326 87
        85 87
        86 87
        110 113
        111 113
        112 113
        134 137
        135 137
        136 137
        161 164
        162 164
        163 164
        216 218
        217 218
        315 246
        244 246
        245 246
        326 65
        63 65
        64 65
        81 88
        87 88
        71 89
        78 89
        87 89
        106 114
        113 114
        93 115
        102 115
        113 115
        130 138
        137 138
        119 139
        126 139
        137 139
        157 165
        164 165
        143 166
        151 166
        164 166
        240 247
        246 247
        231 248
        237 248
        246 248
        247 47
        248 47
        59 66
        65 66
        49 67
        56 67
        65 67
        88 90
        89 90
        114 116
        115 116
        138 140
        139 140
        165 167
        166 167
        66 68
        67 68
        179 29
        181 30
        183 31
        185 32
        187 33
        189 34
        191 35
        193 36
        273 37
        218 38
        230 39
        47 40
        68 41
        90 42
        116 43
        140 44
        167 45
        177 46
    ]
]
