circuit_name:ccnew_processed
[
    node:
    [
        1 x0 0 PI
        2 x1 0 PI
        3 x2 0 PI
        4 x3 0 PI
        5 x4 0 PI
        6 x5 0 PI
        7 x6 0 PI
        8 x7 0 PI
        9 x8 0 PI
        10 x9 0 PI
        11 x10 0 PI
        12 x11 0 PI
        13 x12 0 PI
        14 x13 0 PI
        15 x14 0 PI
        16 x15 0 PI
        17 x16 0 PI
        18 x17 0 PI
        19 x18 0 PI
        20 x19 0 PI
        21 x20 0 PI
        22 y0 1 PO_1
        23 y1 1 PO_0
        24 y2 2 PO_0
        25 y3 1 PO_0
        26 y4 1 PO_0
        27 y5 3 PO_0
        28 y6 3 PO_1
        29 y7 2 PO_0
        30 y8 2 PO_0
        31 y9 4 PO_0
        32 y10 9 PO_0
        33 y11 8 PO_0
        34 y12 8 PO_0
        35 y13 6 PO_0
        36 y14 6 PO_0
        37 y15 8 PO_0
        38 y16 9 PO_0
        39 y17 10 PO_0
        40 y18 10 PO_0
        41 y19 10 PO_0
        42 n22 2 AND_0
        43 n23 1 AND_0
        44 n24 2 AND_0
        45 n25 2 MAJ_1
        46 n26 3 AND_1
        47 n27 2 AND_1
        48 n28 3 AND_0
        49 n29 5 MAJ_1
        50 n30 6 AND_0
        51 n31 7 MAJ_0
        52 n32 8 AND_0
        53 n33 3 AND_1
        54 n34 6 MAJ_0
        55 n35 7 AND_0
        56 n36 2 AND_0
        57 n37 5 MAJ_1
        58 n38 6 AND_1
        59 n39 3 AND_0
        60 n40 4 AND_1
        61 n41 7 MAJ_0
        62 n42 3 AND_0
        63 n43 2 MAJ_1
        64 n44 4 AND_1
        65 n45 5 AND_0
        66 n46 3 AND_1
        67 n47 4 MAJ_0
        68 n48 2 AND_1
        69 n49 2 AND_1
        70 n50 3 MAJ_1
        71 n51 5 MAJ_1
        72 n52 5 MAJ_1
        73 n53 6 AND_0
        74 n54 2 AND_1
        75 n55 6 AND_1
        76 n56 7 MAJ_0
        77 n57 5 MAJ_1
        78 n58 6 AND_0
        79 n59 7 MAJ_0
        80 n60 8 AND_0
        81 n61 6 MAJ_1
        82 n62 7 AND_0
        83 n63 8 MAJ_0
        84 n64 9 AND_0
        85 n65 6 MAJ_1
        86 n66 7 AND_0
        87 n67 8 MAJ_0
        88 n68 9 AND_0
        89 n69 6 MAJ_1
        90 n70 7 AND_0
        91 n71 8 MAJ_0
        92 n72 9 AND_0
        93 v1 4 VIR
        94 v10 1 VIR
        95 v11 1 VIR
        96 v12 1 VIR
        97 v13 1 VIR
        98 v14 1 VIR
        99 v15 1 VIR
        100 v16 5 VIR
        101 v17 2 VIR
        102 v18 2 VIR
        103 v19 2 VIR
        104 v2 4 VIR
        105 v20 2 VIR
        106 v21 2 VIR
        107 v22 2 VIR
        108 v23 5 VIR
        109 v24 5 VIR
        110 v3 4 VIR
        111 v4 1 VIR
        112 v5 1 VIR
        113 v6 1 VIR
        114 v7 1 VIR
        115 v8 1 VIR
        116 v9 1 VIR
    ]
    edge:
    [
        7 43
        19 43
        16 94
        18 95
        18 96
        20 97
        20 98
        20 99
        1 111
        1 112
        2 113
        2 114
        2 115
        16 116
        94 42
        17 42
        114 44
        96 44
        111 45
        114 45
        94 45
        113 47
        16 47
        116 56
        95 56
        1 63
        116 63
        95 63
        114 68
        10 68
        94 69
        95 69
        111 74
        3 74
        97 101
        97 102
        98 103
        98 105
        99 106
        99 107
        44 46
        45 46
        18 48
        47 48
        19 53
        106 53
        113 59
        56 59
        116 62
        103 62
        113 66
        56 66
        96 70
        68 70
        69 70
        112 60
        59 60
        62 64
        63 64
        107 67
        56 67
        66 67
        48 93
        48 104
        48 110
        8 49
        97 49
        93 49
        9 57
        98 57
        104 57
        115 65
        64 65
        67 71
        69 71
        70 71
        11 72
        103 72
        104 72
        12 77
        101 77
        93 77
        93 100
        104 108
        110 109
        102 50
        49 50
        111 54
        106 54
        108 54
        106 58
        57 58
        107 73
        72 73
        108 75
        74 75
        103 78
        77 78
        13 81
        101 81
        100 81
        14 85
        101 85
        100 85
        15 89
        102 89
        100 89
        21 51
        108 51
        50 51
        53 55
        54 55
        58 61
        59 61
        60 61
        73 76
        74 76
        75 76
        4 79
        110 79
        78 79
        105 82
        81 82
        105 86
        85 86
        99 90
        89 90
        50 52
        51 52
        78 80
        79 80
        5 83
        110 83
        82 83
        6 87
        109 87
        86 87
        7 91
        109 91
        90 91
        82 84
        83 84
        86 88
        87 88
        90 92
        91 92
        5 22
        6 23
        115 24
        4 25
        3 26
        42 27
        42 28
        43 29
        112 30
        46 31
        52 32
        55 33
        61 34
        65 35
        71 36
        76 37
        80 38
        84 39
        88 40
        92 41
    ]
]
