circuit_name:chtnew_processed
[
    node:
    [
        1 x0 0 PI
        2 x1 0 PI
        3 x2 0 PI
        4 x3 0 PI
        5 x4 0 PI
        6 x5 0 PI
        7 x6 0 PI
        8 x7 0 PI
        9 x8 0 PI
        10 x9 0 PI
        11 x10 0 PI
        12 x11 0 PI
        13 x12 0 PI
        14 x13 0 PI
        15 x14 0 PI
        16 x15 0 PI
        17 x16 0 PI
        18 x17 0 PI
        19 x18 0 PI
        20 x19 0 PI
        21 x20 0 PI
        22 x21 0 PI
        23 x22 0 PI
        24 x23 0 PI
        25 x24 0 PI
        26 x25 0 PI
        27 x26 0 PI
        28 x27 0 PI
        29 x28 0 PI
        30 x29 0 PI
        31 x30 0 PI
        32 x31 0 PI
        33 x32 0 PI
        34 x33 0 PI
        35 x34 0 PI
        36 x35 0 PI
        37 x36 0 PI
        38 x37 0 PI
        39 x38 0 PI
        40 x39 0 PI
        41 x40 0 PI
        42 x41 0 PI
        43 x42 0 PI
        44 x43 0 PI
        45 x44 0 PI
        46 x45 0 PI
        47 x46 0 PI
        48 y0 6 PO_0
        49 y1 8 PO_0
        50 y2 8 PO_0
        51 y3 6 PO_0
        52 y4 8 PO_0
        53 y5 6 PO_0
        54 y6 6 PO_0
        55 y7 8 PO_0
        56 y8 6 PO_0
        57 y9 8 PO_0
        58 y10 6 PO_0
        59 y11 8 PO_0
        60 y12 6 PO_0
        61 y13 6 PO_0
        62 y14 6 PO_0
        63 y15 6 PO_0
        64 y16 6 PO_0
        65 y17 6 PO_0
        66 y18 6 PO_0
        67 y19 6 PO_0
        68 y20 6 PO_0
        69 y21 6 PO_0
        70 y22 6 PO_0
        71 y23 6 PO_0
        72 y24 6 PO_0
        73 y25 6 PO_0
        74 y26 6 PO_0
        75 y27 6 PO_0
        76 y28 6 PO_0
        77 y29 6 PO_0
        78 y30 6 PO_0
        79 y31 8 PO_0
        80 y32 10 PO_0
        81 y33 6 PO_0
        82 y34 6 PO_0
        83 y35 8 PO_0
        84 n100 4 AND_1
        85 n101 3 MAJ_1
        86 n102 5 AND_1
        87 n103 3 AND_0
        88 n104 4 AND_1
        89 n105 4 MAJ_1
        90 n106 5 AND_0
        91 n107 6 OR_0
        92 n108 7 OR_0
        93 n109 4 MAJ_1
        94 n110 4 MAJ_1
        95 n111 5 AND_1
        96 n112 4 MAJ_1
        97 n113 5 AND_1
        98 n114 2 AND_0
        99 n115 4 AND_1
        100 n116 3 MAJ_1
        101 n117 5 AND_0
        102 n118 6 OR_0
        103 n119 7 OR_0
        104 n120 4 MAJ_1
        105 n121 4 MAJ_1
        106 n122 5 AND_1
        107 n123 4 MAJ_1
        108 n124 4 MAJ_1
        109 n125 5 AND_1
        110 n126 4 MAJ_1
        111 n127 4 MAJ_1
        112 n128 5 AND_1
        113 n129 4 MAJ_1
        114 n130 4 MAJ_1
        115 n131 5 AND_1
        116 n132 4 MAJ_1
        117 n133 4 MAJ_1
        118 n134 5 AND_1
        119 n135 4 MAJ_1
        120 n136 4 MAJ_1
        121 n137 5 AND_1
        122 n138 4 MAJ_1
        123 n139 4 MAJ_1
        124 n140 5 AND_1
        125 n141 4 MAJ_1
        126 n142 4 MAJ_1
        127 n143 5 AND_1
        128 n144 4 MAJ_1
        129 n145 4 MAJ_1
        130 n146 5 AND_1
        131 n147 4 MAJ_1
        132 n148 4 MAJ_1
        133 n149 5 AND_1
        134 n150 4 MAJ_1
        135 n151 4 MAJ_1
        136 n152 5 AND_1
        137 n153 4 MAJ_1
        138 n154 4 MAJ_1
        139 n155 5 AND_1
        140 n156 4 MAJ_1
        141 n157 4 MAJ_1
        142 n158 5 AND_1
        143 n159 4 MAJ_1
        144 n160 4 MAJ_1
        145 n161 5 AND_1
        146 n162 4 MAJ_1
        147 n163 4 MAJ_1
        148 n164 5 AND_1
        149 n165 4 MAJ_1
        150 n166 4 MAJ_1
        151 n167 5 AND_1
        152 n168 4 MAJ_1
        153 n169 4 MAJ_1
        154 n170 5 AND_1
        155 n171 4 MAJ_1
        156 n172 4 MAJ_1
        157 n173 5 AND_1
        158 n174 4 MAJ_1
        159 n175 4 MAJ_1
        160 n176 5 AND_1
        161 n177 4 AND_1
        162 n178 4 MAJ_1
        163 n179 5 AND_1
        164 n180 3 AND_0
        165 n181 4 AND_1
        166 n182 4 AND_1
        167 n183 4 MAJ_1
        168 n184 5 AND_0
        169 n185 6 OR_0
        170 n186 7 OR_0
        171 n187 3 MAJ_1
        172 n188 5 AND_0
        173 n189 3 MAJ_1
        174 n190 5 AND_1
        175 n191 4 AND_1
        176 n192 3 MAJ_1
        177 n193 5 AND_0
        178 n194 3 AND_1
        179 n195 5 MAJ_0
        180 n196 6 MAJ_1
        181 n197 2 MAJ_1
        182 n198 5 AND_1
        183 n199 2 MAJ_1
        184 n200 5 AND_0
        185 n201 6 OR_0
        186 n202 6 MAJ_1
        187 n203 7 OR_0
        188 n204 8 OR_0
        189 n205 7 MAJ_1
        190 n206 9 OR_0
        191 n207 4 MAJ_1
        192 n208 4 MAJ_1
        193 n209 5 AND_1
        194 n210 4 MAJ_1
        195 n211 4 MAJ_1
        196 n212 5 AND_1
        197 n213 3 MAJ_1
        198 n214 5 AND_1
        199 n215 3 AND_0
        200 n216 4 AND_1
        201 n217 4 MAJ_1
        202 n218 5 AND_0
        203 n219 6 OR_0
        204 n220 7 OR_0
        205 n48 4 MAJ_1
        206 n49 4 MAJ_1
        207 n50 5 AND_1
        208 n51 4 AND_1
        209 n52 4 MAJ_1
        210 n53 5 AND_1
        211 n54 3 AND_0
        212 n55 4 AND_1
        213 n56 4 AND_1
        214 n57 3 MAJ_1
        215 n58 5 AND_0
        216 n59 6 OR_0
        217 n60 7 OR_0
        218 n61 4 AND_1
        219 n62 4 MAJ_1
        220 n63 5 AND_1
        221 n64 3 AND_0
        222 n65 4 AND_1
        223 n66 3 MAJ_1
        224 n67 5 AND_0
        225 n68 6 OR_0
        226 n69 7 OR_0
        227 n70 4 MAJ_1
        228 n71 4 MAJ_1
        229 n72 5 AND_1
        230 n73 3 MAJ_1
        231 n74 5 AND_1
        232 n75 3 AND_0
        233 n76 4 AND_1
        234 n77 4 AND_1
        235 n78 3 MAJ_1
        236 n79 5 AND_0
        237 n80 6 OR_0
        238 n81 7 OR_0
        239 n82 4 MAJ_1
        240 n83 4 MAJ_1
        241 n84 5 AND_1
        242 n85 4 MAJ_1
        243 n86 4 MAJ_1
        244 n87 5 AND_1
        245 n88 4 AND_1
        246 n89 4 MAJ_1
        247 n90 5 AND_1
        248 n91 4 AND_1
        249 n92 4 MAJ_1
        250 n93 5 AND_0
        251 n94 6 OR_0
        252 n95 6 MAJ_1
        253 n96 7 OR_0
        254 n97 4 MAJ_1
        255 n98 4 MAJ_1
        256 n99 5 AND_1
        257 v1 1 VIR
        258 v10 1 VIR
        259 v11 1 VIR
        260 v12 1 VIR
        261 v13 1 VIR
        262 v14 1 VIR
        263 v15 1 VIR
        264 v16 1 VIR
        265 v17 1 VIR
        266 v18 1 VIR
        267 v19 1 VIR
        268 v2 1 VIR
        269 v20 1 VIR
        270 v21 1 VIR
        271 v22 1 VIR
        272 v23 1 VIR
        273 v24 1 VIR
        274 v25 1 VIR
        275 v26 1 VIR
        276 v27 1 VIR
        277 v28 2 VIR
        278 v29 2 VIR
        279 v3 1 VIR
        280 v30 2 VIR
        281 v31 2 VIR
        282 v32 2 VIR
        283 v33 2 VIR
        284 v34 2 VIR
        285 v35 2 VIR
        286 v36 2 VIR
        287 v37 2 VIR
        288 v38 2 VIR
        289 v39 2 VIR
        290 v4 1 VIR
        291 v40 2 VIR
        292 v41 2 VIR
        293 v42 2 VIR
        294 v43 2 VIR
        295 v44 2 VIR
        296 v45 2 VIR
        297 v46 2 VIR
        298 v47 2 VIR
        299 v48 2 VIR
        300 v49 2 VIR
        301 v5 1 VIR
        302 v50 2 VIR
        303 v51 2 VIR
        304 v52 2 VIR
        305 v53 2 VIR
        306 v54 2 VIR
        307 v55 2 VIR
        308 v56 2 VIR
        309 v57 2 VIR
        310 v58 2 VIR
        311 v59 2 VIR
        312 v6 1 VIR
        313 v60 2 VIR
        314 v61 2 VIR
        315 v62 2 VIR
        316 v63 2 VIR
        317 v64 3 VIR
        318 v65 3 VIR
        319 v66 3 VIR
        320 v67 3 VIR
        321 v68 3 VIR
        322 v69 3 VIR
        323 v7 1 VIR
        324 v70 3 VIR
        325 v71 3 VIR
        326 v72 3 VIR
        327 v73 3 VIR
        328 v74 3 VIR
        329 v75 3 VIR
        330 v76 3 VIR
        331 v77 3 VIR
        332 v78 3 VIR
        333 v79 3 VIR
        334 v8 1 VIR
        335 v80 3 VIR
        336 v81 3 VIR
        337 v82 3 VIR
        338 v83 3 VIR
        339 v84 3 VIR
        340 v85 3 VIR
        341 v86 3 VIR
        342 v87 3 VIR
        343 v88 3 VIR
        344 v89 3 VIR
        345 v9 1 VIR
        346 v90 3 VIR
        347 v91 3 VIR
        348 v92 3 VIR
        349 v93 3 VIR
        350 v94 3 VIR
        351 v95 3 VIR
        352 v96 3 VIR
        353 v97 3 VIR
        354 v98 3 VIR
    ]
    edge:
    [
        1 257
        28 258
        29 259
        30 260
        32 261
        34 262
        36 263
        41 264
        41 265
        41 266
        42 267
        1 268
        42 269
        42 270
        43 271
        43 272
        43 273
        44 274
        44 275
        44 276
        1 279
        25 290
        26 301
        26 312
        27 323
        28 334
        28 345
        279 98
        263 98
        257 181
        25 181
        301 181
        290 183
        301 183
        334 183
        257 277
        257 278
        264 280
        265 281
        266 282
        267 283
        267 284
        267 285
        268 286
        268 287
        269 288
        269 289
        269 291
        270 292
        270 293
        270 294
        271 295
        271 296
        271 297
        272 298
        272 299
        272 300
        273 302
        273 303
        273 304
        274 305
        274 306
        274 307
        275 308
        275 309
        275 310
        276 311
        276 313
        276 314
        279 315
        279 316
        287 85
        36 85
        297 85
        287 87
        262 87
        263 100
        38 100
        299 100
        315 164
        301 164
        312 171
        258 171
        296 171
        315 173
        312 173
        297 173
        277 176
        334 176
        295 176
        277 178
        345 178
        316 197
        259 197
        295 197
        316 199
        323 199
        278 211
        30 211
        260 214
        261 214
        299 214
        278 221
        261 221
        261 223
        262 223
        298 223
        268 230
        260 230
        296 230
        286 232
        29 232
        259 235
        260 235
        298 235
        283 317
        295 318
        296 319
        297 320
        298 321
        299 322
        302 324
        303 325
        305 326
        305 327
        305 328
        306 329
        306 330
        306 331
        307 332
        307 333
        307 335
        308 336
        308 337
        308 338
        309 339
        309 340
        309 341
        310 342
        310 343
        310 344
        311 346
        311 347
        311 348
        313 349
        313 350
        313 351
        314 352
        314 353
        314 354
        36 84
        328 84
        331 88
        87 88
        262 89
        263 89
        321 89
        17 93
        284 93
        335 93
        15 94
        285 94
        336 94
        287 96
        38 96
        320 96
        330 99
        98 99
        15 104
        285 104
        336 104
        13 105
        285 105
        336 105
        21 107
        288 107
        337 107
        19 108
        288 108
        337 108
        19 110
        288 110
        337 110
        17 111
        289 111
        338 111
        4 113
        289 113
        338 113
        2 114
        289 114
        339 114
        2 116
        291 116
        339 116
        21 117
        291 117
        339 117
        8 119
        291 119
        340 119
        6 120
        292 120
        340 120
        6 122
        292 122
        340 122
        4 123
        292 123
        341 123
        12 125
        293 125
        341 125
        10 126
        293 126
        342 126
        10 128
        293 128
        342 128
        8 129
        294 129
        342 129
        16 131
        304 131
        343 131
        14 132
        325 132
        343 132
        258 134
        294 134
        343 134
        12 135
        294 135
        344 135
        20 137
        325 137
        344 137
        18 138
        303 138
        346 138
        18 140
        303 140
        346 140
        16 141
        304 141
        346 141
        23 143
        324 143
        347 143
        22 144
        304 144
        347 144
        22 146
        300 146
        351 146
        20 147
        300 147
        348 147
        290 149
        300 149
        348 149
        24 150
        302 150
        349 150
        24 152
        302 152
        349 152
        23 153
        324 153
        349 153
        265 155
        350 155
        45 155
        37 156
        265 156
        350 156
        281 158
        350 158
        46 158
        39 159
        281 159
        354 159
        27 161
        329 161
        315 162
        27 162
        320 162
        332 165
        164 165
        26 166
        326 166
        312 167
        323 167
        322 167
        25 175
        326 175
        266 191
        353 191
        47 191
        40 192
        266 192
        353 192
        31 194
        282 194
        353 194
        316 195
        282 195
        354 195
        332 200
        199 200
        323 201
        259 201
        321 201
        33 205
        264 205
        352 205
        3 206
        264 206
        347 206
        32 208
        327 208
        277 209
        32 209
        318 209
        330 212
        211 212
        30 213
        327 213
        34 218
        328 218
        278 219
        34 219
        318 219
        330 222
        221 222
        9 227
        283 227
        351 227
        7 228
        283 228
        352 228
        331 233
        232 233
        29 234
        327 234
        35 239
        280 239
        352 239
        5 240
        280 240
        332 240
        13 242
        317 242
        333 242
        11 243
        317 243
        333 243
        334 245
        326 245
        286 246
        345 246
        319 246
        38 248
        329 248
        286 249
        345 249
        329 249
        11 254
        284 254
        333 254
        9 255
        284 255
        335 255
        84 86
        85 86
        218 90
        89 90
        93 95
        94 95
        248 97
        96 97
        84 101
        100 101
        104 106
        105 106
        107 109
        108 109
        110 112
        111 112
        113 115
        114 115
        116 118
        117 118
        119 121
        120 121
        122 124
        123 124
        125 127
        126 127
        128 130
        129 130
        131 133
        132 133
        134 136
        135 136
        137 139
        138 139
        140 142
        141 142
        143 145
        144 145
        146 148
        147 148
        149 151
        150 151
        152 154
        153 154
        155 157
        156 157
        158 160
        159 160
        161 163
        162 163
        166 168
        167 168
        245 172
        171 172
        166 174
        173 174
        245 177
        176 177
        258 179
        175 179
        178 179
        175 182
        181 182
        166 184
        183 184
        191 193
        192 193
        194 196
        195 196
        234 198
        197 198
        161 202
        201 202
        205 207
        206 207
        208 210
        209 210
        213 215
        214 215
        218 220
        219 220
        208 224
        223 224
        227 229
        228 229
        213 231
        230 231
        234 236
        235 236
        239 241
        240 241
        242 244
        243 244
        245 247
        246 247
        248 250
        249 250
        254 256
        255 256
        86 91
        88 91
        97 102
        99 102
        163 169
        165 169
        177 180
        178 180
        179 180
        182 185
        184 185
        319 186
        175 186
        184 186
        198 203
        200 203
        210 216
        212 216
        220 225
        222 225
        231 237
        233 237
        247 251
        250 251
        322 252
        247 252
        248 252
        90 92
        91 92
        101 103
        102 103
        168 170
        169 170
        185 187
        186 187
        172 189
        174 189
        180 189
        202 204
        203 204
        215 217
        216 217
        224 226
        225 226
        236 238
        237 238
        251 253
        252 253
        174 188
        187 188
        188 190
        189 190
        207 48
        217 49
        226 50
        229 51
        238 52
        241 53
        244 54
        253 55
        256 56
        92 57
        95 58
        103 59
        106 60
        109 61
        112 62
        115 63
        118 64
        121 65
        124 66
        127 67
        130 68
        133 69
        136 70
        139 71
        142 72
        145 73
        148 74
        151 75
        154 76
        157 77
        160 78
        170 79
        190 80
        193 81
        196 82
        204 83
    ]
]
