circuit_name:clipnew_processed
[
    node:
    [
        1 x0 0 PI
        2 x1 0 PI
        3 x2 0 PI
        4 x3 0 PI
        5 x4 0 PI
        6 x5 0 PI
        7 x6 0 PI
        8 x7 0 PI
        9 x8 0 PI
        10 y0 16 PO_0
        11 y1 15 PO_0
        12 y2 15 PO_0
        13 y3 16 PO_0
        14 y4 14 PO_0
        15 n10 4 AND_0
        16 n100 5 MAJ_0
        17 n101 7 AND_1
        18 n102 4 OR_0
        19 n103 4 AND_1
        20 n104 5 AND_1
        21 n105 6 MAJ_1
        22 n106 7 AND_1
        23 n107 4 AND_1
        24 n108 5 AND_0
        25 n109 5 MAJ_1
        26 n11 4 OR_0
        27 n110 6 AND_1
        28 n111 8 OR_0
        29 n112 10 MAJ_1
        30 n113 11 OR_0
        31 n114 6 AND_0
        32 n115 4 MAJ_0
        33 n116 7 AND_1
        34 n117 5 AND_0
        35 n118 6 AND_0
        36 n119 6 MAJ_1
        37 n12 6 AND_1
        38 n120 7 AND_0
        39 n121 3 AND_0
        40 n122 4 AND_1
        41 n123 5 AND_1
        42 n124 5 AND_1
        43 n125 6 AND_0
        44 n126 6 OR_0
        45 n127 7 MAJ_1
        46 n128 6 AND_0
        47 n129 7 MAJ_0
        48 n13 5 OR_0
        49 n130 8 MAJ_1
        50 n131 4 AND_1
        51 n132 5 AND_0
        52 n133 4 AND_1
        53 n134 5 AND_0
        54 n135 4 AND_1
        55 n136 5 AND_1
        56 n137 6 AND_1
        57 n138 7 MAJ_1
        58 n139 8 MAJ_0
        59 n14 4 AND_1
        60 n140 9 OR_0
        61 n141 9 MAJ_1
        62 n142 10 OR_0
        63 n143 3 OR_0
        64 n144 4 AND_1
        65 n145 6 MAJ_1
        66 n146 7 AND_1
        67 n147 4 AND_1
        68 n148 5 AND_0
        69 n149 7 AND_0
        70 n15 5 AND_0
        71 n150 7 AND_1
        72 n151 8 MAJ_1
        73 n152 5 AND_0
        74 n153 6 MAJ_1
        75 n154 7 AND_1
        76 n155 4 AND_0
        77 n156 5 AND_0
        78 n157 6 AND_1
        79 n158 4 MAJ_1
        80 n159 7 AND_0
        81 n16 7 AND_0
        82 n160 8 OR_0
        83 n161 8 MAJ_0
        84 n162 9 OR_0
        85 n163 4 OR_0
        86 n164 4 AND_1
        87 n165 5 AND_0
        88 n166 5 MAJ_1
        89 n167 6 AND_0
        90 n168 5 OR_0
        91 n169 7 MAJ_1
        92 n17 8 MAJ_1
        93 n170 8 MAJ_1
        94 n171 9 OR_0
        95 n172 10 MAJ_1
        96 n173 11 OR_0
        97 n174 12 OR_0
        98 n175 12 MAJ_1
        99 n176 13 OR_0
        100 n177 14 OR_0
        101 n178 12 MAJ_1
        102 n179 15 OR_0
        103 n18 9 MAJ_1
        104 n180 4 AND_1
        105 n181 5 AND_0
        106 n182 5 MAJ_1
        107 n183 6 AND_0
        108 n184 5 AND_0
        109 n185 6 MAJ_0
        110 n186 7 MAJ_1
        111 n187 7 MAJ_1
        112 n188 6 MAJ_1
        113 n189 8 AND_0
        114 n19 4 OR_0
        115 n190 7 MAJ_1
        116 n191 9 MAJ_1
        117 n192 4 AND_1
        118 n193 5 AND_0
        119 n194 5 AND_1
        120 n195 6 AND_1
        121 n196 6 AND_1
        122 n197 7 MAJ_1
        123 n198 4 AND_1
        124 n199 7 MAJ_1
        125 n20 5 AND_1
        126 n200 8 MAJ_1
        127 n201 6 AND_1
        128 n202 4 MAJ_0
        129 n203 7 AND_1
        130 n204 4 AND_1
        131 n205 5 AND_1
        132 n206 4 OR_0
        133 n207 5 AND_1
        134 n208 6 MAJ_1
        135 n209 6 MAJ_1
        136 n21 4 AND_0
        137 n210 7 AND_1
        138 n211 4 OR_0
        139 n212 4 AND_1
        140 n213 5 AND_1
        141 n214 5 AND_1
        142 n215 5 AND_1
        143 n216 4 MAJ_0
        144 n217 6 AND_1
        145 n218 6 OR_0
        146 n219 7 AND_0
        147 n22 5 AND_0
        148 n220 8 MAJ_1
        149 n221 5 AND_1
        150 n222 4 MAJ_1
        151 n223 6 AND_1
        152 n224 4 MAJ_1
        153 n225 6 AND_1
        154 n226 5 AND_0
        155 n227 7 OR_0
        156 n228 7 MAJ_0
        157 n229 8 OR_0
        158 n23 4 OR_0
        159 n230 9 OR_0
        160 n231 9 MAJ_1
        161 n232 10 OR_0
        162 n233 11 OR_0
        163 n234 10 MAJ_1
        164 n235 12 OR_0
        165 n236 4 MAJ_1
        166 n237 7 AND_1
        167 n238 7 AND_1
        168 n239 6 MAJ_1
        169 n24 4 MAJ_1
        170 n240 8 AND_0
        171 n241 4 MAJ_1
        172 n242 6 AND_0
        173 n243 8 OR_0
        174 n244 9 AND_1
        175 n245 10 MAJ_1
        176 n246 4 AND_0
        177 n247 5 AND_1
        178 n248 4 AND_0
        179 n249 4 MAJ_0
        180 n25 5 AND_1
        181 n250 5 AND_1
        182 n251 6 AND_1
        183 n252 7 MAJ_0
        184 n253 8 AND_0
        185 n254 4 AND_0
        186 n255 4 MAJ_1
        187 n256 5 AND_1
        188 n257 6 OR_0
        189 n258 7 AND_1
        190 n259 9 MAJ_1
        191 n26 4 AND_1
        192 n260 4 MAJ_0
        193 n261 5 AND_0
        194 n262 5 AND_0
        195 n263 7 MAJ_1
        196 n264 8 AND_0
        197 n265 6 AND_1
        198 n266 5 AND_0
        199 n267 8 MAJ_0
        200 n268 9 MAJ_1
        201 n269 10 OR_0
        202 n27 6 MAJ_1
        203 n270 10 MAJ_0
        204 n271 11 OR_0
        205 n272 5 AND_1
        206 n273 6 AND_0
        207 n274 4 AND_1
        208 n275 5 AND_0
        209 n276 5 OR_0
        210 n277 6 MAJ_1
        211 n278 7 MAJ_1
        212 n279 5 AND_1
        213 n28 7 MAJ_1
        214 n280 7 MAJ_0
        215 n281 8 MAJ_1
        216 n282 6 AND_0
        217 n283 4 MAJ_1
        218 n284 7 AND_1
        219 n285 5 AND_1
        220 n286 6 AND_0
        221 n287 7 AND_1
        222 n288 8 MAJ_0
        223 n289 5 AND_1
        224 n29 4 OR_0
        225 n290 4 MAJ_1
        226 n291 6 AND_0
        227 n292 6 OR_0
        228 n293 7 AND_1
        229 n294 8 MAJ_1
        230 n295 9 OR_0
        231 n296 9 MAJ_1
        232 n297 10 OR_0
        233 n298 3 OR_0
        234 n299 4 AND_1
        235 n30 4 OR_0
        236 n300 6 AND_0
        237 n301 7 AND_0
        238 n302 4 MAJ_0
        239 n303 8 AND_1
        240 n304 7 OR_0
        241 n305 8 AND_1
        242 n306 9 MAJ_1
        243 n307 6 AND_1
        244 n308 7 MAJ_0
        245 n309 7 AND_0
        246 n31 3 AND_1
        247 n310 8 MAJ_0
        248 n311 9 MAJ_1
        249 n312 5 AND_0
        250 n313 6 AND_1
        251 n314 5 AND_0
        252 n315 4 MAJ_0
        253 n316 7 AND_1
        254 n317 7 OR_0
        255 n318 8 AND_1
        256 n319 9 MAJ_1
        257 n32 6 MAJ_0
        258 n320 10 OR_0
        259 n321 11 MAJ_1
        260 n322 12 OR_0
        261 n323 13 OR_0
        262 n324 13 MAJ_1
        263 n325 14 OR_0
        264 n326 7 AND_0
        265 n327 4 MAJ_1
        266 n328 8 AND_1
        267 n329 5 AND_1
        268 n33 7 AND_1
        269 n330 5 AND_0
        270 n331 7 MAJ_0
        271 n332 9 MAJ_1
        272 n333 5 AND_1
        273 n334 8 MAJ_0
        274 n335 10 MAJ_1
        275 n336 5 AND_1
        276 n337 7 MAJ_1
        277 n338 8 AND_0
        278 n339 6 AND_1
        279 n34 8 OR_0
        280 n340 4 MAJ_1
        281 n341 7 AND_0
        282 n342 7 AND_1
        283 n343 4 MAJ_1
        284 n344 8 AND_0
        285 n345 9 OR_0
        286 n346 9 MAJ_0
        287 n347 10 OR_0
        288 n348 11 OR_0
        289 n349 11 MAJ_0
        290 n35 8 MAJ_0
        291 n350 12 OR_0
        292 n351 4 AND_1
        293 n352 7 AND_0
        294 n353 4 OR_0
        295 n354 7 MAJ_1
        296 n355 8 MAJ_1
        297 n356 7 AND_1
        298 n357 4 MAJ_1
        299 n358 8 AND_1
        300 n359 7 MAJ_1
        301 n36 9 OR_0
        302 n360 9 MAJ_1
        303 n361 4 AND_1
        304 n362 5 AND_1
        305 n363 7 OR_0
        306 n364 8 AND_0
        307 n365 9 MAJ_1
        308 n366 10 OR_0
        309 n367 10 MAJ_1
        310 n368 11 OR_0
        311 n369 4 MAJ_1
        312 n37 3 AND_1
        313 n370 4 XOR_0
        314 n371 5 AND_0
        315 n372 6 MAJ_1
        316 n373 13 OR_0
        317 n374 13 MAJ_1
        318 n375 14 OR_0
        319 n376 4 AND_1
        320 n377 5 AND_0
        321 n378 5 AND_1
        322 n379 6 OR_0
        323 n38 5 AND_1
        324 n380 4 MAJ_1
        325 n381 7 AND_1
        326 n382 6 OR_0
        327 n383 7 AND_1
        328 n384 8 MAJ_1
        329 n385 6 AND_0
        330 n386 7 AND_1
        331 n387 8 MAJ_1
        332 n388 4 MAJ_1
        333 n389 5 XOR_0
        334 n39 4 MAJ_0
        335 n390 6 XOR_0
        336 n391 6 MAJ_1
        337 n392 7 AND_0
        338 n393 9 OR_0
        339 n394 9 MAJ_1
        340 n395 10 OR_0
        341 n396 4 MAJ_1
        342 n397 5 AND_0
        343 n398 8 AND_1
        344 n399 9 MAJ_1
        345 n40 6 AND_0
        346 n400 10 MAJ_0
        347 n401 7 AND_0
        348 n402 6 MAJ_1
        349 n403 8 AND_0
        350 n404 7 AND_0
        351 n405 4 MAJ_0
        352 n406 8 AND_1
        353 n407 9 OR_0
        354 n408 9 MAJ_0
        355 n409 10 OR_0
        356 n41 4 AND_1
        357 n410 5 AND_1
        358 n411 6 AND_1
        359 n412 4 MAJ_0
        360 n413 7 AND_0
        361 n414 7 AND_0
        362 n415 8 MAJ_0
        363 n416 9 MAJ_1
        364 n417 11 OR_0
        365 n418 10 MAJ_0
        366 n419 12 OR_0
        367 n42 5 AND_0
        368 n420 6 AND_1
        369 n421 6 MAJ_1
        370 n422 7 AND_1
        371 n423 5 OR_0
        372 n424 4 MAJ_1
        373 n425 6 AND_1
        374 n426 4 AND_1
        375 n427 6 AND_1
        376 n428 7 MAJ_1
        377 n429 6 AND_0
        378 n43 4 MAJ_1
        379 n430 4 MAJ_0
        380 n431 7 AND_1
        381 n432 4 MAJ_1
        382 n433 5 XOR_0
        383 n434 6 AND_0
        384 n435 8 OR_0
        385 n436 8 MAJ_1
        386 n437 9 OR_0
        387 n438 10 OR_0
        388 n439 10 MAJ_0
        389 n44 6 AND_1
        390 n440 11 OR_0
        391 n441 6 AND_0
        392 n442 4 MAJ_1
        393 n443 7 AND_0
        394 n444 6 AND_1
        395 n445 4 MAJ_0
        396 n446 7 AND_0
        397 n447 7 MAJ_0
        398 n448 8 MAJ_1
        399 n449 4 OR_0
        400 n45 4 OR_0
        401 n450 5 AND_1
        402 n451 6 MAJ_1
        403 n452 7 AND_1
        404 n453 6 MAJ_0
        405 n454 8 MAJ_1
        406 n455 6 AND_1
        407 n456 7 MAJ_1
        408 n457 6 MAJ_0
        409 n458 8 AND_0
        410 n459 9 OR_0
        411 n46 4 AND_1
        412 n460 9 MAJ_1
        413 n461 10 OR_0
        414 n462 11 OR_0
        415 n463 12 MAJ_1
        416 n464 13 OR_0
        417 n465 14 OR_0
        418 n466 13 MAJ_1
        419 n467 15 OR_0
        420 n468 6 AND_0
        421 n469 6 AND_0
        422 n47 5 OR_0
        423 n470 8 AND_1
        424 n471 9 MAJ_1
        425 n472 10 MAJ_0
        426 n473 4 MAJ_1
        427 n474 8 AND_0
        428 n475 6 AND_1
        429 n476 7 AND_1
        430 n477 9 OR_0
        431 n478 8 MAJ_0
        432 n479 10 OR_0
        433 n48 6 MAJ_0
        434 n480 3 AND_1
        435 n481 4 AND_1
        436 n482 4 MAJ_0
        437 n483 5 AND_1
        438 n484 5 MAJ_1
        439 n485 6 MAJ_1
        440 n486 3 AND_1
        441 n487 4 MAJ_1
        442 n488 5 AND_1
        443 n489 4 AND_1
        444 n49 7 MAJ_1
        445 n490 5 AND_1
        446 n491 6 AND_1
        447 n492 4 AND_1
        448 n493 5 AND_1
        449 n494 3 MAJ_0
        450 n495 6 AND_1
        451 n496 3 AND_1
        452 n497 5 MAJ_1
        453 n498 7 MAJ_1
        454 n499 6 AND_1
        455 n50 4 AND_1
        456 n500 7 MAJ_1
        457 n501 4 OR_0
        458 n502 6 MAJ_0
        459 n503 8 MAJ_1
        460 n504 9 OR_0
        461 n505 8 MAJ_1
        462 n506 10 OR_0
        463 n507 4 AND_1
        464 n508 5 OR_0
        465 n509 11 MAJ_1
        466 n51 4 AND_0
        467 n510 12 OR_0
        468 n511 11 MAJ_1
        469 n512 13 OR_0
        470 n52 5 AND_0
        471 n53 5 AND_1
        472 n54 6 AND_1
        473 n55 7 MAJ_0
        474 n56 6 AND_1
        475 n57 7 MAJ_0
        476 n58 8 MAJ_1
        477 n59 4 AND_1
        478 n60 5 AND_0
        479 n61 4 AND_1
        480 n62 5 AND_0
        481 n63 4 MAJ_1
        482 n64 6 AND_0
        483 n65 6 AND_1
        484 n66 3 MAJ_1
        485 n67 7 AND_0
        486 n68 8 OR_0
        487 n69 8 MAJ_0
        488 n70 9 OR_0
        489 n71 10 OR_0
        490 n72 9 MAJ_1
        491 n73 11 OR_0
        492 n74 3 AND_1
        493 n75 4 AND_0
        494 n76 5 OR_0
        495 n77 4 OR_0
        496 n78 5 AND_1
        497 n79 6 AND_1
        498 n80 4 OR_0
        499 n81 5 AND_1
        500 n82 6 AND_1
        501 n83 7 MAJ_0
        502 n84 8 AND_0
        503 n85 6 AND_0
        504 n86 7 MAJ_1
        505 n87 9 MAJ_1
        506 n88 4 AND_0
        507 n89 5 AND_0
        508 n90 4 AND_1
        509 n91 6 AND_1
        510 n92 5 AND_0
        511 n93 5 AND_0
        512 n94 7 MAJ_0
        513 n95 8 AND_0
        514 n96 6 OR_0
        515 n97 7 MAJ_1
        516 n98 9 MAJ_1
        517 n99 6 AND_0
        518 v1 5 VIR
        519 v10 4 VIR
        520 v100 2 VIR
        521 v101 2 VIR
        522 v102 2 VIR
        523 v103 2 VIR
        524 v104 2 VIR
        525 v105 2 VIR
        526 v106 2 VIR
        527 v107 2 VIR
        528 v108 2 VIR
        529 v109 2 VIR
        530 v11 4 VIR
        531 v110 2 VIR
        532 v111 2 VIR
        533 v112 2 VIR
        534 v113 2 VIR
        535 v114 2 VIR
        536 v115 2 VIR
        537 v116 2 VIR
        538 v117 2 VIR
        539 v118 2 VIR
        540 v119 2 VIR
        541 v12 6 VIR
        542 v120 2 VIR
        543 v121 2 VIR
        544 v122 2 VIR
        545 v123 2 VIR
        546 v124 2 VIR
        547 v125 2 VIR
        548 v126 2 VIR
        549 v127 2 VIR
        550 v128 2 VIR
        551 v129 2 VIR
        552 v13 6 VIR
        553 v130 2 VIR
        554 v131 2 VIR
        555 v132 2 VIR
        556 v133 2 VIR
        557 v134 2 VIR
        558 v135 2 VIR
        559 v136 2 VIR
        560 v137 2 VIR
        561 v138 2 VIR
        562 v139 2 VIR
        563 v14 6 VIR
        564 v140 2 VIR
        565 v141 2 VIR
        566 v142 2 VIR
        567 v143 2 VIR
        568 v144 2 VIR
        569 v145 2 VIR
        570 v146 2 VIR
        571 v147 2 VIR
        572 v148 2 VIR
        573 v149 2 VIR
        574 v15 6 VIR
        575 v150 2 VIR
        576 v151 2 VIR
        577 v152 2 VIR
        578 v153 2 VIR
        579 v154 2 VIR
        580 v155 2 VIR
        581 v156 2 VIR
        582 v157 2 VIR
        583 v158 5 VIR
        584 v159 3 VIR
        585 v16 6 VIR
        586 v160 3 VIR
        587 v161 3 VIR
        588 v162 3 VIR
        589 v163 3 VIR
        590 v164 3 VIR
        591 v165 3 VIR
        592 v166 3 VIR
        593 v167 3 VIR
        594 v168 3 VIR
        595 v169 3 VIR
        596 v17 6 VIR
        597 v170 3 VIR
        598 v171 3 VIR
        599 v172 3 VIR
        600 v173 3 VIR
        601 v174 3 VIR
        602 v175 3 VIR
        603 v176 3 VIR
        604 v177 3 VIR
        605 v178 3 VIR
        606 v179 3 VIR
        607 v18 6 VIR
        608 v180 3 VIR
        609 v181 3 VIR
        610 v182 3 VIR
        611 v183 3 VIR
        612 v184 3 VIR
        613 v185 3 VIR
        614 v186 3 VIR
        615 v187 3 VIR
        616 v188 3 VIR
        617 v189 3 VIR
        618 v19 6 VIR
        619 v190 3 VIR
        620 v191 3 VIR
        621 v192 3 VIR
        622 v193 3 VIR
        623 v194 3 VIR
        624 v195 3 VIR
        625 v196 3 VIR
        626 v197 3 VIR
        627 v198 3 VIR
        628 v199 3 VIR
        629 v2 5 VIR
        630 v20 5 VIR
        631 v200 3 VIR
        632 v201 3 VIR
        633 v202 3 VIR
        634 v203 3 VIR
        635 v204 3 VIR
        636 v205 3 VIR
        637 v206 3 VIR
        638 v207 3 VIR
        639 v208 3 VIR
        640 v209 3 VIR
        641 v21 5 VIR
        642 v210 3 VIR
        643 v211 3 VIR
        644 v212 3 VIR
        645 v213 3 VIR
        646 v214 3 VIR
        647 v215 3 VIR
        648 v216 3 VIR
        649 v217 3 VIR
        650 v218 3 VIR
        651 v219 3 VIR
        652 v22 5 VIR
        653 v220 3 VIR
        654 v221 3 VIR
        655 v222 3 VIR
        656 v223 3 VIR
        657 v224 3 VIR
        658 v225 3 VIR
        659 v226 3 VIR
        660 v227 3 VIR
        661 v228 3 VIR
        662 v229 3 VIR
        663 v23 5 VIR
        664 v230 3 VIR
        665 v231 3 VIR
        666 v232 3 VIR
        667 v233 3 VIR
        668 v234 3 VIR
        669 v235 3 VIR
        670 v236 3 VIR
        671 v237 3 VIR
        672 v238 3 VIR
        673 v239 3 VIR
        674 v24 7 VIR
        675 v240 3 VIR
        676 v241 3 VIR
        677 v242 3 VIR
        678 v243 3 VIR
        679 v244 3 VIR
        680 v245 3 VIR
        681 v246 3 VIR
        682 v247 3 VIR
        683 v248 3 VIR
        684 v249 3 VIR
        685 v25 6 VIR
        686 v250 3 VIR
        687 v251 3 VIR
        688 v252 3 VIR
        689 v253 3 VIR
        690 v254 3 VIR
        691 v255 3 VIR
        692 v256 3 VIR
        693 v26 6 VIR
        694 v27 5 VIR
        695 v28 7 VIR
        696 v29 6 VIR
        697 v3 5 VIR
        698 v30 6 VIR
        699 v31 5 VIR
        700 v32 5 VIR
        701 v33 4 VIR
        702 v34 4 VIR
        703 v35 4 VIR
        704 v36 5 VIR
        705 v37 5 VIR
        706 v38 5 VIR
        707 v39 5 VIR
        708 v4 5 VIR
        709 v40 5 VIR
        710 v41 6 VIR
        711 v42 6 VIR
        712 v43 1 VIR
        713 v44 1 VIR
        714 v45 1 VIR
        715 v46 1 VIR
        716 v47 1 VIR
        717 v48 1 VIR
        718 v49 1 VIR
        719 v5 5 VIR
        720 v50 1 VIR
        721 v51 1 VIR
        722 v52 1 VIR
        723 v53 1 VIR
        724 v54 1 VIR
        725 v55 1 VIR
        726 v56 1 VIR
        727 v57 1 VIR
        728 v58 1 VIR
        729 v59 1 VIR
        730 v6 5 VIR
        731 v60 1 VIR
        732 v61 1 VIR
        733 v62 1 VIR
        734 v63 1 VIR
        735 v64 1 VIR
        736 v65 1 VIR
        737 v66 1 VIR
        738 v67 1 VIR
        739 v68 1 VIR
        740 v69 1 VIR
        741 v7 5 VIR
        742 v70 5 VIR
        743 v71 5 VIR
        744 v72 6 VIR
        745 v73 5 VIR
        746 v74 5 VIR
        747 v75 6 VIR
        748 v76 6 VIR
        749 v77 2 VIR
        750 v78 2 VIR
        751 v79 2 VIR
        752 v8 7 VIR
        753 v80 2 VIR
        754 v81 2 VIR
        755 v82 2 VIR
        756 v83 2 VIR
        757 v84 2 VIR
        758 v85 2 VIR
        759 v86 2 VIR
        760 v87 2 VIR
        761 v88 2 VIR
        762 v89 2 VIR
        763 v9 4 VIR
        764 v90 2 VIR
        765 v91 2 VIR
        766 v92 2 VIR
        767 v93 2 VIR
        768 v94 2 VIR
        769 v95 2 VIR
        770 v96 2 VIR
        771 v97 2 VIR
        772 v98 2 VIR
        773 v99 2 VIR
    ]
    edge:
    [
        1 712
        1 713
        1 714
        2 715
        2 716
        2 717
        3 718
        3 720
        3 721
        4 722
        4 723
        4 724
        5 725
        5 726
        5 727
        6 728
        6 729
        6 731
        7 732
        7 733
        7 734
        8 735
        8 736
        8 737
        9 738
        9 739
        9 740
        720 520
        721 521
        721 522
        721 523
        722 524
        722 525
        722 526
        723 527
        723 528
        723 529
        724 531
        724 532
        724 533
        725 534
        725 535
        725 536
        726 537
        726 538
        726 539
        727 540
        727 542
        727 543
        728 544
        728 545
        728 546
        729 547
        729 548
        729 549
        731 550
        731 551
        731 553
        732 554
        732 555
        732 556
        733 557
        733 558
        733 559
        734 560
        734 561
        734 562
        735 564
        735 565
        735 566
        736 567
        736 568
        736 569
        737 570
        737 571
        737 572
        738 573
        738 575
        738 576
        739 577
        739 578
        739 579
        740 580
        740 581
        740 582
        712 749
        712 750
        712 751
        713 753
        713 754
        713 755
        714 756
        714 757
        714 758
        715 759
        715 760
        715 761
        716 762
        716 764
        716 765
        717 766
        717 767
        717 768
        718 769
        718 770
        718 771
        720 772
        720 773
        750 39
        760 39
        544 63
        564 63
        764 233
        772 233
        758 246
        562 246
        771 312
        547 312
        758 434
        523 434
        532 440
        581 440
        756 449
        560 449
        569 449
        756 451
        540 451
        772 484
        549 484
        568 484
        534 492
        554 492
        520 584
        521 586
        522 587
        523 588
        524 589
        524 590
        524 591
        525 592
        525 593
        526 594
        526 595
        527 597
        527 598
        527 599
        528 600
        528 601
        529 602
        529 603
        531 604
        531 605
        531 606
        532 608
        532 609
        533 610
        533 611
        534 612
        534 613
        535 614
        535 615
        536 616
        536 617
        537 619
        537 620
        538 621
        538 622
        539 623
        539 624
        540 625
        540 626
        542 627
        542 628
        543 631
        543 632
        544 633
        544 634
        545 635
        546 636
        547 637
        548 638
        549 639
        550 640
        551 642
        553 643
        554 644
        555 645
        556 646
        557 647
        558 648
        559 649
        560 650
        561 651
        564 653
        565 654
        566 655
        567 656
        568 657
        569 658
        570 659
        571 660
        572 661
        573 662
        573 664
        575 665
        576 666
        577 667
        577 668
        578 669
        579 670
        580 671
        580 672
        581 673
        582 675
        749 676
        753 677
        759 678
        760 679
        761 680
        762 681
        764 682
        765 683
        766 684
        767 686
        768 687
        769 688
        770 689
        771 690
        772 691
        773 692
        749 15
        589 15
        750 18
        678 18
        614 19
        636 19
        676 23
        759 23
        613 26
        545 26
        677 32
        681 32
        600 32
        678 40
        769 40
        614 50
        566 50
        612 52
        555 52
        644 54
        565 54
        634 59
        653 59
        559 64
        63 64
        555 67
        654 67
        612 76
        564 76
        751 79
        689 79
        636 79
        688 85
        592 85
        525 86
        636 86
        601 104
        622 104
        633 114
        554 114
        688 117
        616 117
        759 123
        589 123
        601 128
        621 128
        657 128
        593 130
        535 130
        594 132
        613 132
        613 136
        635 136
        679 138
        593 138
        612 139
        633 139
        753 143
        762 143
        620 143
        592 150
        615 150
        566 150
        526 152
        536 152
        646 152
        595 158
        655 158
        757 165
        765 165
        584 165
        756 169
        602 169
        551 169
        683 171
        521 171
        605 171
        619 176
        558 176
        598 178
        548 178
        681 179
        597 179
        619 179
        680 185
        619 185
        751 186
        760 186
        591 186
        692 191
        602 191
        768 192
        522 192
        609 192
        750 207
        678 207
        691 217
        621 217
        657 217
        591 224
        635 224
        680 225
        594 225
        637 225
        604 234
        233 234
        769 235
        634 235
        683 238
        602 238
        640 238
        603 252
        627 252
        642 252
        522 265
        660 265
        673 265
        754 280
        622 280
        639 280
        691 283
        529 283
        639 283
        767 292
        642 292
        680 294
        537 294
        757 298
        625 298
        640 298
        520 303
        650 303
        588 311
        562 311
        675 311
        661 313
        562 313
        620 319
        567 319
        626 324
        659 324
        672 324
        682 332
        623 332
        580 332
        686 334
        610 334
        673 334
        758 341
        587 341
        609 341
        773 351
        550 351
        671 351
        761 356
        597 356
        757 359
        606 359
        628 359
        593 372
        557 372
        575 372
        662 374
        63 374
        520 378
        625 378
        671 378
        689 379
        616 379
        665 379
        590 381
        545 381
        662 381
        533 392
        572 392
        673 392
        605 395
        561 395
        672 395
        615 399
        655 399
        676 400
        590 400
        633 411
        653 411
        611 426
        631 426
        642 426
        687 435
        434 435
        767 436
        651 436
        571 436
        686 441
        608 441
        628 441
        773 443
        640 443
        690 447
        620 447
        749 455
        589 455
        692 457
        570 457
        611 463
        675 463
        638 466
        567 466
        547 477
        645 477
        753 479
        597 479
        638 481
        560 481
        656 481
        565 493
        492 493
        617 495
        647 495
        751 498
        688 498
        644 506
        653 506
        654 508
        492 508
        39 519
        39 530
        312 701
        312 702
        312 703
        39 763
        677 16
        623 16
        224 16
        658 20
        19 20
        578 24
        23 24
        599 25
        578 25
        411 25
        595 34
        23 34
        592 41
        40 41
        576 42
        506 42
        557 48
        26 48
        666 51
        50 51
        665 53
        52 53
        664 55
        54 55
        666 68
        67 68
        575 70
        59 70
        556 73
        411 73
        662 77
        76 77
        763 87
        86 87
        647 88
        655 88
        86 88
        617 90
        85 90
        519 105
        104 105
        650 106
        659 106
        104 106
        627 108
        519 108
        670 118
        117 118
        579 119
        85 119
        573 125
        114 125
        648 131
        130 131
        637 133
        132 133
        654 140
        139 140
        645 141
        139 141
        762 142
        224 142
        669 147
        136 147
        615 149
        23 149
        548 154
        130 154
        569 177
        176 177
        158 180
        169 180
        178 181
        179 181
        185 187
        186 187
        703 193
        192 193
        626 194
        178 194
        621 198
        701 198
        679 205
        493 205
        590 208
        207 208
        616 209
        235 209
        668 212
        19 212
        558 219
        117 219
        594 223
        493 223
        571 249
        176 249
        639 251
        356 251
        576 267
        67 267
        553 269
        530 269
        582 272
        703 272
        587 275
        479 275
        661 304
        303 304
        675 314
        313 314
        670 320
        319 320
        669 321
        495 321
        608 323
        702 323
        332 333
        627 333
        117 342
        341 342
        668 357
        136 357
        626 367
        356 367
        646 371
        18 371
        381 382
        665 382
        667 401
        400 401
        671 422
        411 422
        435 437
        436 437
        643 438
        292 438
        434 438
        440 442
        441 442
        686 445
        443 445
        755 448
        447 448
        628 452
        443 452
        451 452
        588 464
        463 464
        670 470
        466 470
        648 471
        701 471
        577 478
        477 478
        559 480
        479 480
        546 494
        400 494
        656 496
        495 496
        637 499
        498 499
        664 507
        506 507
        546 510
        15 510
        679 511
        508 511
        15 518
        763 583
        15 629
        123 630
        123 641
        123 652
        139 663
        224 694
        18 697
        294 699
        294 700
        400 704
        455 705
        455 706
        455 707
        18 708
        493 709
        19 719
        26 730
        26 741
        519 742
        530 743
        701 745
        702 746
        528 21
        658 21
        697 21
        24 27
        25 27
        681 31
        478 31
        719 35
        34 35
        649 36
        656 36
        34 36
        568 37
        730 37
        507 43
        41 43
        494 44
        42 44
        771 46
        70 46
        53 56
        55 56
        690 65
        649 65
        705 65
        770 74
        556 74
        518 74
        770 78
        77 78
        87 89
        88 89
        105 107
        106 107
        742 109
        86 109
        108 109
        684 112
        603 112
        48 112
        604 120
        118 120
        766 121
        119 121
        624 127
        697 127
        754 134
        764 134
        133 134
        754 135
        682 135
        131 135
        142 144
        143 144
        140 145
        141 145
        149 151
        150 151
        149 153
        152 153
        687 168
        632 168
        707 168
        746 172
        171 172
        586 182
        177 182
        181 188
        187 188
        595 197
        697 197
        608 202
        147 202
        191 202
        186 206
        205 206
        235 210
        208 210
        209 210
        538 216
        208 216
        666 220
        663 220
        223 226
        225 226
        53 227
        77 227
        657 236
        663 236
        147 243
        198 243
        600 250
        583 250
        651 257
        694 257
        235 257
        622 278
        267 278
        311 315
        313 315
        314 315
        659 322
        694 322
        320 326
        321 326
        605 329
        320 329
        333 335
        610 335
        582 336
        332 336
        333 336
        323 345
        334 345
        600 348
        624 348
        745 348
        606 358
        42 358
        669 368
        708 368
        579 369
        158 369
        694 369
        371 373
        372 373
        125 375
        374 375
        614 377
        630 377
        763 383
        382 383
        367 389
        378 389
        572 391
        743 391
        561 394
        742 394
        667 402
        730 402
        399 402
        598 404
        125 404
        630 404
        667 406
        730 406
        755 408
        599 408
        357 408
        631 420
        707 420
        643 421
        652 421
        553 428
        708 428
        581 433
        704 433
        422 433
        292 439
        437 439
        438 439
        436 446
        445 446
        448 450
        449 450
        48 454
        294 454
        660 458
        741 458
        457 458
        470 472
        471 472
        570 474
        745 474
        480 482
        481 482
        638 483
        518 483
        549 497
        704 497
        765 500
        496 500
        682 503
        709 503
        635 509
        705 509
        761 514
        494 514
        539 517
        507 517
        42 541
        48 552
        53 563
        55 574
        55 585
        68 596
        70 607
        77 618
        198 685
        208 693
        267 696
        267 698
        494 710
        507 711
        630 744
        705 747
        706 748
        517 17
        16 17
        20 22
        21 22
        31 33
        32 33
        35 38
        36 38
        710 45
        43 45
        44 45
        70 47
        583 47
        46 47
        51 57
        563 57
        56 57
        64 66
        65 66
        509 69
        68 69
        499 71
        574 71
        73 75
        74 75
        78 80
        79 80
        552 81
        607 81
        711 91
        85 91
        90 91
        107 110
        108 110
        109 110
        766 111
        604 111
        37 111
        741 115
        37 115
        356 115
        768 122
        120 122
        121 122
        611 124
        552 124
        641 124
        127 129
        128 129
        134 137
        135 137
        138 146
        145 146
        151 155
        153 155
        583 156
        153 156
        154 156
        744 166
        165 166
        632 167
        596 167
        684 183
        586 183
        747 183
        596 189
        188 189
        684 195
        542 195
        596 195
        206 211
        209 211
        210 211
        180 213
        191 213
        202 213
        719 214
        197 214
        212 214
        216 218
        217 218
        219 221
        220 221
        693 228
        227 228
        603 237
        618 237
        141 240
        236 240
        34 244
        198 244
        243 244
        551 245
        563 245
        127 253
        252 253
        250 254
        251 254
        660 264
        250 264
        246 268
        257 268
        743 270
        698 270
        269 270
        523 276
        147 276
        618 276
        278 281
        280 281
        601 282
        618 282
        585 293
        292 293
        631 295
        696 295
        699 295
        625 297
        574 297
        543 300
        585 300
        699 300
        574 305
        696 305
        322 325
        324 325
        518 327
        326 327
        321 330
        329 330
        335 337
        336 337
        623 347
        696 347
        550 350
        197 350
        358 360
        359 360
        584 361
        747 361
        368 370
        369 370
        138 376
        374 376
        375 376
        377 380
        379 380
        391 393
        392 393
        394 396
        395 396
        610 397
        607 397
        641 397
        401 403
        402 403
        755 407
        598 407
        406 407
        381 429
        428 429
        389 444
        422 444
        433 444
        450 453
        451 453
        452 453
        521 456
        699 456
        454 456
        706 473
        471 473
        472 473
        702 475
        748 475
        474 475
        483 485
        484 485
        496 501
        497 501
        499 501
        709 504
        710 504
        503 504
        508 512
        509 512
        510 512
        710 515
        711 515
        514 515
        197 674
        250 695
        37 752
        17 28
        27 28
        45 49
        46 49
        47 49
        497 58
        56 58
        57 58
        499 72
        69 72
        71 72
        75 82
        80 82
        510 83
        68 83
        80 83
        752 92
        552 92
        81 92
        89 93
        90 93
        91 93
        111 113
        112 113
        122 126
        652 126
        124 126
        144 148
        145 148
        146 148
        155 157
        156 157
        167 170
        168 170
        166 173
        172 173
        182 184
        183 184
        194 196
        195 196
        746 199
        674 199
        685 199
        211 215
        212 215
        214 215
        693 222
        220 222
        221 222
        226 229
        227 229
        228 229
        237 239
        238 239
        234 241
        240 241
        563 247
        641 247
        245 247
        249 255
        254 255
        264 266
        265 266
        703 273
        695 273
        272 273
        275 277
        276 277
        213 279
        268 279
        282 284
        283 284
        629 290
        125 290
        268 290
        293 296
        700 296
        295 296
        297 299
        298 299
        609 306
        305 306
        325 328
        326 328
        327 328
        643 331
        329 331
        330 331
        166 343
        172 343
        347 349
        348 349
        350 352
        351 352
        748 362
        357 362
        361 362
        376 384
        383 384
        373 385
        376 385
        380 385
        652 398
        396 398
        397 398
        744 405
        403 405
        404 405
        407 409
        408 409
        674 423
        420 423
        347 427
        426 427
        707 431
        357 431
        429 431
        456 459
        457 459
        458 459
        442 461
        446 461
        453 461
        473 476
        474 476
        475 476
        482 486
        485 486
        706 487
        478 487
        485 487
        500 502
        501 502
        511 513
        512 513
        38 60
        58 60
        33 61
        38 61
        49 61
        82 84
        83 84
        72 94
        93 94
        629 103
        81 103
        92 103
        752 116
        113 116
        115 116
        137 159
        157 159
        129 160
        137 160
        148 160
        508 174
        173 174
        184 190
        188 190
        189 190
        196 200
        685 200
        199 200
        218 230
        229 230
        215 231
        218 231
        222 231
        239 242
        240 242
        241 242
        244 248
        245 248
        247 248
        253 256
        254 256
        255 256
        266 271
        269 271
        270 271
        281 285
        284 285
        530 286
        585 286
        284 286
        279 301
        290 301
        700 302
        299 302
        300 302
        304 307
        305 307
        306 307
        328 338
        337 338
        119 339
        328 339
        331 339
        172 344
        342 344
        343 344
        349 353
        352 353
        541 354
        695 354
        352 354
        360 363
        361 363
        362 363
        384 386
        385 386
        405 410
        409 410
        704 412
        321 412
        409 412
        674 424
        421 424
        423 424
        427 430
        429 430
        446 460
        459 460
        486 488
        487 488
        345 490
        444 490
        476 490
        502 505
        503 505
        504 505
        513 516
        514 516
        515 516
        516 29
        17 29
        22 29
        60 62
        61 62
        66 95
        72 95
        84 95
        159 161
        160 161
        110 163
        116 163
        126 163
        170 175
        173 175
        174 175
        190 201
        200 201
        177 203
        190 203
        193 203
        230 232
        231 232
        242 258
        256 258
        271 274
        272 274
        273 274
        285 287
        286 287
        296 308
        307 308
        389 309
        296 309
        302 309
        338 340
        339 340
        698 346
        343 346
        344 346
        353 355
        354 355
        541 365
        251 365
        363 365
        370 387
        386 387
        541 388
        154 388
        386 388
        410 413
        412 413
        698 425
        423 425
        424 425
        430 432
        431 432
        460 462
        461 462
        444 489
        488 489
        28 30
        29 30
        94 96
        95 96
        116 162
        161 162
        201 204
        203 204
        232 259
        242 259
        248 259
        277 288
        287 288
        470 289
        41 289
        287 289
        308 310
        309 310
        355 364
        363 364
        387 390
        388 390
        393 414
        413 414
        462 465
        463 465
        464 465
        425 468
        432 468
        439 468
        489 491
        490 491
        30 97
        96 97
        505 98
        30 98
        62 98
        103 101
        301 101
        491 101
        162 164
        163 164
        258 260
        259 260
        288 291
        289 291
        364 366
        365 366
        390 415
        393 415
        398 415
        432 467
        465 467
        97 99
        98 99
        175 261
        260 261
        164 262
        175 262
        204 262
        291 316
        315 316
        274 317
        291 317
        310 317
        414 416
        415 416
        340 418
        346 418
        366 418
        467 469
        468 469
        301 100
        99 100
        261 263
        262 263
        316 318
        317 318
        346 417
        416 417
        100 102
        101 102
        417 419
        418 419
        102 10
        263 11
        318 12
        419 13
        469 14
    ]
]
