circuit_name:cm152anew_processed
[
    node:
    [
        1 x0 0 PI
        2 x1 0 PI
        3 x2 0 PI
        4 x3 0 PI
        5 x4 0 PI
        6 x5 0 PI
        7 x6 0 PI
        8 x7 0 PI
        9 x8 0 PI
        10 x9 0 PI
        11 x10 0 PI
        12 y0 8 PO_0
        13 n12 3 AND_0
        14 n13 2 MAJ_1
        15 n14 4 AND_1
        16 n15 2 AND_1
        17 n16 2 MAJ_0
        18 n17 3 AND_0
        19 n18 2 AND_1
        20 n19 3 MAJ_1
        21 n20 4 AND_1
        22 n21 3 MAJ_1
        23 n22 4 AND_0
        24 n23 5 OR_0
        25 n24 5 MAJ_1
        26 n25 6 OR_0
        27 n26 3 OR_0
        28 n27 3 MAJ_1
        29 n28 4 AND_1
        30 n29 2 MAJ_0
        31 n30 4 AND_1
        32 n31 3 MAJ_1
        33 n32 4 AND_0
        34 n33 2 MAJ_1
        35 n34 3 AND_0
        36 n35 5 OR_0
        37 n36 5 MAJ_1
        38 n37 6 OR_0
        39 n38 7 OR_0
        40 v1 1 VIR
        41 v10 2 VIR
        42 v2 1 VIR
        43 v3 1 VIR
        44 v4 1 VIR
        45 v5 1 VIR
        46 v6 1 VIR
        47 v7 1 VIR
        48 v8 2 VIR
        49 v9 2 VIR
    ]
    edge:
    [
        11 40
        9 42
        9 43
        9 44
        10 45
        10 46
        10 47
        6 14
        43 14
        45 14
        42 16
        11 16
        7 17
        42 17
        45 17
        43 19
        40 19
        3 30
        44 30
        46 30
        5 34
        44 34
        46 34
        44 41
        42 48
        43 49
        48 13
        11 13
        16 18
        17 18
        2 20
        49 20
        46 20
        8 22
        48 22
        45 22
        49 27
        40 27
        1 28
        41 28
        47 28
        4 32
        41 32
        47 32
        16 35
        34 35
        13 15
        14 15
        19 21
        20 21
        13 23
        22 23
        27 29
        28 29
        27 31
        30 31
        19 33
        32 33
        18 24
        23 24
        15 25
        18 25
        21 25
        31 36
        35 36
        29 37
        31 37
        33 37
        24 26
        25 26
        36 38
        37 38
        26 39
        38 39
        39 12
    ]
]
