circuit_name:cm150anew_processed
[
    node:
    [
        1 x0 0 PI
        2 x1 0 PI
        3 x2 0 PI
        4 x3 0 PI
        5 x4 0 PI
        6 x5 0 PI
        7 x6 0 PI
        8 x7 0 PI
        9 x8 0 PI
        10 x9 0 PI
        11 x10 0 PI
        12 x11 0 PI
        13 x12 0 PI
        14 x13 0 PI
        15 x14 0 PI
        16 x15 0 PI
        17 x16 0 PI
        18 x17 0 PI
        19 x18 0 PI
        20 x19 0 PI
        21 x20 0 PI
        22 y0 10 PO_1
        23 n22 2 XOR_0
        24 n23 3 MAJ_0
        25 n24 2 XOR_0
        26 n25 3 MAJ_0
        27 n26 4 XOR_0
        28 n27 5 MAJ_0
        29 n28 2 XOR_0
        30 n29 3 MAJ_0
        31 n30 2 XOR_0
        32 n31 3 MAJ_0
        33 n32 4 XOR_0
        34 n33 5 MAJ_0
        35 n34 6 XOR_0
        36 n35 7 MAJ_0
        37 n36 2 XOR_0
        38 n37 3 MAJ_0
        39 n38 2 XOR_0
        40 n39 3 MAJ_0
        41 n40 4 XOR_0
        42 n41 5 MAJ_0
        43 n42 2 XOR_0
        44 n43 3 MAJ_0
        45 n44 2 XOR_0
        46 n45 3 MAJ_0
        47 n46 4 XOR_0
        48 n47 5 MAJ_0
        49 n48 6 XOR_0
        50 n49 7 MAJ_0
        51 n50 8 MAJ_1
        52 n51 8 MAJ_1
        53 n52 9 AND_1
        54 v1 1 VIR
        55 v2 1 VIR
        56 v3 1 VIR
        57 v4 1 VIR
    ]
    edge:
    [
        2 54
        2 55
        2 56
        3 57
        7 23
        54 23
        9 25
        55 25
        11 29
        55 29
        13 31
        56 31
        15 37
        54 37
        17 39
        54 39
        19 43
        55 43
        21 45
        56 45
        7 24
        8 24
        23 24
        9 26
        10 26
        25 26
        11 30
        12 30
        29 30
        13 32
        14 32
        31 32
        15 38
        16 38
        37 38
        17 40
        18 40
        39 40
        19 44
        20 44
        43 44
        1 46
        21 46
        45 46
        24 27
        3 27
        30 33
        57 33
        38 41
        3 41
        44 47
        57 47
        24 28
        26 28
        27 28
        30 34
        32 34
        33 34
        38 42
        40 42
        41 42
        44 48
        46 48
        47 48
        28 35
        4 35
        42 49
        4 49
        28 36
        34 36
        35 36
        42 50
        48 50
        49 50
        5 51
        6 51
        50 51
        5 52
        6 52
        36 52
        51 53
        52 53
        53 22
    ]
]
