circuit_name:cm162anew_processed
[
    node:
    [
        1 x0 0 PI
        2 x1 0 PI
        3 x2 0 PI
        4 x3 0 PI
        5 x4 0 PI
        6 x5 0 PI
        7 x6 0 PI
        8 x7 0 PI
        9 x8 0 PI
        10 x9 0 PI
        11 x10 0 PI
        12 x11 0 PI
        13 x12 0 PI
        14 x13 0 PI
        15 y0 7 PO_1
        16 y1 8 PO_1
        17 y2 8 PO_1
        18 y3 3 PO_0
        19 y4 8 PO_1
        20 n15 1 AND_0
        21 n16 2 AND_0
        22 n17 1 AND_0
        23 n18 3 AND_0
        24 n19 2 AND_0
        25 n20 4 AND_1
        26 n21 3 AND_1
        27 n22 4 XOR_0
        28 n23 2 AND_1
        29 n24 4 AND_1
        30 n25 5 AND_1
        31 n26 5 AND_1
        32 n27 6 MAJ_1
        33 n28 3 AND_1
        34 n29 4 AND_1
        35 n30 5 XOR_0
        36 n31 6 AND_1
        37 n32 5 AND_1
        38 n33 7 MAJ_1
        39 n34 1 MAJ_1
        40 n35 4 AND_1
        41 n36 5 XOR_0
        42 n37 6 AND_1
        43 n38 6 AND_1
        44 n39 7 MAJ_1
        45 n40 1 AND_0
        46 n41 2 AND_0
        47 n42 1 AND_0
        48 n43 2 AND_0
        49 n44 3 XOR_0
        50 n45 6 AND_1
        51 n46 6 AND_1
        52 n47 7 MAJ_1
        53 v1 5 VIR
        54 v2 5 VIR
        55 v3 1 VIR
        56 v4 1 VIR
    ]
    edge:
    [
        3 20
        4 20
        10 22
        14 22
        9 39
        11 39
        12 39
        5 45
        10 45
        4 47
        5 47
        4 55
        9 56
        5 21
        20 21
        55 24
        6 24
        55 28
        6 28
        14 46
        45 46
        3 48
        47 48
        21 23
        22 23
        9 26
        21 26
        11 33
        21 33
        48 49
        56 49
        23 25
        24 25
        26 27
        11 27
        23 29
        28 29
        56 34
        33 34
        33 40
        39 40
        25 30
        27 30
        2 31
        29 31
        34 35
        12 35
        7 37
        29 37
        40 41
        13 41
        25 53
        29 54
        2 32
        30 32
        31 32
        25 36
        35 36
        53 42
        41 42
        8 43
        54 43
        53 50
        49 50
        1 51
        54 51
        7 38
        36 38
        37 38
        8 44
        42 44
        43 44
        1 52
        50 52
        51 52
        32 15
        38 16
        44 17
        46 18
        52 19
    ]
]
