circuit_name:cm42anew_processed
[
    node:
    [
        1 x0 0 PI
        2 x1 0 PI
        3 x2 0 PI
        4 x3 0 PI
        5 y0 4 PO_0
        6 y1 4 PO_1
        7 y2 4 PO_1
        8 y3 4 PO_1
        9 y4 4 PO_1
        10 y5 4 PO_1
        11 y6 5 PO_1
        12 y7 5 PO_1
        13 y8 4 PO_1
        14 y9 4 PO_1
        15 n10 2 AND_1
        16 n11 2 MAJ_0
        17 n12 3 AND_1
        18 n13 2 MAJ_1
        19 n14 3 AND_1
        20 n15 3 AND_1
        21 n16 3 AND_1
        22 n17 4 AND_1
        23 n18 4 AND_0
        24 n19 2 AND_1
        25 n20 3 AND_1
        26 n21 3 AND_0
        27 n5 1 OR_0
        28 n6 2 MAJ_1
        29 n7 3 OR_0
        30 n8 2 MAJ_1
        31 n9 3 AND_1
        32 v1 3 VIR
        33 v2 2 VIR
        34 v3 1 VIR
        35 v4 1 VIR
        36 v5 1 VIR
        37 v6 1 VIR
    ]
    edge:
    [
        2 27
        4 27
        1 34
        2 35
        2 36
        3 37
        35 15
        4 15
        34 16
        36 16
        37 16
        34 18
        36 18
        37 18
        36 24
        4 24
        1 28
        35 28
        3 28
        1 30
        35 30
        3 30
        27 33
        15 17
        16 17
        15 19
        18 19
        33 20
        18 20
        33 21
        16 21
        28 25
        24 25
        30 26
        24 26
        27 29
        28 29
        27 31
        30 31
        15 32
        30 22
        32 22
        28 23
        32 23
        29 5
        31 6
        17 7
        19 8
        20 9
        21 10
        22 11
        23 12
        25 13
        26 14
    ]
]
