circuit_name:cm85anew_processed
[
    node:
    [
        1 x0 0 PI
        2 x1 0 PI
        3 x2 0 PI
        4 x3 0 PI
        5 x4 0 PI
        6 x5 0 PI
        7 x6 0 PI
        8 x7 0 PI
        9 x8 0 PI
        10 x9 0 PI
        11 x10 0 PI
        12 y0 7 PO_0
        13 y1 6 PO_0
        14 y2 7 PO_0
        15 n12 1 XOR_0
        16 n13 2 AND_1
        17 n14 1 XOR_0
        18 n15 3 AND_1
        19 n16 1 XOR_0
        20 n17 4 AND_1
        21 n18 1 OR_0
        22 n19 2 MAJ_1
        23 n20 3 MAJ_1
        24 n21 1 AND_0
        25 n22 3 MAJ_0
        26 n23 4 MAJ_1
        27 n24 1 AND_0
        28 n25 4 MAJ_0
        29 n26 5 MAJ_1
        30 n27 1 AND_0
        31 n28 5 MAJ_0
        32 n29 6 MAJ_1
        33 n30 2 XOR_0
        34 n31 5 AND_1
        35 n32 1 AND_0
        36 n33 2 MAJ_0
        37 n34 3 MAJ_1
        38 n35 2 OR_0
        39 n36 3 MAJ_1
        40 n37 4 MAJ_1
        41 n38 2 OR_0
        42 n39 4 MAJ_1
        43 n40 5 MAJ_1
        44 n41 1 OR_0
        45 n42 5 MAJ_1
        46 n43 6 MAJ_1
        47 v1 1 VIR
        48 v2 1 VIR
        49 v3 1 VIR
        50 v4 1 VIR
        51 v5 1 VIR
    ]
    edge:
    [
        5 15
        4 15
        7 17
        6 17
        9 19
        8 19
        4 21
        5 21
        6 24
        7 24
        8 27
        9 27
        10 30
        11 30
        2 35
        5 35
        10 44
        11 44
        2 47
        11 48
        4 49
        7 50
        9 51
        47 16
        15 16
        2 22
        49 22
        21 22
        48 33
        10 33
        47 36
        49 36
        35 36
        6 38
        50 38
        8 41
        51 41
        16 18
        17 18
        1 23
        21 23
        22 23
        50 25
        16 25
        24 25
        3 37
        35 37
        36 37
        50 39
        16 39
        38 39
        18 20
        19 20
        23 26
        24 26
        25 26
        51 28
        18 28
        27 28
        37 40
        38 40
        39 40
        51 42
        18 42
        41 42
        26 29
        27 29
        28 29
        48 31
        20 31
        30 31
        20 34
        33 34
        40 43
        41 43
        42 43
        48 45
        20 45
        44 45
        29 32
        30 32
        31 32
        43 46
        44 46
        45 46
        32 12
        34 13
        46 14
    ]
]
