circuit_name:cmbnew_processed
[
    node:
    [
        1 x0 0 PI
        2 x1 0 PI
        3 x2 0 PI
        4 x3 0 PI
        5 x4 0 PI
        6 x5 0 PI
        7 x6 0 PI
        8 x7 0 PI
        9 x8 0 PI
        10 x9 0 PI
        11 x10 0 PI
        12 x11 0 PI
        13 x12 0 PI
        14 x13 0 PI
        15 x14 0 PI
        16 x15 0 PI
        17 y0 7 PO_0
        18 y1 14 PO_0
        19 y2 14 PO_1
        20 y3 7 PO_1
        21 n17 2 AND_0
        22 n18 2 MAJ_1
        23 n19 3 AND_0
        24 n20 1 AND_0
        25 n21 1 MAJ_1
        26 n22 2 AND_0
        27 n23 3 AND_0
        28 n24 4 MAJ_1
        29 n25 5 AND_0
        30 n26 2 AND_0
        31 n27 6 AND_0
        32 n28 1 AND_1
        33 n29 1 AND_0
        34 n30 2 MAJ_1
        35 n31 1 AND_1
        36 n32 1 AND_0
        37 n33 2 MAJ_1
        38 n34 1 AND_1
        39 n35 1 AND_0
        40 n36 2 MAJ_1
        41 n37 3 OR_0
        42 n38 3 MAJ_1
        43 n39 4 OR_0
        44 n40 5 OR_0
        45 n41 5 MAJ_1
        46 n42 6 OR_0
        47 n43 1 OR_0
        48 n44 7 OR_0
        49 n45 7 AND_1
        50 n46 2 AND_1
        51 n47 8 AND_0
        52 n48 8 AND_0
        53 n49 9 OR_0
        54 n50 10 MAJ_1
        55 n51 11 OR_0
        56 n52 11 MAJ_1
        57 n53 12 AND_1
        58 n54 13 OR_0
        59 n55 13 AND_1
        60 n56 2 OR_0
        61 n57 2 MAJ_1
        62 n58 3 OR_0
        63 n59 2 OR_0
        64 n60 3 OR_0
        65 n61 4 OR_0
        66 n62 4 MAJ_1
        67 n63 5 OR_0
        68 n64 2 OR_0
        69 n65 6 OR_0
        70 v1 1 VIR
        71 v10 1 VIR
        72 v2 1 VIR
        73 v3 1 VIR
        74 v4 1 VIR
        75 v5 1 VIR
        76 v6 1 VIR
        77 v7 1 VIR
        78 v8 1 VIR
        79 v9 1 VIR
    ]
    edge:
    [
        4 24
        6 24
        3 25
        4 25
        5 25
        9 32
        10 32
        11 33
        12 33
        1 35
        6 35
        14 36
        15 36
        13 38
        14 38
        15 39
        16 39
        8 47
        9 47
        11 70
        10 71
        12 72
        12 73
        13 74
        15 75
        16 76
        6 77
        8 78
        9 79
        78 21
        71 21
        7 22
        78 22
        79 22
        24 26
        25 26
        70 30
        74 30
        72 34
        32 34
        33 34
        75 37
        35 37
        36 37
        16 40
        38 40
        39 40
        77 50
        79 50
        72 60
        14 60
        70 61
        73 61
        74 61
        78 63
        71 63
        1 68
        75 68
        21 23
        22 23
        73 27
        26 27
        37 41
        40 41
        72 42
        13 42
        40 42
        60 62
        61 62
        22 64
        63 64
        2 28
        73 28
        23 28
        41 43
        42 43
        76 65
        64 65
        77 66
        76 66
        62 66
        27 29
        28 29
        34 44
        43 44
        10 45
        11 45
        43 45
        65 67
        66 67
        29 31
        30 31
        44 46
        45 46
        67 69
        68 69
        46 48
        47 48
        7 49
        46 49
        49 51
        50 51
        8 52
        49 52
        48 53
        52 53
        77 54
        52 54
        53 54
        51 55
        54 55
        7 56
        48 56
        54 56
        55 57
        56 57
        1 58
        57 58
        76 59
        57 59
        31 17
        58 18
        59 19
        69 20
    ]
]
