circuit_name:compnew_processed
[
    node:
    [
        1 x0 0 PI
        2 x1 0 PI
        3 x2 0 PI
        4 x3 0 PI
        5 x4 0 PI
        6 x5 0 PI
        7 x6 0 PI
        8 x7 0 PI
        9 x8 0 PI
        10 x9 0 PI
        11 x10 0 PI
        12 x11 0 PI
        13 x12 0 PI
        14 x13 0 PI
        15 x14 0 PI
        16 x15 0 PI
        17 x16 0 PI
        18 x17 0 PI
        19 x18 0 PI
        20 x19 0 PI
        21 x20 0 PI
        22 x21 0 PI
        23 x22 0 PI
        24 x23 0 PI
        25 x24 0 PI
        26 x25 0 PI
        27 x26 0 PI
        28 x27 0 PI
        29 x28 0 PI
        30 x29 0 PI
        31 x30 0 PI
        32 x31 0 PI
        33 y0 17 PO_0
        34 y1 14 PO_1
        35 y2 16 PO_0
        36 n100 1 XOR_0
        37 n101 4 MAJ_0
        38 n102 5 AND_1
        39 n103 1 AND_0
        40 n104 2 MAJ_1
        41 n105 6 MAJ_1
        42 n106 2 AND_1
        43 n107 3 MAJ_0
        44 n108 4 AND_1
        45 n109 7 OR_0
        46 n110 5 MAJ_1
        47 n111 8 OR_0
        48 n112 3 MAJ_1
        49 n113 4 OR_0
        50 n114 1 XOR_0
        51 n115 9 MAJ_1
        52 n116 10 OR_0
        53 n117 11 OR_0
        54 n118 12 MAJ_1
        55 n119 13 OR_0
        56 n120 12 MAJ_1
        57 n121 13 AND_1
        58 n122 11 OR_0
        59 n123 12 MAJ_0
        60 n124 13 MAJ_1
        61 n125 14 OR_0
        62 n126 14 MAJ_1
        63 n127 15 OR_0
        64 n128 16 AND_1
        65 n33 1 XOR_0
        66 n34 1 XOR_0
        67 n35 2 MAJ_0
        68 n36 3 AND_1
        69 n37 1 XOR_0
        70 n38 4 MAJ_0
        71 n39 5 AND_1
        72 n40 1 AND_0
        73 n41 2 MAJ_1
        74 n42 6 MAJ_1
        75 n43 2 AND_1
        76 n44 3 MAJ_0
        77 n45 4 AND_1
        78 n46 7 OR_0
        79 n47 5 MAJ_1
        80 n48 8 OR_0
        81 n49 3 MAJ_1
        82 n50 4 OR_0
        83 n51 1 XOR_0
        84 n52 9 MAJ_1
        85 n53 10 OR_0
        86 n54 1 XOR_0
        87 n55 1 XOR_0
        88 n56 2 MAJ_1
        89 n57 3 AND_1
        90 n58 1 XOR_0
        91 n59 4 MAJ_0
        92 n60 5 AND_1
        93 n61 1 AND_0
        94 n62 2 MAJ_1
        95 n63 6 MAJ_1
        96 n64 2 AND_1
        97 n65 3 MAJ_0
        98 n66 4 AND_1
        99 n67 7 OR_0
        100 n68 5 MAJ_1
        101 n69 8 OR_0
        102 n70 3 MAJ_1
        103 n71 4 OR_0
        104 n72 1 XOR_0
        105 n73 9 MAJ_1
        106 n74 10 OR_0
        107 n75 1 XOR_0
        108 n76 1 XOR_0
        109 n77 2 MAJ_1
        110 n78 3 AND_1
        111 n79 1 XOR_0
        112 n80 4 MAJ_0
        113 n81 5 AND_1
        114 n82 1 AND_0
        115 n83 2 MAJ_1
        116 n84 6 MAJ_1
        117 n85 2 AND_1
        118 n86 3 MAJ_0
        119 n87 4 AND_1
        120 n88 7 OR_0
        121 n89 5 MAJ_1
        122 n90 8 OR_0
        123 n91 3 MAJ_1
        124 n92 4 OR_0
        125 n93 1 XOR_0
        126 n94 9 MAJ_1
        127 n95 10 OR_0
        128 n96 1 XOR_0
        129 n97 1 XOR_0
        130 n98 2 MAJ_1
        131 n99 3 AND_1
        132 v1 2 VIR
        133 v10 2 VIR
        134 v2 2 VIR
        135 v3 2 VIR
        136 v4 2 VIR
        137 v5 11 VIR
        138 v6 2 VIR
        139 v7 2 VIR
        140 v8 11 VIR
        141 v9 2 VIR
    ]
    edge:
    [
        28 36
        2 36
        17 39
        27 39
        29 50
        4 50
        30 65
        6 65
        31 66
        8 66
        32 69
        10 69
        8 72
        31 72
        12 83
        1 83
        22 86
        11 86
        23 87
        13 87
        24 90
        14 90
        13 93
        23 93
        25 104
        15 104
        18 107
        3 107
        19 108
        5 108
        20 111
        7 111
        5 114
        19 114
        21 125
        9 125
        26 128
        16 128
        27 129
        17 129
        27 40
        128 40
        39 40
        28 42
        129 42
        1 67
        12 67
        66 67
        31 73
        65 73
        72 73
        32 75
        66 75
        15 88
        25 88
        87 88
        23 94
        86 94
        93 94
        24 96
        87 96
        9 109
        21 109
        108 109
        19 115
        107 115
        114 115
        20 117
        108 117
        4 130
        29 130
        129 130
        65 132
        129 133
        66 134
        86 135
        87 136
        107 138
        108 139
        128 141
        2 43
        28 43
        141 43
        141 48
        133 48
        36 48
        1 68
        67 68
        10 76
        32 76
        132 76
        132 81
        134 81
        69 81
        15 89
        88 89
        14 97
        24 97
        135 97
        135 102
        136 102
        90 102
        9 110
        109 110
        7 118
        20 118
        138 118
        138 123
        139 123
        111 123
        4 131
        130 131
        128 37
        131 37
        36 37
        42 44
        43 44
        133 49
        48 49
        65 70
        68 70
        69 70
        75 77
        76 77
        134 82
        81 82
        86 91
        89 91
        90 91
        96 98
        97 98
        136 103
        102 103
        107 112
        110 112
        111 112
        117 119
        118 119
        139 124
        123 124
        131 38
        37 38
        16 46
        26 46
        44 46
        68 71
        70 71
        6 79
        30 79
        77 79
        89 92
        91 92
        11 100
        22 100
        98 100
        110 113
        112 113
        3 121
        18 121
        119 121
        38 41
        39 41
        40 41
        71 74
        72 74
        73 74
        92 95
        93 95
        94 95
        113 116
        114 116
        115 116
        41 45
        44 45
        74 78
        77 78
        95 99
        98 99
        116 120
        119 120
        45 47
        46 47
        78 80
        79 80
        99 101
        100 101
        120 122
        121 122
        47 51
        49 51
        50 51
        80 84
        82 84
        83 84
        101 105
        103 105
        104 105
        122 126
        124 126
        125 126
        49 52
        51 52
        82 85
        84 85
        103 106
        105 106
        124 127
        126 127
        106 53
        52 53
        106 58
        47 58
        106 137
        127 140
        85 54
        137 54
        140 54
        80 56
        137 56
        127 56
        137 59
        127 59
        58 59
        53 55
        54 55
        53 57
        56 57
        122 60
        58 60
        59 60
        57 61
        60 61
        101 62
        140 62
        60 62
        61 63
        62 63
        55 64
        63 64
        64 33
        55 34
        63 35
    ]
]
