circuit_name:con1new_processed
[
    node:
    [
        1 x0 0 PI
        2 x1 0 PI
        3 x2 0 PI
        4 x3 0 PI
        5 x4 0 PI
        6 x5 0 PI
        7 x6 0 PI
        8 y0 6 PO_0
        9 y1 6 PO_1
        10 n10 1 MAJ_1
        11 n11 2 MAJ_1
        12 n12 3 AND_0
        13 n13 4 OR_0
        14 n14 4 MAJ_0
        15 n15 5 OR_0
        16 n16 1 AND_0
        17 n17 2 OR_0
        18 n18 3 MAJ_1
        19 n19 2 AND_1
        20 n20 3 MAJ_1
        21 n21 4 MAJ_1
        22 n22 2 AND_1
        23 n23 5 MAJ_0
        24 n8 1 AND_1
        25 n9 2 AND_0
        26 v1 1 VIR
        27 v2 1 VIR
        28 v3 1 VIR
    ]
    edge:
    [
        3 10
        4 10
        5 10
        1 16
        2 16
        2 24
        5 24
        2 26
        4 27
        5 28
        26 11
        3 11
        4 11
        6 17
        16 17
        26 19
        27 19
        1 22
        24 22
        7 25
        24 25
        10 12
        11 12
        28 18
        16 18
        17 18
        27 20
        28 20
        19 20
        25 13
        12 13
        1 14
        26 14
        12 14
        18 21
        19 21
        20 21
        13 15
        14 15
        24 23
        21 23
        22 23
        15 8
        23 9
    ]
]
