circuit_name:countnew_processed
[
    node:
    [
        1 x0 0 PI
        2 x1 0 PI
        3 x2 0 PI
        4 x3 0 PI
        5 x4 0 PI
        6 x5 0 PI
        7 x6 0 PI
        8 x7 0 PI
        9 x8 0 PI
        10 x9 0 PI
        11 x10 0 PI
        12 x11 0 PI
        13 x12 0 PI
        14 x13 0 PI
        15 x14 0 PI
        16 x15 0 PI
        17 x16 0 PI
        18 x17 0 PI
        19 x18 0 PI
        20 x19 0 PI
        21 x20 0 PI
        22 x21 0 PI
        23 x22 0 PI
        24 x23 0 PI
        25 x24 0 PI
        26 x25 0 PI
        27 x26 0 PI
        28 x27 0 PI
        29 x28 0 PI
        30 x29 0 PI
        31 x30 0 PI
        32 x31 0 PI
        33 x32 0 PI
        34 x33 0 PI
        35 x34 0 PI
        36 y0 6 PO_1
        37 y1 6 PO_1
        38 y2 7 PO_1
        39 y3 6 PO_1
        40 y4 7 PO_1
        41 y5 8 PO_1
        42 y6 8 PO_1
        43 y7 9 PO_1
        44 y8 10 PO_1
        45 y9 10 PO_1
        46 y10 11 PO_1
        47 y11 12 PO_1
        48 y12 13 PO_1
        49 y13 14 PO_1
        50 y14 14 PO_1
        51 y15 14 PO_1
        52 n100 3 MAJ_1
        53 n101 10 MAJ_1
        54 n102 11 AND_1
        55 n103 1 MAJ_1
        56 n104 8 OR_0
        57 n105 10 XOR_0
        58 n106 3 XOR_0
        59 n107 11 MAJ_0
        60 n108 12 AND_1
        61 n109 10 OR_0
        62 n110 11 XOR_0
        63 n111 3 MAJ_1
        64 n112 12 MAJ_1
        65 n113 13 AND_1
        66 n114 9 OR_0
        67 n115 10 OR_0
        68 n116 11 XOR_0
        69 n117 3 MAJ_1
        70 n118 12 MAJ_1
        71 n119 13 AND_1
        72 n120 1 OR_0
        73 n121 9 OR_0
        74 n122 10 OR_0
        75 n123 11 XOR_0
        76 n124 3 MAJ_1
        77 n125 12 MAJ_1
        78 n126 13 AND_1
        79 n36 2 XOR_0
        80 n37 3 XOR_0
        81 n38 4 MAJ_0
        82 n39 5 AND_1
        83 n40 2 OR_0
        84 n41 3 XOR_0
        85 n42 3 MAJ_1
        86 n43 4 MAJ_1
        87 n44 5 AND_1
        88 n45 2 OR_0
        89 n46 3 OR_0
        90 n47 4 XOR_0
        91 n48 3 MAJ_1
        92 n49 5 MAJ_1
        93 n50 6 AND_1
        94 n51 1 OR_0
        95 n52 1 MAJ_1
        96 n53 2 OR_0
        97 n54 3 XOR_0
        98 n55 3 XOR_0
        99 n56 4 MAJ_0
        100 n57 5 AND_1
        101 n58 3 OR_0
        102 n59 4 XOR_0
        103 n60 3 MAJ_1
        104 n61 5 MAJ_1
        105 n62 6 AND_1
        106 n63 3 OR_0
        107 n64 4 OR_0
        108 n65 5 XOR_0
        109 n66 3 MAJ_1
        110 n67 6 MAJ_1
        111 n68 7 AND_1
        112 n69 1 MAJ_1
        113 n70 4 OR_0
        114 n71 5 XOR_0
        115 n72 3 XOR_0
        116 n73 6 MAJ_0
        117 n74 7 AND_1
        118 n75 5 OR_0
        119 n76 6 XOR_0
        120 n77 3 MAJ_1
        121 n78 7 MAJ_1
        122 n79 8 AND_1
        123 n80 5 OR_0
        124 n81 6 OR_0
        125 n82 7 XOR_0
        126 n83 3 MAJ_1
        127 n84 8 MAJ_1
        128 n85 9 AND_1
        129 n86 1 MAJ_1
        130 n87 6 OR_0
        131 n88 7 XOR_0
        132 n89 3 XOR_0
        133 n90 8 MAJ_0
        134 n91 9 AND_1
        135 n92 7 OR_0
        136 n93 8 XOR_0
        137 n94 3 MAJ_1
        138 n95 9 MAJ_1
        139 n96 10 AND_1
        140 n97 7 OR_0
        141 n98 8 OR_0
        142 n99 9 XOR_0
        143 v1 9 VIR
        144 v10 1 VIR
        145 v11 1 VIR
        146 v12 1 VIR
        147 v13 1 VIR
        148 v14 2 VIR
        149 v15 2 VIR
        150 v16 2 VIR
        151 v17 2 VIR
        152 v18 2 VIR
        153 v19 2 VIR
        154 v2 1 VIR
        155 v20 2 VIR
        156 v21 2 VIR
        157 v22 2 VIR
        158 v23 2 VIR
        159 v24 2 VIR
        160 v25 2 VIR
        161 v26 2 VIR
        162 v27 2 VIR
        163 v28 2 VIR
        164 v29 2 VIR
        165 v3 1 VIR
        166 v30 2 VIR
        167 v31 2 VIR
        168 v4 1 VIR
        169 v5 1 VIR
        170 v6 1 VIR
        171 v7 1 VIR
        172 v8 1 VIR
        173 v9 1 VIR
    ]
    edge:
    [
        8 55
        9 55
        11 55
        13 72
        15 72
        10 94
        14 94
        5 95
        10 95
        12 95
        16 112
        18 112
        20 112
        2 129
        4 129
        6 129
        7 144
        7 145
        8 146
        10 147
        2 154
        13 165
        16 168
        3 169
        3 170
        3 171
        5 172
        7 173
        147 79
        172 79
        5 83
        147 83
        147 88
        12 88
        94 96
        95 96
        144 148
        144 149
        144 150
        145 151
        145 152
        145 153
        169 155
        169 156
        169 157
        170 158
        170 159
        170 160
        171 161
        171 162
        171 163
        173 164
        173 166
        173 167
        161 52
        149 52
        25 52
        24 58
        156 58
        162 63
        150 63
        23 63
        162 69
        151 69
        22 69
        163 76
        151 76
        21 76
        155 80
        1 80
        83 84
        12 84
        156 85
        164 85
        35 85
        172 89
        88 89
        157 91
        164 91
        34 91
        96 97
        168 97
        33 98
        155 98
        16 101
        96 101
        158 103
        166 103
        32 103
        18 106
        96 106
        158 109
        167 109
        31 109
        30 115
        155 115
        159 120
        167 120
        29 120
        160 126
        148 126
        28 126
        27 132
        156 132
        160 137
        149 137
        26 137
        1 81
        79 81
        80 81
        157 86
        164 86
        84 86
        89 90
        14 90
        33 99
        97 99
        98 99
        101 102
        18 102
        168 107
        106 107
        106 113
        112 113
        152 82
        81 82
        85 87
        86 87
        157 92
        166 92
        90 92
        152 100
        99 100
        158 104
        166 104
        102 104
        107 108
        20 108
        113 114
        154 114
        2 118
        113 118
        4 123
        113 123
        91 93
        92 93
        103 105
        104 105
        159 110
        167 110
        108 110
        30 116
        114 116
        115 116
        118 119
        4 119
        154 124
        123 124
        123 130
        129 130
        109 111
        110 111
        153 117
        116 117
        159 121
        148 121
        119 121
        124 125
        6 125
        130 131
        146 131
        8 135
        130 135
        9 140
        130 140
        140 56
        55 56
        120 122
        121 122
        160 127
        148 127
        125 127
        27 133
        131 133
        132 133
        135 136
        9 136
        146 141
        140 141
        15 66
        56 66
        56 73
        72 73
        126 128
        127 128
        153 134
        133 134
        161 138
        149 138
        136 138
        141 142
        11 142
        56 143
        161 53
        150 53
        142 53
        143 57
        165 57
        13 61
        143 61
        165 67
        66 67
        17 74
        73 74
        137 139
        138 139
        52 54
        53 54
        24 59
        57 59
        58 59
        61 62
        15 62
        67 68
        17 68
        74 75
        19 75
        153 60
        59 60
        162 64
        150 64
        62 64
        163 70
        151 70
        68 70
        163 77
        152 77
        75 77
        63 65
        64 65
        69 71
        70 71
        76 78
        77 78
        82 36
        87 37
        93 38
        100 39
        105 40
        111 41
        117 42
        122 43
        128 44
        134 45
        139 46
        54 47
        60 48
        65 49
        71 50
        78 51
    ]
]
