circuit_name:ctrlnew_processed
[
    node:
    [
        1 x0 0 PI
        2 x1 0 PI
        3 x2 0 PI
        4 x3 0 PI
        5 x4 0 PI
        6 x5 0 PI
        7 x6 0 PI
        8 y0 9 PO_0
        9 y1 9 PO_0
        10 y2 8 PO_0
        11 y3 8 PO_0
        12 y4 10 PO_0
        13 y5 8 PO_0
        14 y6 8 PO_0
        15 y7 8 PO_0
        16 y8 7 PO_0
        17 y9 9 PO_0
        18 y10 8 PO_0
        19 y11 7 PO_1
        20 y12 9 PO_0
        21 y13 5 PO_0
        22 y14 5 PO_0
        23 y15 6 PO_0
        24 y16 8 PO_0
        25 y17 8 PO_0
        26 y18 6 PO_0
        27 y19 5 PO_0
        28 y20 9 PO_0
        29 y21 9 PO_0
        30 y22 8 PO_0
        31 y23 8 PO_0
        32 y24 8 PO_0
        33 n10 5 AND_0
        34 n100 4 AND_1
        35 n101 3 AND_1
        36 n102 4 AND_1
        37 n103 3 MAJ_1
        38 n104 5 AND_0
        39 n105 4 MAJ_1
        40 n106 5 AND_0
        41 n107 6 OR_0
        42 n108 4 MAJ_0
        43 n109 7 AND_1
        44 n11 3 MAJ_1
        45 n110 6 AND_1
        46 n111 7 AND_0
        47 n112 4 AND_0
        48 n113 3 MAJ_1
        49 n114 5 AND_1
        50 n115 3 AND_1
        51 n116 4 AND_1
        52 n117 4 MAJ_1
        53 n118 5 AND_0
        54 n119 3 AND_0
        55 n12 4 MAJ_1
        56 n120 5 MAJ_1
        57 n121 6 MAJ_1
        58 n122 4 OR_0
        59 n123 5 MAJ_1
        60 n124 6 AND_0
        61 n125 7 AND_1
        62 n126 8 MAJ_1
        63 n127 3 AND_1
        64 n128 5 AND_0
        65 n129 6 MAJ_1
        66 n13 5 AND_1
        67 n130 6 MAJ_1
        68 n131 7 AND_0
        69 n132 8 AND_1
        70 n133 5 AND_0
        71 n134 6 AND_1
        72 n135 7 MAJ_1
        73 n136 4 XOR_0
        74 n137 6 MAJ_0
        75 n138 7 AND_1
        76 n139 6 AND_1
        77 n14 6 XOR_0
        78 n140 7 AND_0
        79 n15 7 MAJ_1
        80 n16 8 OR_0
        81 n17 3 MAJ_1
        82 n18 4 MAJ_1
        83 n19 5 OR_0
        84 n20 6 XOR_0
        85 n21 4 OR_0
        86 n22 5 AND_1
        87 n23 7 XOR_0
        88 n24 8 MAJ_0
        89 n25 3 XOR_0
        90 n26 4 MAJ_0
        91 n27 5 MAJ_1
        92 n28 6 XOR_0
        93 n29 7 AND_1
        94 n30 4 AND_1
        95 n31 3 XOR_0
        96 n32 4 MAJ_1
        97 n33 5 MAJ_1
        98 n34 4 OR_0
        99 n35 6 XOR_0
        100 n36 7 MAJ_1
        101 n37 3 AND_0
        102 n38 5 AND_1
        103 n39 1 AND_0
        104 n40 3 OR_0
        105 n41 4 MAJ_1
        106 n42 5 AND_0
        107 n43 6 AND_1
        108 n44 7 MAJ_0
        109 n45 6 AND_0
        110 n46 8 XOR_0
        111 n47 9 MAJ_0
        112 n48 4 MAJ_1
        113 n49 5 AND_0
        114 n50 6 MAJ_0
        115 n51 6 MAJ_1
        116 n52 7 AND_0
        117 n53 3 AND_0
        118 n54 4 MAJ_0
        119 n55 5 OR_0
        120 n56 6 XOR_0
        121 n57 7 MAJ_0
        122 n58 3 OR_0
        123 n59 4 MAJ_1
        124 n60 5 MAJ_1
        125 n61 3 MAJ_1
        126 n62 3 AND_0
        127 n63 4 XOR_0
        128 n64 5 MAJ_0
        129 n65 6 AND_1
        130 n66 6 XOR_0
        131 n67 7 MAJ_1
        132 n68 3 OR_0
        133 n69 4 AND_1
        134 n70 5 MAJ_0
        135 n71 5 MAJ_1
        136 n72 6 AND_1
        137 n73 3 MAJ_0
        138 n74 4 MAJ_0
        139 n75 5 AND_0
        140 n76 6 XOR_0
        141 n77 7 XOR_0
        142 n78 8 MAJ_0
        143 n79 5 AND_1
        144 n8 3 AND_0
        145 n80 4 AND_1
        146 n81 5 MAJ_0
        147 n82 6 OR_0
        148 n83 6 XOR_0
        149 n84 7 MAJ_1
        150 n85 5 OR_0
        151 n86 3 MAJ_1
        152 n87 6 OR_0
        153 n88 4 OR_0
        154 n89 5 AND_1
        155 n9 4 MAJ_0
        156 n90 6 MAJ_1
        157 n91 4 AND_1
        158 n92 5 AND_1
        159 n93 6 MAJ_0
        160 n94 7 MAJ_1
        161 n95 8 OR_0
        162 n96 3 AND_1
        163 n97 3 MAJ_1
        164 n98 4 AND_1
        165 n99 3 MAJ_0
        166 v1 4 VIR
        167 v10 1 VIR
        168 v11 1 VIR
        169 v12 1 VIR
        170 v13 1 VIR
        171 v14 1 VIR
        172 v15 1 VIR
        173 v16 1 VIR
        174 v17 1 VIR
        175 v18 1 VIR
        176 v19 1 VIR
        177 v2 5 VIR
        178 v20 1 VIR
        179 v21 1 VIR
        180 v22 2 VIR
        181 v23 2 VIR
        182 v24 2 VIR
        183 v25 2 VIR
        184 v26 2 VIR
        185 v27 2 VIR
        186 v28 2 VIR
        187 v29 2 VIR
        188 v3 5 VIR
        189 v30 2 VIR
        190 v31 2 VIR
        191 v32 2 VIR
        192 v33 2 VIR
        193 v34 2 VIR
        194 v35 2 VIR
        195 v36 2 VIR
        196 v37 2 VIR
        197 v38 2 VIR
        198 v39 2 VIR
        199 v4 5 VIR
        200 v40 2 VIR
        201 v41 2 VIR
        202 v42 2 VIR
        203 v43 2 VIR
        204 v44 2 VIR
        205 v45 2 VIR
        206 v46 2 VIR
        207 v47 2 VIR
        208 v48 2 VIR
        209 v49 2 VIR
        210 v5 4 VIR
        211 v50 2 VIR
        212 v51 2 VIR
        213 v52 2 VIR
        214 v53 2 VIR
        215 v54 2 VIR
        216 v55 2 VIR
        217 v56 2 VIR
        218 v57 2 VIR
        219 v58 2 VIR
        220 v59 2 VIR
        221 v6 5 VIR
        222 v60 2 VIR
        223 v61 2 VIR
        224 v62 2 VIR
        225 v63 2 VIR
        226 v64 2 VIR
        227 v65 2 VIR
        228 v66 2 VIR
        229 v67 3 VIR
        230 v68 3 VIR
        231 v69 3 VIR
        232 v7 1 VIR
        233 v70 3 VIR
        234 v71 3 VIR
        235 v72 3 VIR
        236 v73 3 VIR
        237 v74 3 VIR
        238 v75 3 VIR
        239 v76 3 VIR
        240 v77 3 VIR
        241 v78 3 VIR
        242 v79 3 VIR
        243 v8 1 VIR
        244 v80 3 VIR
        245 v81 3 VIR
        246 v82 3 VIR
        247 v9 1 VIR
    ]
    edge:
    [
        6 103
        7 103
        2 167
        2 168
        2 169
        3 170
        3 171
        3 172
        4 173
        4 174
        4 175
        5 176
        5 178
        5 179
        1 232
        1 243
        1 247
        167 180
        167 181
        167 182
        168 183
        168 184
        168 185
        169 186
        169 187
        169 189
        170 190
        170 191
        170 192
        171 193
        171 194
        171 195
        172 196
        172 197
        172 198
        173 200
        173 201
        173 202
        174 203
        174 204
        174 205
        175 206
        175 207
        175 208
        176 209
        176 211
        176 212
        178 213
        178 214
        178 215
        179 216
        179 217
        179 218
        232 219
        232 220
        232 222
        243 223
        243 224
        243 225
        247 226
        247 227
        247 228
        203 35
        213 35
        227 37
        186 37
        196 37
        190 44
        200 44
        209 44
        228 48
        187 48
        196 48
        197 50
        208 50
        223 54
        181 54
        214 63
        7 63
        180 81
        200 81
        209 81
        204 89
        182 89
        211 95
        202 95
        201 101
        6 101
        209 104
        103 104
        220 117
        212 117
        220 122
        212 122
        181 125
        202 125
        212 125
        223 126
        205 126
        224 132
        205 132
        180 137
        201 137
        211 137
        204 144
        214 144
        226 151
        189 151
        194 151
        195 162
        218 162
        227 163
        195 163
        208 163
        227 165
        195 165
        208 165
        180 229
        181 230
        182 231
        183 233
        184 234
        185 235
        186 236
        187 237
        189 238
        190 239
        193 240
        200 241
        201 242
        203 244
        204 245
        206 246
        162 34
        165 34
        235 36
        35 36
        222 39
        244 39
        213 39
        228 42
        236 42
        196 42
        187 47
        35 47
        218 51
        50 51
        244 52
        213 52
        6 52
        229 55
        242 55
        44 55
        144 58
        54 58
        233 73
        226 73
        219 82
        242 82
        81 82
        246 85
        217 85
        223 90
        182 90
        245 90
        246 94
        216 94
        219 96
        241 96
        211 96
        233 98
        190 98
        241 105
        103 105
        104 105
        245 112
        215 112
        7 112
        231 118
        95 118
        117 118
        224 123
        205 123
        122 123
        125 127
        215 127
        217 133
        132 133
        220 138
        202 138
        137 138
        206 145
        117 145
        222 153
        229 153
        222 155
        230 155
        215 155
        229 157
        203 157
        162 164
        163 164
        54 166
        95 210
        144 33
        155 33
        36 38
        37 38
        224 40
        39 40
        47 49
        48 49
        206 53
        52 53
        231 56
        153 56
        35 56
        197 59
        166 59
        58 59
        52 64
        63 64
        214 66
        55 66
        105 70
        166 70
        230 83
        82 83
        185 86
        85 86
        217 91
        89 91
        90 91
        207 97
        210 97
        96 97
        96 102
        101 102
        219 106
        105 106
        207 113
        112 113
        95 119
        118 119
        184 124
        122 124
        123 124
        125 128
        126 128
        127 128
        235 134
        193 134
        133 134
        238 135
        240 135
        210 135
        183 139
        138 139
        184 143
        210 143
        234 146
        117 146
        145 146
        189 150
        85 150
        216 154
        153 154
        216 158
        157 158
        94 177
        94 188
        94 199
        153 221
        186 41
        40 41
        236 45
        40 45
        239 57
        221 57
        56 57
        53 60
        54 60
        225 65
        234 65
        40 65
        225 67
        183 67
        64 67
        197 71
        70 71
        198 74
        188 74
        73 74
        238 76
        188 76
        66 77
        44 77
        83 84
        81 84
        91 92
        218 92
        98 99
        177 99
        102 107
        106 107
        226 109
        177 109
        185 114
        192 114
        113 114
        237 115
        192 115
        177 115
        119 120
        192 120
        237 129
        124 129
        128 130
        193 130
        134 136
        135 136
        139 140
        137 140
        143 147
        146 147
        188 148
        194 148
        150 152
        151 152
        207 156
        221 156
        154 156
        239 159
        157 159
        158 159
        41 43
        42 43
        151 46
        45 46
        57 61
        60 61
        65 68
        67 68
        59 72
        70 72
        71 72
        199 75
        74 75
        48 78
        76 78
        191 79
        33 79
        77 79
        84 87
        191 87
        198 93
        92 93
        199 100
        97 100
        99 100
        233 108
        106 108
        107 108
        114 116
        115 116
        144 121
        119 121
        120 121
        128 131
        129 131
        130 131
        140 141
        240 141
        199 149
        147 149
        148 149
        194 160
        156 160
        159 160
        59 62
        60 62
        61 62
        198 69
        68 69
        77 80
        79 80
        84 88
        86 88
        87 88
        108 110
        191 110
        86 142
        140 142
        141 142
        159 161
        160 161
        108 111
        109 111
        110 111
        80 8
        88 9
        93 10
        100 11
        111 12
        116 13
        121 14
        131 15
        136 16
        142 17
        149 18
        152 19
        161 20
        164 21
        34 22
        38 23
        43 24
        46 25
        49 26
        51 27
        62 28
        69 29
        72 30
        75 31
        78 32
    ]
]
