circuit_name:cunew_processed
[
    node:
    [
        1 x0 0 PI
        2 x1 0 PI
        3 x2 0 PI
        4 x3 0 PI
        5 x4 0 PI
        6 x5 0 PI
        7 x6 0 PI
        8 x7 0 PI
        9 x8 0 PI
        10 x9 0 PI
        11 x10 0 PI
        12 x11 0 PI
        13 x12 0 PI
        14 x13 0 PI
        15 y0 6 PO_1
        16 y1 6 PO_0
        17 y2 7 PO_0
        18 y3 7 PO_0
        19 y4 7 PO_0
        20 y5 7 PO_0
        21 y6 11 PO_0
        22 y7 6 PO_0
        23 y8 8 PO_0
        24 y9 3 PO_0
        25 y10 4 PO_0
        26 n15 3 MAJ_1
        27 n16 4 XOR_0
        28 n17 5 AND_1
        29 n18 3 OR_0
        30 n19 3 MAJ_1
        31 n20 4 OR_0
        32 n21 5 AND_1
        33 n22 2 MAJ_0
        34 n23 6 AND_1
        35 n24 3 MAJ_1
        36 n25 4 AND_1
        37 n26 5 AND_0
        38 n27 6 AND_1
        39 n28 2 AND_1
        40 n29 3 MAJ_0
        41 n30 4 AND_1
        42 n31 5 AND_0
        43 n32 6 AND_1
        44 n33 3 MAJ_1
        45 n34 4 AND_1
        46 n35 5 AND_0
        47 n36 6 AND_1
        48 n37 2 MAJ_0
        49 n38 3 OR_0
        50 n39 4 AND_1
        51 n40 2 MAJ_1
        52 n41 5 AND_1
        53 n42 3 MAJ_1
        54 n43 2 AND_0
        55 n44 4 XOR_0
        56 n45 5 MAJ_1
        57 n46 2 AND_1
        58 n47 3 MAJ_1
        59 n48 4 MAJ_1
        60 n49 5 AND_1
        61 n50 1 MAJ_1
        62 n51 6 AND_0
        63 n52 3 AND_1
        64 n53 4 MAJ_0
        65 n54 7 MAJ_1
        66 n55 8 AND_1
        67 n56 9 AND_1
        68 n57 10 MAJ_0
        69 n58 2 AND_1
        70 n59 3 MAJ_1
        71 n60 4 AND_1
        72 n61 5 AND_1
        73 n62 3 AND_1
        74 n63 4 AND_0
        75 n64 6 MAJ_0
        76 n65 7 AND_0
        77 n66 2 AND_0
        78 n67 2 AND_1
        79 n68 3 AND_1
        80 v1 3 VIR
        81 v10 1 VIR
        82 v11 1 VIR
        83 v12 1 VIR
        84 v13 1 VIR
        85 v14 1 VIR
        86 v15 1 VIR
        87 v16 1 VIR
        88 v17 1 VIR
        89 v18 1 VIR
        90 v19 1 VIR
        91 v2 1 VIR
        92 v20 2 VIR
        93 v21 2 VIR
        94 v22 2 VIR
        95 v23 2 VIR
        96 v24 2 VIR
        97 v25 2 VIR
        98 v3 1 VIR
        99 v4 1 VIR
        100 v5 1 VIR
        101 v6 1 VIR
        102 v7 1 VIR
        103 v8 1 VIR
        104 v9 1 VIR
    ]
    edge:
    [
        8 61
        13 61
        14 61
        3 81
        3 82
        3 83
        4 84
        4 85
        4 86
        5 87
        6 88
        6 89
        6 90
        1 91
        1 98
        1 99
        2 100
        2 101
        2 102
        14 103
        14 104
        87 33
        89 33
        103 33
        102 39
        85 39
        81 48
        84 48
        88 48
        82 51
        5 51
        103 51
        101 54
        11 54
        91 57
        100 57
        85 69
        89 69
        7 77
        104 77
        86 78
        7 78
        81 92
        82 93
        88 94
        100 95
        101 96
        102 97
        93 26
        87 26
        94 26
        96 29
        84 29
        98 30
        96 30
        81 30
        98 35
        102 35
        92 35
        99 40
        97 40
        92 40
        99 44
        97 44
        82 44
        84 49
        48 49
        91 53
        95 53
        10 53
        100 58
        9 58
        57 58
        91 63
        95 63
        93 70
        85 70
        87 70
        94 73
        13 73
        48 79
        78 79
        33 80
        26 27
        83 27
        29 31
        30 31
        29 36
        35 36
        39 41
        40 41
        39 45
        44 45
        5 50
        49 50
        53 55
        98 55
        88 59
        57 59
        58 59
        101 64
        12 64
        63 64
        69 71
        70 71
        103 74
        73 74
        86 28
        27 28
        89 32
        31 32
        90 37
        36 37
        90 42
        41 42
        90 46
        45 46
        50 52
        51 52
        53 56
        54 56
        55 56
        13 60
        59 60
        104 72
        71 72
        32 34
        33 34
        33 38
        37 38
        80 43
        42 43
        80 47
        46 47
        60 62
        61 62
        83 75
        52 75
        74 75
        62 65
        63 65
        64 65
        52 76
        75 76
        56 66
        65 66
        83 67
        66 67
        52 68
        66 68
        67 68
        28 15
        28 16
        34 17
        38 18
        43 19
        47 20
        68 21
        72 22
        76 23
        77 24
        79 25
    ]
]
