circuit_name:decnew_processed
[
    node:
    [
        1 x0 0 PI
        2 x1 0 PI
        3 x2 0 PI
        4 x3 0 PI
        5 x4 0 PI
        6 x5 0 PI
        7 x6 0 PI
        8 x7 0 PI
        9 y0 6 PO_0
        10 y1 7 PO_0
        11 y2 7 PO_0
        12 y3 7 PO_0
        13 y4 7 PO_0
        14 y5 7 PO_0
        15 y6 7 PO_0
        16 y7 7 PO_0
        17 y8 7 PO_0
        18 y9 7 PO_0
        19 y10 7 PO_0
        20 y11 7 PO_0
        21 y12 7 PO_0
        22 y13 7 PO_0
        23 y14 7 PO_0
        24 y15 7 PO_0
        25 y16 7 PO_0
        26 y17 7 PO_0
        27 y18 7 PO_0
        28 y19 7 PO_0
        29 y20 8 PO_0
        30 y21 8 PO_0
        31 y22 8 PO_0
        32 y23 8 PO_0
        33 y24 8 PO_0
        34 y25 8 PO_0
        35 y26 8 PO_0
        36 y27 8 PO_0
        37 y28 8 PO_0
        38 y29 8 PO_0
        39 y30 8 PO_0
        40 y31 8 PO_0
        41 y32 7 PO_0
        42 y33 7 PO_0
        43 y34 7 PO_0
        44 y35 7 PO_0
        45 y36 8 PO_0
        46 y37 8 PO_0
        47 y38 8 PO_0
        48 y39 8 PO_0
        49 y40 8 PO_0
        50 y41 8 PO_0
        51 y42 8 PO_0
        52 y43 8 PO_0
        53 y44 8 PO_0
        54 y45 8 PO_0
        55 y46 8 PO_0
        56 y47 8 PO_0
        57 y48 7 PO_0
        58 y49 7 PO_0
        59 y50 7 PO_0
        60 y51 7 PO_0
        61 y52 8 PO_0
        62 y53 8 PO_0
        63 y54 8 PO_0
        64 y55 8 PO_0
        65 y56 8 PO_0
        66 y57 8 PO_0
        67 y58 8 PO_0
        68 y59 8 PO_0
        69 y60 8 PO_0
        70 y61 8 PO_0
        71 y62 8 PO_0
        72 y63 8 PO_0
        73 y64 7 PO_0
        74 y65 8 PO_0
        75 y66 8 PO_0
        76 y67 8 PO_0
        77 y68 8 PO_0
        78 y69 8 PO_0
        79 y70 8 PO_0
        80 y71 8 PO_0
        81 y72 8 PO_0
        82 y73 8 PO_0
        83 y74 8 PO_0
        84 y75 8 PO_0
        85 y76 8 PO_0
        86 y77 8 PO_0
        87 y78 8 PO_0
        88 y79 8 PO_0
        89 y80 7 PO_0
        90 y81 8 PO_0
        91 y82 8 PO_0
        92 y83 8 PO_0
        93 y84 8 PO_0
        94 y85 8 PO_0
        95 y86 8 PO_0
        96 y87 8 PO_0
        97 y88 8 PO_0
        98 y89 8 PO_0
        99 y90 8 PO_0
        100 y91 8 PO_0
        101 y92 8 PO_0
        102 y93 8 PO_0
        103 y94 8 PO_0
        104 y95 8 PO_0
        105 y96 7 PO_0
        106 y97 8 PO_0
        107 y98 8 PO_0
        108 y99 8 PO_0
        109 y100 8 PO_0
        110 y101 8 PO_0
        111 y102 7 PO_0
        112 y103 7 PO_0
        113 y104 8 PO_0
        114 y105 8 PO_0
        115 y106 8 PO_0
        116 y107 7 PO_0
        117 y108 7 PO_0
        118 y109 8 PO_0
        119 y110 8 PO_0
        120 y111 8 PO_0
        121 y112 7 PO_0
        122 y113 8 PO_0
        123 y114 8 PO_0
        124 y115 8 PO_0
        125 y116 8 PO_0
        126 y117 8 PO_0
        127 y118 7 PO_0
        128 y119 7 PO_0
        129 y120 8 PO_0
        130 y121 8 PO_0
        131 y122 8 PO_0
        132 y123 7 PO_0
        133 y124 7 PO_0
        134 y125 8 PO_0
        135 y126 8 PO_0
        136 y127 8 PO_0
        137 y128 7 PO_1
        138 y129 8 PO_0
        139 y130 8 PO_0
        140 y131 8 PO_0
        141 y132 8 PO_0
        142 y133 8 PO_0
        143 y134 8 PO_0
        144 y135 8 PO_0
        145 y136 8 PO_0
        146 y137 8 PO_0
        147 y138 8 PO_0
        148 y139 8 PO_0
        149 y140 8 PO_0
        150 y141 8 PO_0
        151 y142 8 PO_0
        152 y143 8 PO_0
        153 y144 7 PO_0
        154 y145 8 PO_0
        155 y146 8 PO_0
        156 y147 8 PO_0
        157 y148 8 PO_0
        158 y149 8 PO_0
        159 y150 8 PO_0
        160 y151 8 PO_0
        161 y152 8 PO_0
        162 y153 8 PO_0
        163 y154 8 PO_0
        164 y155 8 PO_0
        165 y156 8 PO_0
        166 y157 8 PO_0
        167 y158 8 PO_0
        168 y159 8 PO_0
        169 y160 7 PO_0
        170 y161 8 PO_0
        171 y162 8 PO_0
        172 y163 8 PO_0
        173 y164 8 PO_0
        174 y165 8 PO_0
        175 y166 8 PO_0
        176 y167 8 PO_0
        177 y168 8 PO_0
        178 y169 8 PO_0
        179 y170 8 PO_0
        180 y171 8 PO_0
        181 y172 8 PO_0
        182 y173 8 PO_0
        183 y174 8 PO_0
        184 y175 8 PO_0
        185 y176 7 PO_0
        186 y177 8 PO_0
        187 y178 8 PO_0
        188 y179 8 PO_0
        189 y180 8 PO_0
        190 y181 8 PO_0
        191 y182 7 PO_0
        192 y183 7 PO_0
        193 y184 8 PO_0
        194 y185 8 PO_0
        195 y186 8 PO_0
        196 y187 7 PO_0
        197 y188 7 PO_0
        198 y189 8 PO_0
        199 y190 8 PO_0
        200 y191 8 PO_0
        201 y192 7 PO_0
        202 y193 8 PO_0
        203 y194 8 PO_0
        204 y195 8 PO_0
        205 y196 8 PO_0
        206 y197 8 PO_0
        207 y198 7 PO_0
        208 y199 7 PO_0
        209 y200 8 PO_0
        210 y201 8 PO_0
        211 y202 8 PO_0
        212 y203 7 PO_0
        213 y204 7 PO_0
        214 y205 8 PO_0
        215 y206 8 PO_0
        216 y207 8 PO_0
        217 y208 7 PO_0
        218 y209 8 PO_0
        219 y210 8 PO_0
        220 y211 8 PO_0
        221 y212 8 PO_0
        222 y213 8 PO_0
        223 y214 8 PO_0
        224 y215 8 PO_0
        225 y216 8 PO_0
        226 y217 8 PO_0
        227 y218 8 PO_0
        228 y219 8 PO_0
        229 y220 8 PO_0
        230 y221 8 PO_0
        231 y222 8 PO_0
        232 y223 8 PO_0
        233 y224 7 PO_0
        234 y225 8 PO_0
        235 y226 8 PO_0
        236 y227 8 PO_0
        237 y228 8 PO_0
        238 y229 8 PO_0
        239 y230 8 PO_0
        240 y231 8 PO_0
        241 y232 8 PO_0
        242 y233 8 PO_0
        243 y234 8 PO_0
        244 y235 8 PO_0
        245 y236 8 PO_0
        246 y237 8 PO_0
        247 y238 8 PO_0
        248 y239 8 PO_0
        249 y240 7 PO_0
        250 y241 8 PO_0
        251 y242 8 PO_0
        252 y243 8 PO_0
        253 y244 8 PO_0
        254 y245 8 PO_0
        255 y246 8 PO_0
        256 y247 8 PO_0
        257 y248 8 PO_0
        258 y249 8 PO_0
        259 y250 8 PO_0
        260 y251 8 PO_0
        261 y252 8 PO_0
        262 y253 8 PO_0
        263 y254 8 PO_0
        264 y255 8 PO_0
        265 n10 2 MAJ_1
        266 n100 7 AND_0
        267 n101 7 AND_0
        268 n102 7 AND_0
        269 n103 7 AND_0
        270 n104 7 AND_0
        271 n105 7 AND_0
        272 n106 7 AND_0
        273 n107 4 AND_0
        274 n108 6 AND_1
        275 n109 7 AND_0
        276 n11 3 AND_1
        277 n110 7 AND_0
        278 n111 7 AND_0
        279 n112 7 AND_0
        280 n113 7 AND_0
        281 n114 7 AND_0
        282 n115 7 AND_0
        283 n116 7 AND_0
        284 n117 7 AND_0
        285 n118 7 AND_0
        286 n119 7 AND_0
        287 n12 2 OR_0
        288 n120 7 AND_0
        289 n121 7 AND_0
        290 n122 7 AND_0
        291 n123 7 AND_0
        292 n124 4 AND_0
        293 n125 6 AND_1
        294 n126 7 AND_0
        295 n127 7 AND_0
        296 n128 7 AND_0
        297 n129 7 AND_0
        298 n13 2 MAJ_1
        299 n130 7 AND_0
        300 n131 7 AND_0
        301 n132 7 AND_0
        302 n133 7 AND_0
        303 n134 7 AND_0
        304 n135 7 AND_0
        305 n136 7 AND_0
        306 n137 7 AND_0
        307 n138 7 AND_0
        308 n139 7 AND_0
        309 n14 3 OR_0
        310 n140 7 AND_0
        311 n141 4 AND_1
        312 n142 6 AND_1
        313 n143 7 AND_0
        314 n144 7 AND_0
        315 n145 7 AND_0
        316 n146 7 AND_0
        317 n147 7 AND_0
        318 n148 6 AND_0
        319 n149 6 AND_0
        320 n15 5 AND_1
        321 n150 7 AND_0
        322 n151 7 AND_0
        323 n152 7 AND_0
        324 n153 6 AND_0
        325 n154 6 AND_0
        326 n155 7 AND_0
        327 n156 7 AND_0
        328 n157 7 AND_0
        329 n158 4 AND_0
        330 n159 6 AND_1
        331 n16 2 MAJ_1
        332 n160 7 AND_0
        333 n161 7 AND_0
        334 n162 7 AND_0
        335 n163 7 AND_0
        336 n164 7 AND_0
        337 n165 6 AND_0
        338 n166 6 AND_0
        339 n167 7 AND_0
        340 n168 7 AND_0
        341 n169 7 AND_0
        342 n17 3 AND_1
        343 n170 6 AND_0
        344 n171 6 AND_0
        345 n172 7 AND_0
        346 n173 7 AND_0
        347 n174 7 AND_0
        348 n175 2 OR_0
        349 n176 4 OR_0
        350 n177 6 OR_0
        351 n178 7 AND_1
        352 n179 7 AND_1
        353 n18 6 AND_0
        354 n180 7 AND_1
        355 n181 7 AND_1
        356 n182 7 AND_1
        357 n183 7 AND_1
        358 n184 7 AND_1
        359 n185 7 AND_1
        360 n186 7 AND_1
        361 n187 7 AND_1
        362 n188 7 AND_1
        363 n189 7 AND_1
        364 n19 2 AND_1
        365 n190 7 AND_1
        366 n191 7 AND_1
        367 n192 7 AND_1
        368 n193 4 AND_1
        369 n194 6 AND_1
        370 n195 7 AND_0
        371 n196 7 AND_0
        372 n197 7 AND_0
        373 n198 7 AND_0
        374 n199 7 AND_0
        375 n20 2 MAJ_0
        376 n200 7 AND_0
        377 n201 7 AND_0
        378 n202 7 AND_0
        379 n203 7 AND_0
        380 n204 7 AND_0
        381 n205 7 AND_0
        382 n206 7 AND_0
        383 n207 7 AND_0
        384 n208 7 AND_0
        385 n209 7 AND_0
        386 n21 3 AND_1
        387 n210 2 AND_1
        388 n211 4 AND_1
        389 n212 6 AND_1
        390 n213 7 AND_0
        391 n214 7 AND_0
        392 n215 7 AND_0
        393 n216 7 AND_0
        394 n217 7 AND_0
        395 n218 7 AND_0
        396 n219 7 AND_0
        397 n22 6 AND_0
        398 n220 7 AND_0
        399 n221 7 AND_0
        400 n222 7 AND_0
        401 n223 7 AND_0
        402 n224 7 AND_0
        403 n225 7 AND_0
        404 n226 7 AND_0
        405 n227 7 AND_0
        406 n228 4 AND_1
        407 n229 6 AND_1
        408 n23 2 MAJ_1
        409 n230 7 AND_0
        410 n231 7 AND_0
        411 n232 7 AND_0
        412 n233 7 AND_0
        413 n234 7 AND_0
        414 n235 6 AND_0
        415 n236 6 AND_0
        416 n237 7 AND_0
        417 n238 7 AND_0
        418 n239 7 AND_0
        419 n24 3 AND_1
        420 n240 6 AND_0
        421 n241 6 AND_0
        422 n242 7 AND_0
        423 n243 7 AND_0
        424 n244 7 AND_0
        425 n245 4 AND_1
        426 n246 6 AND_1
        427 n247 7 AND_0
        428 n248 7 AND_0
        429 n249 7 AND_0
        430 n25 6 AND_0
        431 n250 7 AND_0
        432 n251 7 AND_0
        433 n252 6 AND_0
        434 n253 6 AND_0
        435 n254 7 AND_0
        436 n255 7 AND_0
        437 n256 7 AND_0
        438 n257 6 AND_0
        439 n258 6 AND_0
        440 n259 7 AND_0
        441 n26 4 AND_1
        442 n260 7 AND_0
        443 n261 7 AND_0
        444 n262 4 AND_1
        445 n263 6 AND_1
        446 n264 7 AND_0
        447 n265 7 AND_0
        448 n266 7 AND_0
        449 n267 7 AND_0
        450 n268 7 AND_0
        451 n269 7 AND_0
        452 n27 6 AND_0
        453 n270 7 AND_0
        454 n271 7 AND_0
        455 n272 7 AND_0
        456 n273 7 AND_0
        457 n274 7 AND_0
        458 n275 7 AND_0
        459 n276 7 AND_0
        460 n277 7 AND_0
        461 n278 7 AND_0
        462 n279 4 AND_1
        463 n28 4 AND_1
        464 n280 6 AND_1
        465 n281 7 AND_0
        466 n282 7 AND_0
        467 n283 7 AND_0
        468 n284 7 AND_0
        469 n285 7 AND_0
        470 n286 7 AND_0
        471 n287 7 AND_0
        472 n288 7 AND_0
        473 n289 7 AND_0
        474 n29 6 AND_0
        475 n290 7 AND_0
        476 n291 7 AND_0
        477 n292 7 AND_0
        478 n293 7 AND_0
        479 n294 7 AND_0
        480 n295 7 AND_0
        481 n296 4 AND_0
        482 n297 6 AND_1
        483 n298 7 AND_0
        484 n299 7 AND_0
        485 n30 4 AND_1
        486 n300 7 AND_0
        487 n301 7 AND_0
        488 n302 7 AND_0
        489 n303 7 AND_0
        490 n304 7 AND_0
        491 n305 7 AND_0
        492 n306 7 AND_0
        493 n307 7 AND_0
        494 n308 7 AND_0
        495 n309 7 AND_0
        496 n31 6 AND_0
        497 n310 7 AND_0
        498 n311 7 AND_0
        499 n312 7 AND_0
        500 n32 4 AND_0
        501 n33 6 AND_0
        502 n34 2 AND_1
        503 n35 4 AND_1
        504 n36 6 AND_0
        505 n37 4 AND_0
        506 n38 6 AND_0
        507 n39 2 AND_0
        508 n40 4 AND_1
        509 n41 6 AND_0
        510 n42 4 AND_1
        511 n43 6 AND_0
        512 n44 4 AND_0
        513 n45 6 AND_0
        514 n46 4 AND_0
        515 n47 6 AND_0
        516 n48 4 AND_1
        517 n49 6 AND_0
        518 n50 4 AND_0
        519 n51 6 AND_0
        520 n52 2 MAJ_1
        521 n53 3 AND_0
        522 n54 6 AND_1
        523 n55 6 AND_0
        524 n56 6 AND_0
        525 n57 6 AND_0
        526 n58 7 AND_0
        527 n59 7 AND_0
        528 n60 7 AND_0
        529 n61 7 AND_0
        530 n62 7 AND_0
        531 n63 7 AND_0
        532 n64 7 AND_0
        533 n65 7 AND_0
        534 n66 7 AND_0
        535 n67 7 AND_0
        536 n68 7 AND_0
        537 n69 7 AND_0
        538 n70 2 AND_0
        539 n71 2 MAJ_0
        540 n72 3 AND_1
        541 n73 6 AND_1
        542 n74 6 AND_0
        543 n75 6 AND_0
        544 n76 6 AND_0
        545 n77 7 AND_0
        546 n78 7 AND_0
        547 n79 7 AND_0
        548 n80 7 AND_0
        549 n81 7 AND_0
        550 n82 7 AND_0
        551 n83 7 AND_0
        552 n84 7 AND_0
        553 n85 7 AND_0
        554 n86 7 AND_0
        555 n87 7 AND_0
        556 n88 7 AND_0
        557 n89 2 MAJ_1
        558 n9 2 AND_1
        559 n90 3 AND_1
        560 n91 6 AND_1
        561 n92 6 AND_0
        562 n93 6 AND_0
        563 n94 6 AND_0
        564 n95 7 AND_0
        565 n96 7 AND_0
        566 n97 7 AND_0
        567 n98 7 AND_0
        568 n99 7 AND_0
        569 v1 3 VIR
        570 v10 5 VIR
        571 v100 4 VIR
        572 v101 4 VIR
        573 v102 4 VIR
        574 v103 3 VIR
        575 v104 3 VIR
        576 v105 4 VIR
        577 v106 4 VIR
        578 v107 4 VIR
        579 v108 3 VIR
        580 v109 3 VIR
        581 v11 5 VIR
        582 v110 4 VIR
        583 v111 4 VIR
        584 v112 4 VIR
        585 v113 1 VIR
        586 v114 1 VIR
        587 v115 1 VIR
        588 v116 1 VIR
        589 v117 1 VIR
        590 v118 1 VIR
        591 v119 1 VIR
        592 v12 3 VIR
        593 v120 1 VIR
        594 v121 1 VIR
        595 v122 1 VIR
        596 v123 1 VIR
        597 v124 1 VIR
        598 v125 6 VIR
        599 v126 5 VIR
        600 v127 5 VIR
        601 v128 5 VIR
        602 v129 5 VIR
        603 v13 4 VIR
        604 v130 5 VIR
        605 v131 5 VIR
        606 v132 5 VIR
        607 v133 5 VIR
        608 v134 6 VIR
        609 v135 5 VIR
        610 v136 5 VIR
        611 v137 5 VIR
        612 v138 5 VIR
        613 v139 5 VIR
        614 v14 4 VIR
        615 v140 5 VIR
        616 v141 5 VIR
        617 v142 5 VIR
        618 v143 6 VIR
        619 v144 6 VIR
        620 v145 6 VIR
        621 v146 6 VIR
        622 v147 6 VIR
        623 v148 6 VIR
        624 v149 6 VIR
        625 v15 4 VIR
        626 v150 6 VIR
        627 v151 6 VIR
        628 v152 6 VIR
        629 v153 5 VIR
        630 v154 5 VIR
        631 v155 5 VIR
        632 v156 5 VIR
        633 v157 6 VIR
        634 v158 6 VIR
        635 v159 6 VIR
        636 v16 5 VIR
        637 v160 6 VIR
        638 v161 6 VIR
        639 v162 6 VIR
        640 v163 6 VIR
        641 v164 6 VIR
        642 v165 6 VIR
        643 v166 5 VIR
        644 v167 5 VIR
        645 v168 5 VIR
        646 v169 5 VIR
        647 v17 5 VIR
        648 v170 6 VIR
        649 v171 6 VIR
        650 v172 6 VIR
        651 v173 6 VIR
        652 v174 6 VIR
        653 v175 6 VIR
        654 v176 6 VIR
        655 v177 6 VIR
        656 v178 6 VIR
        657 v179 5 VIR
        658 v18 5 VIR
        659 v180 5 VIR
        660 v181 5 VIR
        661 v182 5 VIR
        662 v183 6 VIR
        663 v184 6 VIR
        664 v185 5 VIR
        665 v186 5 VIR
        666 v187 6 VIR
        667 v188 6 VIR
        668 v189 6 VIR
        669 v19 5 VIR
        670 v190 6 VIR
        671 v191 6 VIR
        672 v192 6 VIR
        673 v193 6 VIR
        674 v194 6 VIR
        675 v195 6 VIR
        676 v196 6 VIR
        677 v197 6 VIR
        678 v198 6 VIR
        679 v199 6 VIR
        680 v2 5 VIR
        681 v20 5 VIR
        682 v200 5 VIR
        683 v201 6 VIR
        684 v202 6 VIR
        685 v203 6 VIR
        686 v204 6 VIR
        687 v205 6 VIR
        688 v206 6 VIR
        689 v207 6 VIR
        690 v208 6 VIR
        691 v209 6 VIR
        692 v21 5 VIR
        693 v210 6 VIR
        694 v211 6 VIR
        695 v212 6 VIR
        696 v213 6 VIR
        697 v214 5 VIR
        698 v215 6 VIR
        699 v216 6 VIR
        700 v217 6 VIR
        701 v218 6 VIR
        702 v219 6 VIR
        703 v22 3 VIR
        704 v220 6 VIR
        705 v221 6 VIR
        706 v222 6 VIR
        707 v223 6 VIR
        708 v224 6 VIR
        709 v225 6 VIR
        710 v226 6 VIR
        711 v227 6 VIR
        712 v228 6 VIR
        713 v229 6 VIR
        714 v23 4 VIR
        715 v230 6 VIR
        716 v231 6 VIR
        717 v232 6 VIR
        718 v233 6 VIR
        719 v234 6 VIR
        720 v235 6 VIR
        721 v236 6 VIR
        722 v237 6 VIR
        723 v238 6 VIR
        724 v239 6 VIR
        725 v24 4 VIR
        726 v240 6 VIR
        727 v241 6 VIR
        728 v242 6 VIR
        729 v243 6 VIR
        730 v244 6 VIR
        731 v245 6 VIR
        732 v246 6 VIR
        733 v247 6 VIR
        734 v248 6 VIR
        735 v249 6 VIR
        736 v25 4 VIR
        737 v250 6 VIR
        738 v251 6 VIR
        739 v252 6 VIR
        740 v26 3 VIR
        741 v27 5 VIR
        742 v28 5 VIR
        743 v29 5 VIR
        744 v3 5 VIR
        745 v30 3 VIR
        746 v31 5 VIR
        747 v32 5 VIR
        748 v33 5 VIR
        749 v34 3 VIR
        750 v35 4 VIR
        751 v36 4 VIR
        752 v37 4 VIR
        753 v38 3 VIR
        754 v39 5 VIR
        755 v4 5 VIR
        756 v40 5 VIR
        757 v41 5 VIR
        758 v42 5 VIR
        759 v43 5 VIR
        760 v44 5 VIR
        761 v45 3 VIR
        762 v46 4 VIR
        763 v47 4 VIR
        764 v48 4 VIR
        765 v49 5 VIR
        766 v5 4 VIR
        767 v50 5 VIR
        768 v51 5 VIR
        769 v52 5 VIR
        770 v53 5 VIR
        771 v54 5 VIR
        772 v55 5 VIR
        773 v56 5 VIR
        774 v57 5 VIR
        775 v58 5 VIR
        776 v59 5 VIR
        777 v6 4 VIR
        778 v60 5 VIR
        779 v61 5 VIR
        780 v62 5 VIR
        781 v63 5 VIR
        782 v64 5 VIR
        783 v65 5 VIR
        784 v66 5 VIR
        785 v67 5 VIR
        786 v68 5 VIR
        787 v69 5 VIR
        788 v7 4 VIR
        789 v70 5 VIR
        790 v71 5 VIR
        791 v72 5 VIR
        792 v73 3 VIR
        793 v74 5 VIR
        794 v75 5 VIR
        795 v76 5 VIR
        796 v77 5 VIR
        797 v78 5 VIR
        798 v79 5 VIR
        799 v8 3 VIR
        800 v80 3 VIR
        801 v81 5 VIR
        802 v82 5 VIR
        803 v83 5 VIR
        804 v84 5 VIR
        805 v85 5 VIR
        806 v86 5 VIR
        807 v87 5 VIR
        808 v88 5 VIR
        809 v89 5 VIR
        810 v9 5 VIR
        811 v90 5 VIR
        812 v91 5 VIR
        813 v92 5 VIR
        814 v93 5 VIR
        815 v94 5 VIR
        816 v95 5 VIR
        817 v96 5 VIR
        818 v97 5 VIR
        819 v98 5 VIR
        820 v99 3 VIR
    ]
    edge:
    [
        1 585
        2 586
        2 587
        2 588
        3 589
        4 590
        5 591
        6 593
        6 594
        6 595
        7 596
        8 597
        5 265
        593 265
        7 265
        586 287
        4 287
        1 298
        586 298
        3 298
        1 331
        586 331
        3 331
        595 348
        597 348
        587 364
        4 364
        585 375
        587 375
        589 375
        595 387
        597 387
        585 408
        587 408
        589 408
        588 502
        590 502
        588 507
        590 507
        5 520
        593 520
        7 520
        594 538
        8 538
        591 539
        594 539
        596 539
        591 557
        594 557
        596 557
        593 558
        8 558
        558 276
        265 276
        287 309
        298 309
        287 342
        331 342
        364 386
        375 386
        364 419
        408 419
        558 521
        520 521
        538 540
        539 540
        538 559
        557 559
        265 569
        538 574
        539 575
        557 579
        558 580
        298 592
        331 703
        348 740
        364 745
        375 749
        387 753
        408 761
        502 792
        287 799
        507 800
        520 820
        580 273
        557 273
        580 292
        539 292
        520 311
        574 311
        265 329
        574 329
        569 349
        348 349
        820 368
        348 368
        575 388
        387 388
        579 406
        387 406
        579 425
        740 425
        799 441
        408 441
        575 444
        740 444
        820 462
        753 462
        799 463
        375 463
        569 481
        753 481
        331 485
        745 485
        298 500
        745 500
        592 503
        502 503
        703 505
        502 505
        749 508
        507 508
        761 510
        507 510
        761 512
        792 512
        749 514
        792 514
        703 516
        800 516
        592 518
        800 518
        521 571
        521 572
        521 573
        540 576
        540 577
        540 578
        559 582
        559 583
        559 584
        309 603
        309 614
        309 625
        342 714
        342 725
        342 736
        386 750
        386 751
        386 752
        419 762
        419 763
        419 764
        276 766
        276 777
        276 788
        766 320
        603 320
        292 570
        292 581
        571 599
        571 600
        572 601
        573 602
        576 604
        576 605
        577 606
        578 607
        582 609
        582 610
        583 611
        584 612
        603 613
        603 615
        614 616
        625 617
        714 629
        714 630
        725 631
        736 632
        311 636
        750 643
        750 644
        751 645
        752 646
        311 647
        762 657
        311 658
        762 659
        763 660
        764 661
        766 664
        766 665
        329 669
        273 680
        329 681
        777 682
        329 692
        788 697
        349 741
        349 742
        349 743
        273 744
        368 746
        368 747
        368 748
        388 754
        273 755
        388 756
        388 757
        406 758
        406 759
        406 760
        425 765
        425 767
        425 768
        441 769
        441 770
        441 771
        444 772
        444 773
        444 774
        462 775
        462 776
        462 778
        463 779
        463 780
        463 781
        481 782
        481 783
        481 784
        485 785
        485 786
        485 787
        500 789
        500 790
        500 791
        503 793
        503 794
        503 795
        505 796
        505 797
        505 798
        508 801
        508 802
        508 803
        510 804
        510 805
        510 806
        512 807
        512 808
        512 809
        292 810
        514 811
        514 812
        514 813
        516 814
        516 815
        516 816
        518 817
        518 818
        518 819
        615 274
        680 274
        615 293
        810 293
        614 312
        636 312
        786 318
        647 318
        790 319
        647 319
        805 324
        658 324
        808 325
        658 325
        614 330
        669 330
        786 337
        681 337
        790 338
        681 338
        805 343
        692 343
        808 344
        692 344
        616 350
        741 350
        664 353
        714 353
        616 369
        746 369
        616 389
        754 389
        664 397
        750 397
        625 407
        758 407
        787 414
        759 414
        791 415
        759 415
        806 420
        760 420
        809 421
        760 421
        625 426
        765 426
        664 430
        762 430
        787 433
        767 433
        791 434
        767 434
        806 438
        768 438
        809 439
        768 439
        617 445
        772 445
        665 452
        769 452
        617 464
        775 464
        665 474
        779 474
        617 482
        782 482
        777 496
        785 496
        777 501
        789 501
        682 504
        793 504
        682 506
        796 506
        682 509
        801 509
        788 511
        804 511
        788 513
        807 513
        697 515
        811 515
        697 517
        814 517
        697 519
        817 519
        613 522
        571 522
        629 523
        599 523
        643 524
        599 524
        657 525
        599 525
        613 541
        576 541
        629 542
        604 542
        643 543
        604 543
        657 544
        604 544
        613 560
        582 560
        629 561
        609 561
        643 562
        609 562
        657 563
        609 563
        570 598
        581 608
        636 618
        636 619
        647 620
        658 621
        669 622
        669 623
        680 624
        680 626
        681 627
        692 628
        741 633
        741 634
        742 635
        743 637
        744 638
        746 639
        746 640
        747 641
        748 642
        754 648
        754 649
        755 650
        756 651
        757 652
        758 653
        758 654
        759 655
        760 656
        765 662
        765 663
        767 666
        768 667
        769 668
        769 670
        770 671
        771 672
        772 673
        772 674
        773 675
        774 676
        775 677
        775 678
        776 679
        778 683
        779 684
        779 685
        780 686
        781 687
        782 688
        782 689
        783 690
        784 691
        785 693
        785 694
        786 695
        787 696
        789 698
        789 699
        790 700
        791 701
        793 702
        793 704
        794 705
        795 706
        796 707
        796 708
        797 709
        798 710
        801 711
        801 712
        802 713
        803 715
        804 716
        804 717
        805 718
        806 719
        807 720
        807 721
        808 722
        809 723
        810 724
        810 726
        811 727
        811 728
        812 729
        813 730
        814 731
        814 732
        815 733
        816 734
        817 735
        817 737
        818 738
        819 739
        707 266
        611 266
        711 267
        611 267
        716 268
        584 268
        720 269
        584 269
        727 270
        612 270
        731 271
        612 271
        735 272
        612 272
        630 275
        624 275
        644 277
        624 277
        659 278
        624 278
        670 279
        626 279
        685 280
        626 280
        694 281
        744 281
        699 282
        744 282
        704 283
        638 283
        708 284
        638 284
        712 285
        638 285
        717 286
        755 286
        721 288
        755 288
        728 289
        650 289
        732 290
        650 290
        737 291
        650 291
        630 294
        724 294
        644 295
        724 295
        659 296
        724 296
        670 297
        726 297
        685 299
        726 299
        694 300
        570 300
        699 301
        570 301
        704 302
        598 302
        708 303
        598 303
        712 304
        598 304
        717 305
        581 305
        721 306
        581 306
        728 307
        608 307
        732 308
        608 308
        737 310
        608 310
        725 313
        618 313
        751 314
        618 314
        763 315
        618 315
        770 316
        619 316
        780 317
        619 317
        794 321
        620 321
        797 322
        620 322
        802 323
        620 323
        812 326
        621 326
        815 327
        621 327
        818 328
        621 328
        725 332
        622 332
        751 333
        622 333
        763 334
        622 334
        770 335
        623 335
        780 336
        623 336
        794 339
        627 339
        797 340
        627 340
        802 341
        627 341
        812 345
        628 345
        815 346
        628 346
        818 347
        628 347
        631 351
        633 351
        645 352
        633 352
        660 354
        633 354
        671 355
        634 355
        686 356
        634 356
        695 357
        742 357
        700 358
        742 358
        705 359
        635 359
        709 360
        635 360
        713 361
        635 361
        718 362
        743 362
        722 363
        743 363
        729 365
        637 365
        733 366
        637 366
        738 367
        637 367
        631 370
        639 370
        645 371
        639 371
        660 372
        639 372
        671 373
        640 373
        686 374
        640 374
        695 376
        747 376
        700 377
        747 377
        705 378
        641 378
        709 379
        641 379
        713 380
        641 380
        718 381
        748 381
        722 382
        748 382
        729 383
        642 383
        733 384
        642 384
        738 385
        642 385
        631 390
        648 390
        645 391
        648 391
        660 392
        648 392
        671 393
        649 393
        686 394
        649 394
        695 395
        756 395
        700 396
        756 396
        705 398
        651 398
        709 399
        651 399
        713 400
        651 400
        718 401
        757 401
        722 402
        757 402
        729 403
        652 403
        733 404
        652 404
        738 405
        652 405
        736 409
        653 409
        752 410
        653 410
        764 411
        653 411
        771 412
        654 412
        781 413
        654 413
        795 416
        655 416
        798 417
        655 417
        803 418
        655 418
        813 422
        656 422
        816 423
        656 423
        819 424
        656 424
        736 427
        662 427
        752 428
        662 428
        764 429
        662 429
        771 431
        663 431
        781 432
        663 432
        795 435
        666 435
        798 436
        666 436
        803 437
        666 437
        813 440
        667 440
        816 442
        667 442
        819 443
        667 443
        632 446
        673 446
        646 447
        673 447
        661 448
        673 448
        672 449
        674 449
        687 450
        674 450
        696 451
        773 451
        701 453
        773 453
        706 454
        675 454
        710 455
        675 455
        715 456
        675 456
        719 457
        774 457
        723 458
        774 458
        730 459
        676 459
        734 460
        676 460
        739 461
        676 461
        632 465
        677 465
        646 466
        677 466
        661 467
        677 467
        672 468
        678 468
        687 469
        678 469
        696 470
        776 470
        701 471
        776 471
        706 472
        679 472
        710 473
        679 473
        715 475
        679 475
        719 476
        778 476
        723 477
        778 477
        730 478
        683 478
        734 479
        683 479
        739 480
        683 480
        632 483
        688 483
        646 484
        688 484
        661 486
        688 486
        672 487
        689 487
        687 488
        689 488
        696 489
        783 489
        701 490
        783 490
        706 491
        690 491
        710 492
        690 492
        715 493
        690 493
        719 494
        784 494
        723 495
        784 495
        730 497
        691 497
        734 498
        691 498
        739 499
        691 499
        668 526
        600 526
        684 527
        600 527
        693 528
        572 528
        698 529
        572 529
        702 530
        601 530
        707 531
        601 531
        711 532
        601 532
        716 533
        573 533
        720 534
        573 534
        727 535
        602 535
        731 536
        602 536
        735 537
        602 537
        668 545
        605 545
        684 546
        605 546
        693 547
        577 547
        698 548
        577 548
        702 549
        606 549
        707 550
        606 550
        711 551
        606 551
        716 552
        578 552
        720 553
        578 553
        727 554
        607 554
        731 555
        607 555
        735 556
        607 556
        668 564
        610 564
        684 565
        610 565
        693 566
        583 566
        698 567
        583 567
        702 568
        611 568
        320 9
        353 10
        397 11
        430 12
        452 13
        474 14
        496 15
        501 16
        504 17
        506 18
        509 19
        511 20
        513 21
        515 22
        517 23
        519 24
        522 25
        523 26
        524 27
        525 28
        526 29
        527 30
        528 31
        529 32
        530 33
        531 34
        532 35
        533 36
        534 37
        535 38
        536 39
        537 40
        541 41
        542 42
        543 43
        544 44
        545 45
        546 46
        547 47
        548 48
        549 49
        550 50
        551 51
        552 52
        553 53
        554 54
        555 55
        556 56
        560 57
        561 58
        562 59
        563 60
        564 61
        565 62
        566 63
        567 64
        568 65
        266 66
        267 67
        268 68
        269 69
        270 70
        271 71
        272 72
        274 73
        275 74
        277 75
        278 76
        279 77
        280 78
        281 79
        282 80
        283 81
        284 82
        285 83
        286 84
        288 85
        289 86
        290 87
        291 88
        293 89
        294 90
        295 91
        296 92
        297 93
        299 94
        300 95
        301 96
        302 97
        303 98
        304 99
        305 100
        306 101
        307 102
        308 103
        310 104
        312 105
        313 106
        314 107
        315 108
        316 109
        317 110
        318 111
        319 112
        321 113
        322 114
        323 115
        324 116
        325 117
        326 118
        327 119
        328 120
        330 121
        332 122
        333 123
        334 124
        335 125
        336 126
        337 127
        338 128
        339 129
        340 130
        341 131
        343 132
        344 133
        345 134
        346 135
        347 136
        350 137
        351 138
        352 139
        354 140
        355 141
        356 142
        357 143
        358 144
        359 145
        360 146
        361 147
        362 148
        363 149
        365 150
        366 151
        367 152
        369 153
        370 154
        371 155
        372 156
        373 157
        374 158
        376 159
        377 160
        378 161
        379 162
        380 163
        381 164
        382 165
        383 166
        384 167
        385 168
        389 169
        390 170
        391 171
        392 172
        393 173
        394 174
        395 175
        396 176
        398 177
        399 178
        400 179
        401 180
        402 181
        403 182
        404 183
        405 184
        407 185
        409 186
        410 187
        411 188
        412 189
        413 190
        414 191
        415 192
        416 193
        417 194
        418 195
        420 196
        421 197
        422 198
        423 199
        424 200
        426 201
        427 202
        428 203
        429 204
        431 205
        432 206
        433 207
        434 208
        435 209
        436 210
        437 211
        438 212
        439 213
        440 214
        442 215
        443 216
        445 217
        446 218
        447 219
        448 220
        449 221
        450 222
        451 223
        453 224
        454 225
        455 226
        456 227
        457 228
        458 229
        459 230
        460 231
        461 232
        464 233
        465 234
        466 235
        467 236
        468 237
        469 238
        470 239
        471 240
        472 241
        473 242
        475 243
        476 244
        477 245
        478 246
        479 247
        480 248
        482 249
        483 250
        484 251
        486 252
        487 253
        488 254
        489 255
        490 256
        491 257
        492 258
        493 259
        494 260
        495 261
        497 262
        498 263
        499 264
    ]
]
