circuit_name:decodnew_processed
[
    node:
    [
        1 x0 0 PI
        2 x1 0 PI
        3 x2 0 PI
        4 x3 0 PI
        5 x4 0 PI
        6 y0 5 PO_0
        7 y1 5 PO_0
        8 y2 5 PO_0
        9 y3 5 PO_0
        10 y4 5 PO_0
        11 y5 5 PO_0
        12 y6 5 PO_0
        13 y7 5 PO_0
        14 y8 5 PO_0
        15 y9 5 PO_0
        16 y10 6 PO_0
        17 y11 6 PO_0
        18 y12 6 PO_0
        19 y13 6 PO_0
        20 y14 5 PO_0
        21 y15 5 PO_0
        22 n10 4 AND_1
        23 n11 2 AND_1
        24 n12 2 MAJ_1
        25 n13 3 AND_0
        26 n14 4 AND_0
        27 n15 4 AND_1
        28 n16 2 MAJ_1
        29 n17 3 AND_1
        30 n18 4 AND_0
        31 n19 4 AND_1
        32 n20 3 AND_0
        33 n21 4 AND_0
        34 n22 4 AND_1
        35 n23 3 AND_1
        36 n24 4 AND_0
        37 n25 4 AND_1
        38 n26 4 AND_0
        39 n27 5 AND_0
        40 n28 5 AND_1
        41 n29 2 MAJ_1
        42 n30 4 AND_0
        43 n31 5 AND_0
        44 n32 5 AND_1
        45 n33 3 AND_1
        46 n34 4 AND_0
        47 n35 4 AND_1
        48 n6 1 AND_0
        49 n7 2 MAJ_0
        50 n8 3 AND_1
        51 n9 4 AND_0
        52 v1 3 VIR
        53 v10 2 VIR
        54 v11 2 VIR
        55 v12 2 VIR
        56 v13 2 VIR
        57 v2 2 VIR
        58 v3 1 VIR
        59 v4 1 VIR
        60 v5 1 VIR
        61 v6 1 VIR
        62 v7 1 VIR
        63 v8 1 VIR
        64 v9 1 VIR
    ]
    edge:
    [
        2 48
        5 48
        1 58
        2 59
        2 60
        3 61
        4 62
        4 63
        4 64
        59 23
        5 23
        1 24
        59 24
        3 24
        58 28
        60 28
        61 28
        58 41
        60 41
        61 41
        1 49
        59 49
        3 49
        62 53
        62 54
        63 55
        64 56
        48 57
        23 25
        24 25
        23 29
        28 29
        48 32
        28 32
        57 35
        24 35
        57 45
        41 45
        48 50
        49 50
        23 52
        53 22
        50 22
        53 26
        25 26
        53 27
        25 27
        54 30
        29 30
        54 31
        29 31
        63 33
        32 33
        63 34
        32 34
        55 36
        35 36
        55 37
        35 37
        49 38
        52 38
        52 42
        41 42
        56 46
        45 46
        56 47
        45 47
        62 51
        50 51
        55 39
        38 39
        64 40
        38 40
        64 43
        42 43
        56 44
        42 44
        51 6
        22 7
        26 8
        27 9
        30 10
        31 11
        33 12
        34 13
        36 14
        37 15
        39 16
        40 17
        43 18
        44 19
        46 20
        47 21
    ]
]
