circuit_name:example2new_processed
[
    node:
    [
        1 x0 0 PI
        2 x1 0 PI
        3 x2 0 PI
        4 x3 0 PI
        5 x4 0 PI
        6 x5 0 PI
        7 x6 0 PI
        8 x7 0 PI
        9 x8 0 PI
        10 x9 0 PI
        11 x10 0 PI
        12 x11 0 PI
        13 x12 0 PI
        14 x13 0 PI
        15 x14 0 PI
        16 x15 0 PI
        17 x16 0 PI
        18 x17 0 PI
        19 x18 0 PI
        20 x19 0 PI
        21 x20 0 PI
        22 x21 0 PI
        23 x22 0 PI
        24 x23 0 PI
        25 x24 0 PI
        26 x25 0 PI
        27 x26 0 PI
        28 x27 0 PI
        29 x28 0 PI
        30 x29 0 PI
        31 x30 0 PI
        32 x31 0 PI
        33 x32 0 PI
        34 x33 0 PI
        35 x34 0 PI
        36 x35 0 PI
        37 x36 0 PI
        38 x37 0 PI
        39 x38 0 PI
        40 x39 0 PI
        41 x40 0 PI
        42 x41 0 PI
        43 x42 0 PI
        44 x43 0 PI
        45 x44 0 PI
        46 x45 0 PI
        47 x46 0 PI
        48 x47 0 PI
        49 x48 0 PI
        50 x49 0 PI
        51 x50 0 PI
        52 x51 0 PI
        53 x52 0 PI
        54 x53 0 PI
        55 x54 0 PI
        56 x55 0 PI
        57 x56 0 PI
        58 x57 0 PI
        59 x58 0 PI
        60 x59 0 PI
        61 x60 0 PI
        62 x61 0 PI
        63 x62 0 PI
        64 x63 0 PI
        65 x64 0 PI
        66 x65 0 PI
        67 x66 0 PI
        68 x67 0 PI
        69 x68 0 PI
        70 x69 0 PI
        71 x70 0 PI
        72 x71 0 PI
        73 x72 0 PI
        74 x73 0 PI
        75 x74 0 PI
        76 x75 0 PI
        77 x76 0 PI
        78 x77 0 PI
        79 x78 0 PI
        80 x79 0 PI
        81 x80 0 PI
        82 x81 0 PI
        83 x82 0 PI
        84 x83 0 PI
        85 x84 0 PI
        86 y0 5 PO_0
        87 y1 12 PO_0
        88 y2 5 PO_0
        89 y3 12 PO_0
        90 y4 5 PO_0
        91 y5 12 PO_0
        92 y6 12 PO_0
        93 y7 7 PO_0
        94 y8 13 PO_0
        95 y9 6 PO_1
        96 y10 13 PO_0
        97 y11 10 PO_0
        98 y12 14 PO_0
        99 y13 5 PO_0
        100 y14 6 PO_1
        101 y15 12 PO_0
        102 y16 11 PO_0
        103 y17 12 PO_0
        104 y18 8 PO_0
        105 y19 13 PO_1
        106 y20 11 PO_0
        107 y21 5 PO_0
        108 y22 11 PO_0
        109 y23 8 PO_0
        110 y24 11 PO_1
        111 y25 12 PO_0
        112 y26 5 PO_0
        113 y27 11 PO_0
        114 y28 12 PO_0
        115 y29 11 PO_0
        116 y30 5 PO_0
        117 y31 12 PO_0
        118 y32 5 PO_0
        119 y33 11 PO_0
        120 y34 10 PO_0
        121 y35 11 PO_0
        122 y36 6 PO_1
        123 y37 5 PO_0
        124 y38 14 PO_0
        125 y39 11 PO_0
        126 y40 14 PO_0
        127 y41 5 PO_0
        128 y42 11 PO_0
        129 y43 5 PO_0
        130 y44 13 PO_0
        131 y45 11 PO_0
        132 y46 12 PO_0
        133 y47 5 PO_0
        134 y48 12 PO_1
        135 y49 5 PO_0
        136 y50 13 PO_0
        137 y51 14 PO_1
        138 y52 14 PO_0
        139 y53 5 PO_0
        140 y54 10 PO_0
        141 y55 5 PO_0
        142 y56 14 PO_0
        143 y57 11 PO_0
        144 y58 13 PO_0
        145 y59 5 PO_0
        146 y60 5 PO_0
        147 y61 13 PO_0
        148 y62 5 PO_0
        149 y63 14 PO_0
        150 y64 14 PO_0
        151 y65 5 PO_0
        152 n100 4 MAJ_1
        153 n101 6 AND_0
        154 n102 8 MAJ_0
        155 n103 9 OR_0
        156 n104 3 OR_0
        157 n105 3 MAJ_0
        158 n106 4 AND_1
        159 n107 5 AND_0
        160 n108 4 OR_0
        161 n109 3 MAJ_0
        162 n110 5 AND_1
        163 n111 0 UNKNOWN_0
        164 n112 3 AND_0
        165 n113 6 MAJ_0
        166 n114 7 AND_1
        167 n115 10 OR_0
        168 n116 10 MAJ_0
        169 n117 11 OR_0
        170 n118 3 XOR_0
        171 n119 4 MAJ_0
        172 n120 6 AND_1
        173 n121 8 AND_0
        174 n122 7 AND_1
        175 n123 9 MAJ_1
        176 n124 10 MAJ_0
        177 n125 11 OR_0
        178 n126 3 XOR_0
        179 n127 4 MAJ_0
        180 n128 8 AND_0
        181 n129 8 AND_1
        182 n130 9 MAJ_1
        183 n131 10 MAJ_0
        184 n132 11 OR_0
        185 n133 8 AND_0
        186 n134 8 AND_1
        187 n135 9 MAJ_1
        188 n136 10 MAJ_0
        189 n137 11 OR_0
        190 n138 3 AND_0
        191 n139 3 MAJ_1
        192 n140 4 AND_1
        193 n141 3 OR_0
        194 n142 4 AND_1
        195 n143 3 OR_0
        196 n144 5 MAJ_1
        197 n145 6 AND_1
        198 n146 3 AND_1
        199 n147 5 AND_0
        200 n148 3 MAJ_1
        201 n149 6 AND_1
        202 n150 4 XOR_0
        203 n151 5 XOR_0
        204 n152 2 XOR_0
        205 n153 3 XOR_0
        206 n154 7 MAJ_1
        207 n155 8 AND_1
        208 n156 8 AND_1
        209 n157 9 MAJ_0
        210 n158 10 MAJ_1
        211 n159 12 AND_0
        212 n160 3 OR_0
        213 n161 4 AND_1
        214 n162 4 MAJ_1
        215 n163 5 AND_1
        216 n164 12 AND_0
        217 n165 3 AND_1
        218 n166 4 AND_0
        219 n167 5 AND_0
        220 n168 6 AND_1
        221 n169 7 MAJ_0
        222 n170 2 AND_0
        223 n171 2 AND_1
        224 n172 2 MAJ_1
        225 n173 3 AND_0
        226 n174 4 AND_0
        227 n175 2 MAJ_1
        228 n176 5 AND_1
        229 n177 3 AND_1
        230 n178 6 AND_1
        231 n179 4 AND_1
        232 n180 7 MAJ_1
        233 n181 8 AND_0
        234 n182 5 AND_1
        235 n183 8 MAJ_1
        236 n184 9 MAJ_1
        237 n185 13 AND_0
        238 n186 3 XOR_0
        239 n187 4 MAJ_0
        240 n188 3 XOR_0
        241 n189 5 MAJ_0
        242 n190 11 AND_0
        243 n191 8 AND_0
        244 n192 2 MAJ_0
        245 n193 9 AND_1
        246 n194 2 AND_1
        247 n195 10 AND_0
        248 n196 11 AND_0
        249 n197 3 OR_0
        250 n198 2 OR_0
        251 n199 2 MAJ_1
        252 n200 3 OR_0
        253 n201 5 AND_0
        254 n202 5 MAJ_1
        255 n203 6 AND_1
        256 n204 4 AND_0
        257 n205 3 MAJ_1
        258 n206 5 AND_0
        259 n207 6 AND_1
        260 n208 7 AND_1
        261 n209 8 MAJ_1
        262 n210 5 AND_1
        263 n211 3 MAJ_1
        264 n212 6 AND_0
        265 n213 9 OR_0
        266 n214 9 MAJ_1
        267 n215 10 OR_0
        268 n216 3 MAJ_1
        269 n217 4 AND_1
        270 n218 3 MAJ_0
        271 n219 4 OR_0
        272 n220 5 MAJ_0
        273 n221 5 MAJ_1
        274 n222 6 AND_1
        275 n223 7 AND_1
        276 n224 11 MAJ_1
        277 n225 12 AND_1
        278 n226 10 AND_0
        279 n227 3 AND_1
        280 n228 3 MAJ_1
        281 n229 4 AND_0
        282 n230 10 AND_0
        283 n231 3 OR_0
        284 n232 4 MAJ_1
        285 n233 5 MAJ_1
        286 n234 6 AND_1
        287 n235 3 XOR_0
        288 n236 7 MAJ_1
        289 n237 5 AND_1
        290 n238 3 MAJ_0
        291 n239 6 AND_0
        292 n240 4 OR_0
        293 n241 7 AND_1
        294 n242 8 MAJ_1
        295 n243 6 AND_1
        296 n244 6 AND_0
        297 n245 3 MAJ_0
        298 n246 7 AND_1
        299 n247 6 AND_1
        300 n248 5 MAJ_0
        301 n249 7 AND_0
        302 n250 8 AND_0
        303 n251 8 OR_0
        304 n252 9 MAJ_1
        305 n253 9 AND_1
        306 n254 10 AND_1
        307 n255 8 AND_0
        308 n256 8 AND_1
        309 n257 9 MAJ_1
        310 n258 10 MAJ_0
        311 n259 11 OR_0
        312 n260 3 XOR_0
        313 n261 4 MAJ_0
        314 n262 10 AND_0
        315 n263 8 AND_0
        316 n264 8 AND_1
        317 n265 9 MAJ_1
        318 n266 10 MAJ_0
        319 n267 11 OR_0
        320 n268 10 AND_0
        321 n269 3 XOR_0
        322 n270 4 MAJ_0
        323 n271 8 AND_0
        324 n272 8 AND_1
        325 n273 9 MAJ_1
        326 n274 10 MAJ_0
        327 n275 11 OR_0
        328 n276 10 AND_0
        329 n277 7 AND_0
        330 n278 8 AND_1
        331 n279 9 MAJ_1
        332 n280 10 AND_0
        333 n281 3 XOR_0
        334 n282 4 MAJ_0
        335 n283 13 AND_0
        336 n284 5 MAJ_1
        337 n285 4 AND_0
        338 n286 6 AND_1
        339 n287 7 MAJ_1
        340 n288 8 AND_0
        341 n289 10 AND_0
        342 n290 13 AND_0
        343 n291 3 XOR_0
        344 n292 4 MAJ_0
        345 n293 3 AND_1
        346 n294 6 AND_0
        347 n295 7 AND_1
        348 n296 9 AND_1
        349 n297 10 MAJ_1
        350 n298 3 XOR_0
        351 n299 4 MAJ_0
        352 n300 12 AND_0
        353 n301 10 AND_0
        354 n302 6 AND_0
        355 n303 8 MAJ_1
        356 n304 9 AND_0
        357 n305 10 MAJ_0
        358 n306 11 OR_0
        359 n307 3 XOR_0
        360 n308 4 MAJ_0
        361 n309 4 AND_0
        362 n310 3 MAJ_1
        363 n311 5 AND_1
        364 n312 3 MAJ_0
        365 n313 5 AND_1
        366 n314 3 AND_1
        367 n315 3 MAJ_1
        368 n316 4 AND_1
        369 n317 7 AND_0
        370 n318 8 OR_0
        371 n319 9 MAJ_1
        372 n320 10 AND_1
        373 n321 6 MAJ_1
        374 n322 11 AND_1
        375 n323 3 XOR_0
        376 n324 4 MAJ_0
        377 n325 12 AND_0
        378 n326 5 AND_0
        379 n327 6 AND_1
        380 n328 5 MAJ_0
        381 n329 6 AND_1
        382 n330 5 AND_0
        383 n331 7 MAJ_0
        384 n332 10 MAJ_1
        385 n333 3 AND_1
        386 n334 7 MAJ_1
        387 n335 11 MAJ_1
        388 n336 5 AND_1
        389 n337 3 MAJ_1
        390 n338 6 AND_0
        391 n339 7 AND_0
        392 n340 8 AND_1
        393 n341 9 MAJ_1
        394 n342 12 AND_1
        395 n343 10 MAJ_1
        396 n344 13 AND_1
        397 n345 13 AND_0
        398 n346 3 XOR_0
        399 n347 4 MAJ_0
        400 n348 6 AND_0
        401 n349 4 AND_0
        402 n350 5 AND_1
        403 n351 7 MAJ_0
        404 n352 8 AND_0
        405 n353 5 AND_1
        406 n354 8 MAJ_0
        407 n355 9 MAJ_1
        408 n356 3 XOR_0
        409 n357 4 MAJ_0
        410 n358 13 AND_0
        411 n359 9 MAJ_0
        412 n360 10 OR_0
        413 n361 12 AND_0
        414 n362 3 XOR_0
        415 n363 4 MAJ_0
        416 n364 3 XOR_0
        417 n365 4 MAJ_0
        418 n366 12 AND_0
        419 n367 3 XOR_0
        420 n368 4 MAJ_0
        421 n369 13 AND_0
        422 n370 13 AND_0
        423 n371 3 XOR_0
        424 n372 4 MAJ_0
        425 n86 3 XOR_0
        426 n87 4 MAJ_0
        427 n88 4 AND_1
        428 n89 5 MAJ_0
        429 n90 0 UNKNOWN_0
        430 n91 2 XOR_0
        431 n92 4 MAJ_1
        432 n93 5 AND_1
        433 n94 6 AND_0
        434 n95 4 MAJ_1
        435 n96 7 AND_1
        436 n97 3 AND_1
        437 n98 4 AND_1
        438 n99 5 AND_1
        439 v1 7 VIR
        440 v10 4 VIR
        441 v100 2 VIR
        442 v101 2 VIR
        443 v102 2 VIR
        444 v103 2 VIR
        445 v104 2 VIR
        446 v105 2 VIR
        447 v106 2 VIR
        448 v107 2 VIR
        449 v108 2 VIR
        450 v109 2 VIR
        451 v11 4 VIR
        452 v110 2 VIR
        453 v111 2 VIR
        454 v112 2 VIR
        455 v113 2 VIR
        456 v114 2 VIR
        457 v115 2 VIR
        458 v116 2 VIR
        459 v117 2 VIR
        460 v118 2 VIR
        461 v119 3 VIR
        462 v12 4 VIR
        463 v120 3 VIR
        464 v121 3 VIR
        465 v122 3 VIR
        466 v123 3 VIR
        467 v124 3 VIR
        468 v125 3 VIR
        469 v13 7 VIR
        470 v14 7 VIR
        471 v15 9 VIR
        472 v16 9 VIR
        473 v17 9 VIR
        474 v18 11 VIR
        475 v19 11 VIR
        476 v2 7 VIR
        477 v20 11 VIR
        478 v21 3 VIR
        479 v22 3 VIR
        480 v23 4 VIR
        481 v24 4 VIR
        482 v25 9 VIR
        483 v26 5 VIR
        484 v27 3 VIR
        485 v28 3 VIR
        486 v29 3 VIR
        487 v3 7 VIR
        488 v30 5 VIR
        489 v31 1 VIR
        490 v32 1 VIR
        491 v33 1 VIR
        492 v34 1 VIR
        493 v35 1 VIR
        494 v36 1 VIR
        495 v37 1 VIR
        496 v38 1 VIR
        497 v39 1 VIR
        498 v4 4 VIR
        499 v40 1 VIR
        500 v41 1 VIR
        501 v42 1 VIR
        502 v43 1 VIR
        503 v44 1 VIR
        504 v45 1 VIR
        505 v46 1 VIR
        506 v47 1 VIR
        507 v48 1 VIR
        508 v49 1 VIR
        509 v5 6 VIR
        510 v50 1 VIR
        511 v51 1 VIR
        512 v52 1 VIR
        513 v53 1 VIR
        514 v54 1 VIR
        515 v55 1 VIR
        516 v56 1 VIR
        517 v57 1 VIR
        518 v58 1 VIR
        519 v59 1 VIR
        520 v6 6 VIR
        521 v60 1 VIR
        522 v61 1 VIR
        523 v62 1 VIR
        524 v63 1 VIR
        525 v64 1 VIR
        526 v65 1 VIR
        527 v66 1 VIR
        528 v67 1 VIR
        529 v68 1 VIR
        530 v69 10 VIR
        531 v7 6 VIR
        532 v70 12 VIR
        533 v71 12 VIR
        534 v72 12 VIR
        535 v73 4 VIR
        536 v74 4 VIR
        537 v75 4 VIR
        538 v76 2 VIR
        539 v77 2 VIR
        540 v78 2 VIR
        541 v79 2 VIR
        542 v8 7 VIR
        543 v80 2 VIR
        544 v81 2 VIR
        545 v82 2 VIR
        546 v83 2 VIR
        547 v84 2 VIR
        548 v85 2 VIR
        549 v86 2 VIR
        550 v87 2 VIR
        551 v88 2 VIR
        552 v89 2 VIR
        553 v9 7 VIR
        554 v90 2 VIR
        555 v91 2 VIR
        556 v92 2 VIR
        557 v93 2 VIR
        558 v94 2 VIR
        559 v95 2 VIR
        560 v96 2 VIR
        561 v97 2 VIR
        562 v98 2 VIR
        563 v99 2 VIR
    ]
    edge:
    [
        2 489
        2 490
        2 491
        11 492
        16 493
        16 494
        20 495
        20 496
        20 497
        22 499
        22 500
        22 501
        26 502
        26 503
        36 504
        36 505
        5 506
        5 507
        5 508
        50 510
        50 511
        50 512
        54 513
        55 514
        55 515
        55 516
        56 517
        56 518
        56 519
        66 521
        66 522
        66 523
        69 524
        69 525
        74 526
        10 527
        10 528
        10 529
        502 204
        493 204
        489 222
        521 222
        499 223
        76 223
        16 224
        499 224
        26 224
        495 227
        504 227
        59 227
        494 244
        496 244
        503 244
        501 246
        505 246
        495 250
        504 250
        493 251
        495 251
        502 251
        504 430
        502 430
        512 441
        514 442
        514 443
        514 444
        515 445
        515 446
        515 447
        516 448
        516 449
        516 450
        527 452
        527 453
        527 454
        528 455
        528 456
        528 457
        529 458
        529 459
        529 460
        489 538
        489 539
        490 540
        490 541
        491 543
        491 544
        499 545
        506 546
        506 547
        506 548
        507 549
        507 550
        507 551
        508 552
        508 554
        508 555
        510 556
        510 557
        510 558
        511 559
        511 560
        511 561
        512 562
        512 563
        550 156
        444 156
        541 157
        550 157
        11 157
        548 161
        444 161
        74 161
        541 164
        457 164
        558 170
        45 170
        559 178
        42 178
        458 190
        69 190
        543 191
        458 191
        59 191
        552 193
        59 193
        448 195
        523 195
        546 198
        442 198
        539 200
        453 200
        522 200
        204 205
        505 205
        547 212
        521 212
        490 217
        454 217
        223 225
        224 225
        452 229
        517 229
        559 238
        49 238
        460 240
        544 240
        544 249
        460 249
        250 252
        251 252
        546 257
        54 257
        74 257
        549 263
        513 263
        526 263
        540 268
        454 268
        81 268
        540 270
        454 270
        545 270
        449 279
        63 279
        52 280
        449 280
        60 280
        491 283
        551 283
        72 287
        559 287
        455 290
        556 290
        517 290
        551 297
        557 297
        518 297
        560 312
        35 312
        560 321
        39 321
        560 333
        12 333
        561 343
        14 343
        554 345
        522 345
        561 350
        4 350
        562 359
        7 359
        459 362
        557 362
        446 362
        543 364
        555 364
        459 364
        459 366
        446 366
        555 367
        460 367
        558 367
        562 375
        28 375
        500 385
        445 385
        541 389
        456 389
        545 389
        562 398
        30 398
        563 408
        19 408
        563 414
        23 414
        563 416
        41 416
        441 419
        34 419
        441 423
        37 423
        558 425
        46 425
        538 436
        546 436
        442 461
        445 463
        448 464
        452 465
        453 466
        455 467
        458 468
        222 478
        222 479
        430 484
        430 485
        430 486
        11 152
        443 152
        436 152
        156 158
        157 158
        443 160
        485 160
        45 171
        67 171
        170 171
        42 179
        71 179
        178 179
        190 192
        191 192
        524 194
        193 194
        485 202
        493 202
        52 213
        464 213
        464 214
        525 214
        212 214
        526 218
        217 218
        36 226
        225 226
        463 231
        478 231
        49 239
        61 239
        238 239
        54 256
        484 256
        81 269
        268 269
        500 271
        270 271
        279 281
        280 281
        554 284
        468 284
        283 284
        446 292
        212 292
        35 313
        47 313
        312 313
        39 322
        48 322
        321 322
        12 334
        38 334
        333 334
        467 337
        522 337
        14 344
        40 344
        343 344
        4 351
        43 351
        350 351
        7 360
        44 360
        359 360
        557 361
        479 361
        366 368
        367 368
        24 376
        28 376
        375 376
        1 399
        30 399
        398 399
        501 401
        217 401
        19 409
        31 409
        408 409
        23 415
        33 415
        414 415
        41 417
        73 417
        416 417
        34 420
        79 420
        419 420
        37 424
        77 424
        423 424
        46 426
        65 426
        425 426
        538 427
        465 427
        51 431
        442 431
        484 431
        539 434
        547 434
        466 434
        465 437
        521 437
        198 440
        198 451
        198 462
        252 480
        252 481
        156 498
        484 535
        485 536
        486 537
        437 159
        158 159
        160 162
        161 162
        523 196
        192 196
        194 196
        453 199
        440 199
        202 203
        496 203
        213 215
        214 215
        53 219
        427 219
        226 228
        227 228
        513 234
        537 234
        450 241
        498 241
        240 241
        535 253
        252 253
        538 254
        452 254
        480 254
        256 258
        257 258
        513 262
        536 262
        552 272
        486 272
        269 272
        554 273
        486 273
        271 273
        447 285
        283 285
        284 285
        556 289
        440 289
        457 300
        518 300
        440 300
        540 336
        467 336
        536 336
        361 363
        362 363
        498 365
        364 365
        547 378
        535 378
        539 380
        466 380
        535 380
        444 382
        480 382
        456 388
        536 388
        451 402
        481 402
        501 405
        462 405
        549 428
        443 428
        427 428
        461 432
        431 432
        461 438
        437 438
        427 483
        434 488
        438 153
        152 153
        457 165
        162 165
        164 165
        428 172
        160 172
        195 197
        196 197
        199 201
        200 201
        218 220
        219 220
        228 230
        229 230
        253 255
        254 255
        455 259
        258 259
        262 264
        263 264
        272 274
        273 274
        492 286
        285 286
        289 291
        290 291
        488 295
        156 295
        556 296
        483 296
        517 299
        228 299
        336 338
        337 338
        488 346
        345 346
        524 354
        203 354
        363 373
        365 373
        368 373
        434 379
        378 379
        456 381
        380 381
        388 390
        389 390
        500 400
        483 400
        548 433
        432 433
        159 509
        159 520
        159 531
        164 166
        165 166
        58 174
        172 174
        518 206
        201 206
        205 206
        451 221
        219 221
        220 221
        552 232
        478 232
        230 232
        549 260
        255 260
        249 275
        274 275
        72 288
        286 288
        287 288
        478 293
        291 293
        296 298
        297 298
        299 301
        300 301
        32 329
        531 329
        543 339
        336 339
        338 339
        450 347
        346 347
        222 369
        230 369
        480 383
        381 383
        382 383
        447 386
        379 386
        385 386
        481 391
        379 391
        462 403
        400 403
        401 403
        433 435
        434 435
        153 439
        201 469
        201 470
        153 476
        153 487
        172 542
        172 553
        75 154
        435 154
        439 154
        78 173
        439 173
        80 180
        439 180
        57 181
        542 181
        82 185
        476 185
        64 186
        542 186
        469 207
        206 207
        519 208
        469 208
        231 233
        232 233
        537 235
        221 235
        234 235
        496 243
        470 243
        550 261
        259 261
        260 261
        291 294
        292 294
        293 294
        479 302
        301 302
        447 303
        298 303
        83 307
        476 307
        62 308
        542 308
        84 315
        476 315
        70 316
        553 316
        85 323
        487 323
        68 324
        553 324
        3 330
        487 330
        451 340
        339 340
        519 355
        524 355
        469 355
        212 370
        369 370
        390 392
        391 392
        402 404
        403 404
        462 406
        339 406
        405 406
        435 155
        154 155
        58 175
        173 175
        174 175
        57 182
        180 182
        181 182
        64 187
        185 187
        186 187
        470 209
        203 209
        208 209
        233 236
        234 236
        235 236
        243 245
        244 245
        463 265
        261 265
        468 266
        261 266
        264 266
        449 304
        302 304
        303 304
        294 305
        295 305
        62 309
        307 309
        308 309
        70 317
        315 317
        316 317
        68 325
        323 325
        324 325
        3 331
        329 331
        330 331
        497 348
        340 348
        354 356
        355 356
        445 371
        369 371
        370 371
        448 393
        391 393
        392 393
        404 407
        405 407
        406 407
        503 411
        233 411
        340 411
        207 471
        207 472
        207 473
        340 482
        155 167
        166 167
        6 168
        155 168
        509 168
        9 176
        509 176
        175 176
        13 183
        509 183
        182 183
        17 188
        520 188
        187 188
        471 210
        208 210
        209 210
        245 247
        246 247
        265 267
        266 267
        61 278
        472 278
        525 282
        472 282
        304 306
        305 306
        21 310
        520 310
        309 310
        79 314
        472 314
        25 318
        520 318
        317 318
        77 320
        473 320
        29 326
        531 326
        325 326
        73 328
        473 328
        71 332
        473 332
        494 341
        482 341
        497 349
        347 349
        348 349
        505 353
        482 353
        1 357
        471 357
        356 357
        365 372
        371 372
        371 384
        382 384
        383 384
        450 395
        436 395
        393 395
        233 412
        411 412
        471 530
        167 169
        168 169
        175 177
        176 177
        182 184
        183 184
        187 189
        188 189
        67 242
        530 242
        65 248
        530 248
        52 276
        249 276
        267 276
        309 311
        310 311
        317 319
        318 319
        325 327
        326 327
        356 358
        357 358
        372 374
        373 374
        384 387
        385 387
        386 387
        210 474
        210 475
        210 477
        44 211
        474 211
        43 216
        474 216
        275 277
        276 277
        492 352
        475 352
        33 377
        475 377
        387 394
        393 394
        15 413
        477 413
        38 418
        477 418
        474 532
        475 533
        477 534
        48 237
        532 237
        18 335
        532 335
        8 342
        532 342
        394 396
        395 396
        24 397
        533 397
        27 410
        533 410
        40 421
        534 421
        31 422
        534 422
        426 86
        169 87
        171 88
        177 89
        179 90
        184 91
        189 92
        197 93
        211 94
        215 95
        216 96
        236 97
        237 98
        239 99
        241 100
        242 101
        247 102
        248 103
        221 104
        277 105
        278 106
        281 107
        282 108
        288 109
        306 110
        311 111
        313 112
        314 113
        319 114
        320 115
        322 116
        327 117
        158 118
        328 119
        331 120
        332 121
        285 122
        334 123
        335 124
        341 125
        342 126
        344 127
        349 128
        351 129
        352 130
        353 131
        358 132
        360 133
        374 134
        376 135
        377 136
        396 137
        397 138
        399 139
        407 140
        409 141
        410 142
        412 143
        413 144
        415 145
        417 146
        418 147
        420 148
        421 149
        422 150
        424 151
    ]
]
