circuit_name:f51mnew_processed
[
    node:
    [
        1 x0 0 PI
        2 x1 0 PI
        3 x2 0 PI
        4 x3 0 PI
        5 x4 0 PI
        6 x5 0 PI
        7 x6 0 PI
        8 x7 0 PI
        9 y0 11 PO_0
        10 y1 6 PO_0
        11 y2 5 PO_0
        12 y3 13 PO_0
        13 y4 12 PO_0
        14 y5 11 PO_0
        15 y6 4 PO_0
        16 y7 3 PO_1
        17 n10 4 MAJ_1
        18 n100 7 OR_0
        19 n101 7 MAJ_1
        20 n102 8 OR_0
        21 n103 4 OR_0
        22 n104 5 OR_0
        23 n105 6 AND_1
        24 n106 6 AND_1
        25 n107 7 MAJ_1
        26 n108 9 OR_0
        27 n109 8 MAJ_1
        28 n11 5 AND_0
        29 n110 10 OR_0
        30 n111 4 OR_0
        31 n112 3 MAJ_0
        32 n113 5 AND_1
        33 n114 3 AND_1
        34 n115 4 MAJ_1
        35 n116 5 AND_1
        36 n117 4 AND_0
        37 n118 4 MAJ_1
        38 n119 5 AND_0
        39 n12 6 XOR_0
        40 n120 6 OR_0
        41 n121 7 OR_0
        42 n122 3 MAJ_1
        43 n123 4 AND_1
        44 n124 3 MAJ_1
        45 n125 4 XOR_0
        46 n126 5 AND_1
        47 n127 8 OR_0
        48 n128 8 MAJ_1
        49 n129 9 OR_0
        50 n13 4 AND_0
        51 n130 11 OR_0
        52 n131 11 MAJ_1
        53 n132 12 OR_0
        54 n133 4 AND_0
        55 n134 4 MAJ_1
        56 n135 5 XOR_0
        57 n136 6 AND_1
        58 n137 6 AND_1
        59 n138 7 OR_0
        60 n139 8 MAJ_1
        61 n14 5 AND_0
        62 n140 4 OR_0
        63 n141 4 MAJ_1
        64 n142 5 AND_1
        65 n143 4 OR_0
        66 n144 4 MAJ_1
        67 n145 5 AND_0
        68 n146 4 AND_1
        69 n147 3 MAJ_1
        70 n148 5 AND_1
        71 n149 6 OR_0
        72 n15 4 OR_0
        73 n150 6 XOR_0
        74 n151 7 MAJ_1
        75 n152 8 MAJ_1
        76 n153 8 MAJ_1
        77 n154 9 OR_0
        78 n155 5 XOR_0
        79 n156 6 AND_1
        80 n157 4 OR_0
        81 n158 3 MAJ_0
        82 n159 5 AND_1
        83 n16 4 AND_0
        84 n160 6 AND_1
        85 n161 7 OR_0
        86 n162 8 MAJ_1
        87 n163 3 AND_0
        88 n164 5 AND_1
        89 n165 3 AND_1
        90 n166 3 MAJ_1
        91 n167 4 AND_0
        92 n168 5 MAJ_1
        93 n169 6 MAJ_0
        94 n17 4 MAJ_1
        95 n170 7 AND_0
        96 n171 3 OR_0
        97 n172 4 AND_1
        98 n173 3 AND_0
        99 n174 4 AND_1
        100 n175 5 MAJ_1
        101 n176 5 MAJ_1
        102 n177 6 AND_1
        103 n178 9 OR_0
        104 n179 9 MAJ_1
        105 n18 5 AND_0
        106 n180 10 OR_0
        107 n181 10 OR_0
        108 n182 11 OR_0
        109 n183 4 MAJ_1
        110 n184 5 AND_1
        111 n185 6 AND_1
        112 n186 7 OR_0
        113 n187 8 MAJ_1
        114 n188 5 MAJ_1
        115 n189 6 AND_1
        116 n19 4 OR_0
        117 n190 4 MAJ_1
        118 n191 5 AND_1
        119 n192 3 AND_1
        120 n193 5 AND_0
        121 n194 6 OR_0
        122 n195 7 AND_0
        123 n196 8 MAJ_1
        124 n197 4 OR_0
        125 n198 5 AND_1
        126 n199 4 MAJ_0
        127 n20 5 MAJ_0
        128 n200 5 AND_1
        129 n201 6 OR_0
        130 n202 6 XOR_0
        131 n203 7 MAJ_0
        132 n204 5 AND_0
        133 n205 5 OR_0
        134 n206 4 MAJ_1
        135 n207 5 XOR_0
        136 n208 6 AND_1
        137 n209 6 AND_1
        138 n21 6 MAJ_1
        139 n210 7 OR_0
        140 n211 8 MAJ_1
        141 n212 9 OR_0
        142 n213 9 MAJ_1
        143 n214 10 OR_0
        144 n215 3 XOR_0
        145 n22 7 OR_0
        146 n23 7 MAJ_0
        147 n24 8 OR_0
        148 n25 4 AND_1
        149 n26 3 MAJ_1
        150 n27 5 AND_1
        151 n28 4 AND_1
        152 n29 4 MAJ_0
        153 n30 5 AND_0
        154 n31 3 OR_0
        155 n32 3 OR_0
        156 n33 4 AND_1
        157 n34 4 MAJ_0
        158 n35 5 OR_0
        159 n36 4 AND_1
        160 n37 6 MAJ_1
        161 n38 7 OR_0
        162 n39 9 MAJ_1
        163 n40 10 OR_0
        164 n41 4 MAJ_1
        165 n42 3 XOR_0
        166 n43 5 XOR_0
        167 n44 3 AND_1
        168 n45 4 XOR_0
        169 n46 4 AND_0
        170 n47 5 AND_0
        171 n48 4 OR_0
        172 n49 5 OR_0
        173 n50 3 AND_0
        174 n51 4 AND_0
        175 n52 5 OR_0
        176 n53 4 OR_0
        177 n54 5 OR_0
        178 n55 6 AND_1
        179 n56 7 MAJ_1
        180 n57 8 MAJ_1
        181 n58 6 AND_1
        182 n59 7 OR_0
        183 n60 9 MAJ_1
        184 n61 3 AND_1
        185 n62 4 MAJ_1
        186 n63 5 AND_1
        187 n64 4 AND_1
        188 n65 5 AND_0
        189 n66 3 AND_0
        190 n67 4 AND_0
        191 n68 4 MAJ_0
        192 n69 5 AND_1
        193 n70 6 AND_1
        194 n71 6 AND_1
        195 n72 7 MAJ_1
        196 n73 3 AND_0
        197 n74 3 MAJ_1
        198 n75 4 AND_0
        199 n76 3 AND_0
        200 n77 5 AND_0
        201 n78 4 OR_0
        202 n79 5 OR_0
        203 n80 4 AND_0
        204 n81 3 MAJ_1
        205 n82 5 AND_0
        206 n83 6 AND_1
        207 n84 7 OR_0
        208 n85 8 MAJ_1
        209 n86 9 OR_0
        210 n87 9 MAJ_1
        211 n88 10 OR_0
        212 n89 4 OR_0
        213 n9 3 MAJ_1
        214 n90 5 OR_0
        215 n91 3 MAJ_1
        216 n92 6 AND_1
        217 n93 5 AND_1
        218 n94 4 MAJ_0
        219 n95 6 AND_1
        220 n96 4 AND_0
        221 n97 5 AND_1
        222 n98 4 MAJ_1
        223 n99 6 AND_0
        224 v1 1 VIR
        225 v10 1 VIR
        226 v100 3 VIR
        227 v101 3 VIR
        228 v102 3 VIR
        229 v103 3 VIR
        230 v104 3 VIR
        231 v105 3 VIR
        232 v106 3 VIR
        233 v107 3 VIR
        234 v108 3 VIR
        235 v109 3 VIR
        236 v11 1 VIR
        237 v110 3 VIR
        238 v111 3 VIR
        239 v112 3 VIR
        240 v113 3 VIR
        241 v114 3 VIR
        242 v12 1 VIR
        243 v13 1 VIR
        244 v14 1 VIR
        245 v15 1 VIR
        246 v16 1 VIR
        247 v17 1 VIR
        248 v18 1 VIR
        249 v19 1 VIR
        250 v2 1 VIR
        251 v20 1 VIR
        252 v21 1 VIR
        253 v22 1 VIR
        254 v23 1 VIR
        255 v24 1 VIR
        256 v25 2 VIR
        257 v26 2 VIR
        258 v27 2 VIR
        259 v28 2 VIR
        260 v29 2 VIR
        261 v3 1 VIR
        262 v30 2 VIR
        263 v31 2 VIR
        264 v32 2 VIR
        265 v33 2 VIR
        266 v34 2 VIR
        267 v35 2 VIR
        268 v36 2 VIR
        269 v37 2 VIR
        270 v38 2 VIR
        271 v39 2 VIR
        272 v4 1 VIR
        273 v40 2 VIR
        274 v41 2 VIR
        275 v42 2 VIR
        276 v43 2 VIR
        277 v44 2 VIR
        278 v45 2 VIR
        279 v46 2 VIR
        280 v47 2 VIR
        281 v48 2 VIR
        282 v49 2 VIR
        283 v5 1 VIR
        284 v50 2 VIR
        285 v51 2 VIR
        286 v52 2 VIR
        287 v53 2 VIR
        288 v54 2 VIR
        289 v55 2 VIR
        290 v56 2 VIR
        291 v57 2 VIR
        292 v58 2 VIR
        293 v59 2 VIR
        294 v6 1 VIR
        295 v60 2 VIR
        296 v61 2 VIR
        297 v62 2 VIR
        298 v63 2 VIR
        299 v64 2 VIR
        300 v65 2 VIR
        301 v66 2 VIR
        302 v67 2 VIR
        303 v68 2 VIR
        304 v69 2 VIR
        305 v7 1 VIR
        306 v70 2 VIR
        307 v71 2 VIR
        308 v72 2 VIR
        309 v73 2 VIR
        310 v74 2 VIR
        311 v75 2 VIR
        312 v76 2 VIR
        313 v77 2 VIR
        314 v78 2 VIR
        315 v79 2 VIR
        316 v8 1 VIR
        317 v80 2 VIR
        318 v81 2 VIR
        319 v82 2 VIR
        320 v83 2 VIR
        321 v84 2 VIR
        322 v85 2 VIR
        323 v86 2 VIR
        324 v87 2 VIR
        325 v88 3 VIR
        326 v89 3 VIR
        327 v9 1 VIR
        328 v90 3 VIR
        329 v91 3 VIR
        330 v92 3 VIR
        331 v93 3 VIR
        332 v94 3 VIR
        333 v95 3 VIR
        334 v96 3 VIR
        335 v97 3 VIR
        336 v98 3 VIR
        337 v99 3 VIR
    ]
    edge:
    [
        1 224
        4 225
        4 236
        4 242
        5 243
        5 244
        5 245
        6 246
        6 247
        6 248
        7 249
        1 250
        7 251
        7 252
        8 253
        8 254
        8 255
        1 261
        2 272
        2 283
        2 294
        3 305
        3 316
        3 327
        224 256
        224 257
        225 258
        225 259
        225 260
        236 262
        236 263
        236 264
        242 265
        242 266
        242 267
        243 268
        243 269
        243 270
        244 271
        244 273
        244 274
        245 275
        245 276
        245 277
        246 278
        246 279
        246 280
        247 281
        247 282
        247 284
        248 285
        248 286
        248 287
        249 288
        249 289
        249 290
        250 291
        250 292
        251 293
        251 295
        251 296
        252 297
        252 298
        253 299
        253 300
        254 301
        255 302
        261 303
        261 304
        272 306
        272 307
        272 308
        283 309
        283 310
        283 311
        294 312
        294 313
        294 314
        305 315
        305 317
        305 318
        316 319
        316 320
        316 321
        327 322
        327 323
        327 324
        270 31
        280 31
        289 31
        280 33
        299 33
        291 42
        265 42
        273 42
        273 44
        293 44
        301 44
        256 69
        319 69
        260 69
        265 81
        274 81
        285 81
        321 87
        284 87
        320 89
        284 89
        309 90
        321 90
        263 90
        309 96
        320 96
        257 98
        320 98
        310 119
        264 119
        314 144
        304 144
        303 149
        313 149
        323 149
        256 154
        260 154
        250 155
        310 155
        267 165
        303 165
        304 167
        314 167
        318 173
        268 173
        264 184
        284 184
        315 189
        258 189
        318 196
        289 196
        306 197
        315 197
        278 197
        257 199
        254 199
        224 204
        307 204
        268 204
        307 213
        317 213
        269 213
        279 215
        290 215
        300 215
        280 226
        281 227
        282 228
        285 229
        286 230
        306 231
        307 232
        309 233
        310 234
        312 235
        313 237
        315 238
        317 239
        319 240
        322 241
        258 325
        268 326
        269 328
        270 329
        271 330
        273 331
        274 332
        275 333
        276 334
        277 335
        278 336
        279 337
        262 17
        271 17
        213 17
        232 21
        337 21
        337 30
        299 30
        329 34
        226 34
        289 34
        227 36
        254 36
        262 37
        227 37
        293 37
        184 43
        42 43
        44 45
        293 45
        308 50
        240 50
        275 54
        189 54
        311 55
        265 55
        332 55
        322 62
        229 62
        233 63
        321 63
        271 63
        333 65
        154 65
        232 66
        318 66
        260 66
        319 68
        329 68
        231 72
        258 72
        331 80
        295 80
        308 83
        330 83
        89 91
        90 91
        256 94
        308 94
        240 94
        332 97
        96 97
        274 99
        98 99
        235 109
        323 109
        267 109
        239 116
        269 116
        257 117
        233 117
        263 117
        311 124
        331 124
        292 126
        311 126
        241 126
        322 134
        266 134
        333 134
        313 148
        335 148
        237 151
        334 151
        303 152
        235 152
        267 152
        241 156
        155 156
        324 157
        277 157
        154 157
        317 159
        326 159
        314 164
        324 164
        155 164
        167 168
        324 168
        262 169
        330 169
        263 171
        228 171
        228 174
        173 174
        259 176
        328 176
        239 185
        259 185
        270 185
        259 187
        336 187
        288 190
        189 190
        336 191
        288 191
        253 191
        196 198
        197 198
        238 201
        288 201
        231 203
        278 203
        238 212
        325 212
        328 218
        281 218
        299 218
        306 220
        325 220
        326 222
        279 222
        300 222
        204 22
        21 22
        234 28
        17 28
        30 32
        31 32
        33 35
        34 35
        36 38
        37 38
        229 46
        45 46
        55 56
        312 56
        264 61
        50 61
        62 64
        63 64
        159 67
        66 67
        68 70
        69 70
        37 78
        286 78
        80 82
        81 82
        63 88
        87 88
        292 92
        297 92
        91 92
        266 100
        296 100
        99 100
        266 101
        252 101
        97 101
        83 105
        94 105
        62 110
        109 110
        286 114
        72 114
        154 114
        83 118
        117 118
        94 120
        119 120
        117 125
        124 125
        275 127
        72 127
        116 127
        124 128
        126 128
        276 132
        220 132
        276 133
        212 133
        134 135
        323 135
        148 150
        149 150
        151 153
        152 153
        335 158
        156 158
        165 166
        164 166
        285 170
        169 170
        295 172
        171 172
        282 175
        116 175
        282 177
        176 177
        184 186
        185 186
        185 188
        187 188
        190 192
        191 192
        198 200
        199 200
        197 202
        201 202
        203 205
        204 205
        290 214
        212 214
        226 217
        72 217
        281 221
        220 221
        255 23
        22 23
        234 24
        192 24
        28 39
        213 39
        32 40
        35 40
        297 57
        56 57
        175 58
        54 58
        67 71
        70 71
        22 73
        295 73
        334 79
        78 79
        174 84
        177 84
        261 93
        297 93
        88 93
        100 102
        101 102
        61 111
        65 111
        89 115
        114 115
        118 121
        120 121
        54 129
        128 129
        125 130
        287 130
        230 136
        135 136
        132 137
        133 137
        105 138
        116 138
        127 138
        157 160
        158 160
        159 160
        175 178
        177 178
        170 181
        172 181
        301 193
        188 193
        291 194
        192 194
        202 206
        205 206
        214 216
        215 216
        217 219
        218 219
        221 223
        222 223
        219 18
        223 18
        291 19
        216 19
        223 19
        312 25
        23 25
        24 25
        38 41
        40 41
        298 59
        58 59
        22 74
        71 74
        73 74
        296 85
        84 85
        92 95
        93 95
        287 112
        111 112
        230 122
        121 122
        125 131
        129 131
        130 131
        287 139
        137 139
        39 145
        138 145
        277 146
        39 146
        61 146
        150 161
        160 161
        174 179
        175 179
        178 179
        302 182
        181 182
        292 195
        193 195
        194 195
        301 207
        206 207
        18 20
        19 20
        237 27
        216 27
        25 27
        41 47
        46 47
        302 48
        41 48
        43 48
        57 60
        58 60
        59 60
        298 75
        64 75
        74 75
        298 76
        65 76
        74 76
        82 86
        84 86
        85 86
        110 113
        111 113
        112 113
        115 123
        121 123
        122 123
        136 140
        137 140
        139 140
        145 147
        146 147
        302 180
        178 180
        179 180
        200 208
        206 208
        207 208
        20 26
        25 26
        47 49
        48 49
        75 77
        76 77
        86 103
        102 103
        79 104
        86 104
        95 104
        123 141
        140 141
        113 142
        123 142
        131 142
        147 162
        150 162
        153 162
        180 183
        181 183
        182 183
        195 209
        208 209
        255 210
        186 210
        208 210
        26 29
        27 29
        103 106
        104 106
        60 107
        77 107
        141 143
        142 143
        161 163
        162 163
        209 211
        210 211
        211 51
        49 51
        183 52
        211 52
        29 52
        106 108
        107 108
        51 53
        52 53
        163 9
        166 10
        168 11
        53 12
        108 13
        143 14
        144 15
        304 16
    ]
]
