circuit_name:i5new_processed
[
    node:
    [
        1 x0 0 PI
        2 x1 0 PI
        3 x2 0 PI
        4 x3 0 PI
        5 x4 0 PI
        6 x5 0 PI
        7 x6 0 PI
        8 x7 0 PI
        9 x8 0 PI
        10 x9 0 PI
        11 x10 0 PI
        12 x11 0 PI
        13 x12 0 PI
        14 x13 0 PI
        15 x14 0 PI
        16 x15 0 PI
        17 x16 0 PI
        18 x17 0 PI
        19 x18 0 PI
        20 x19 0 PI
        21 x20 0 PI
        22 x21 0 PI
        23 x22 0 PI
        24 x23 0 PI
        25 x24 0 PI
        26 x25 0 PI
        27 x26 0 PI
        28 x27 0 PI
        29 x28 0 PI
        30 x29 0 PI
        31 x30 0 PI
        32 x31 0 PI
        33 x32 0 PI
        34 x33 0 PI
        35 x34 0 PI
        36 x35 0 PI
        37 x36 0 PI
        38 x37 0 PI
        39 x38 0 PI
        40 x39 0 PI
        41 x40 0 PI
        42 x41 0 PI
        43 x42 0 PI
        44 x43 0 PI
        45 x44 0 PI
        46 x45 0 PI
        47 x46 0 PI
        48 x47 0 PI
        49 x48 0 PI
        50 x49 0 PI
        51 x50 0 PI
        52 x51 0 PI
        53 x52 0 PI
        54 x53 0 PI
        55 x54 0 PI
        56 x55 0 PI
        57 x56 0 PI
        58 x57 0 PI
        59 x58 0 PI
        60 x59 0 PI
        61 x60 0 PI
        62 x61 0 PI
        63 x62 0 PI
        64 x63 0 PI
        65 x64 0 PI
        66 x65 0 PI
        67 x66 0 PI
        68 x67 0 PI
        69 x68 0 PI
        70 x69 0 PI
        71 x70 0 PI
        72 x71 0 PI
        73 x72 0 PI
        74 x73 0 PI
        75 x74 0 PI
        76 x75 0 PI
        77 x76 0 PI
        78 x77 0 PI
        79 x78 0 PI
        80 x79 0 PI
        81 x80 0 PI
        82 x81 0 PI
        83 x82 0 PI
        84 x83 0 PI
        85 x84 0 PI
        86 x85 0 PI
        87 x86 0 PI
        88 x87 0 PI
        89 x88 0 PI
        90 x89 0 PI
        91 x90 0 PI
        92 x91 0 PI
        93 x92 0 PI
        94 x93 0 PI
        95 x94 0 PI
        96 x95 0 PI
        97 x96 0 PI
        98 x97 0 PI
        99 x98 0 PI
        100 x99 0 PI
        101 x100 0 PI
        102 x101 0 PI
        103 x102 0 PI
        104 x103 0 PI
        105 x104 0 PI
        106 x105 0 PI
        107 x106 0 PI
        108 x107 0 PI
        109 x108 0 PI
        110 x109 0 PI
        111 x110 0 PI
        112 x111 0 PI
        113 x112 0 PI
        114 x113 0 PI
        115 x114 0 PI
        116 x115 0 PI
        117 x116 0 PI
        118 x117 0 PI
        119 x118 0 PI
        120 x119 0 PI
        121 x120 0 PI
        122 x121 0 PI
        123 x122 0 PI
        124 x123 0 PI
        125 x124 0 PI
        126 x125 0 PI
        127 x126 0 PI
        128 x127 0 PI
        129 x128 0 PI
        130 x129 0 PI
        131 x130 0 PI
        132 x131 0 PI
        133 x132 0 PI
        134 y0 12 PO_0
        135 y1 6 PO_0
        136 y2 11 PO_0
        137 y3 8 PO_0
        138 y4 10 PO_0
        139 y5 13 PO_0
        140 y6 12 PO_0
        141 y7 9 PO_0
        142 y8 8 PO_0
        143 y9 12 PO_0
        144 y10 8 PO_0
        145 y11 13 PO_0
        146 y12 10 PO_0
        147 y13 10 PO_0
        148 y14 14 PO_0
        149 y15 14 PO_0
        150 y16 9 PO_0
        151 y17 12 PO_0
        152 y18 11 PO_0
        153 y19 9 PO_0
        154 y20 14 PO_0
        155 y21 6 PO_0
        156 y22 14 PO_0
        157 y23 10 PO_0
        158 y24 12 PO_0
        159 y25 12 PO_0
        160 y26 13 PO_0
        161 y27 7 PO_0
        162 y28 13 PO_0
        163 y29 5 PO_0
        164 y30 16 PO_0
        165 y31 5 PO_0
        166 y32 15 PO_0
        167 y33 7 PO_0
        168 y34 9 PO_0
        169 y35 7 PO_0
        170 y36 8 PO_0
        171 y37 14 PO_0
        172 y38 13 PO_0
        173 y39 11 PO_0
        174 y40 10 PO_0
        175 y41 11 PO_0
        176 y42 14 PO_0
        177 y43 13 PO_0
        178 y44 12 PO_0
        179 y45 8 PO_0
        180 y46 11 PO_0
        181 y47 10 PO_0
        182 y48 10 PO_0
        183 y49 10 PO_0
        184 y50 15 PO_0
        185 y51 11 PO_0
        186 y52 9 PO_0
        187 y53 8 PO_0
        188 y54 17 PO_0
        189 y55 10 PO_0
        190 y56 12 PO_0
        191 y57 12 PO_0
        192 y58 15 PO_0
        193 y59 10 PO_0
        194 y60 13 PO_0
        195 y61 13 PO_0
        196 y62 10 PO_0
        197 y63 8 PO_0
        198 y64 13 PO_0
        199 y65 11 PO_0
        200 n134 2 AND_1
        201 n135 3 MAJ_0
        202 n136 4 MAJ_1
        203 n137 5 MAJ_0
        204 n138 6 OR_0
        205 n139 8 MAJ_0
        206 n140 9 OR_0
        207 n141 10 MAJ_0
        208 n142 11 OR_0
        209 n143 2 MAJ_0
        210 n144 3 OR_0
        211 n145 2 AND_0
        212 n146 3 AND_0
        213 n147 1 AND_0
        214 n148 2 AND_1
        215 n149 3 MAJ_0
        216 n150 4 OR_0
        217 n151 4 MAJ_0
        218 n152 5 OR_0
        219 n153 2 AND_1
        220 n154 3 MAJ_0
        221 n155 4 MAJ_1
        222 n156 5 MAJ_0
        223 n157 6 OR_0
        224 n158 1 AND_0
        225 n159 2 AND_0
        226 n160 1 AND_0
        227 n161 2 AND_1
        228 n162 3 MAJ_0
        229 n163 4 OR_0
        230 n164 8 MAJ_0
        231 n165 9 OR_0
        232 n166 8 AND_1
        233 n167 9 MAJ_0
        234 n168 10 MAJ_1
        235 n169 11 MAJ_0
        236 n170 12 OR_0
        237 n171 2 AND_0
        238 n172 3 MAJ_1
        239 n173 4 AND_0
        240 n174 2 AND_0
        241 n175 3 AND_1
        242 n176 4 MAJ_0
        243 n177 5 OR_0
        244 n178 6 OR_0
        245 n179 2 AND_0
        246 n180 3 AND_0
        247 n181 1 AND_0
        248 n182 2 AND_1
        249 n183 3 MAJ_0
        250 n184 4 OR_0
        251 n185 8 MAJ_0
        252 n186 9 OR_0
        253 n187 2 AND_0
        254 n188 3 AND_0
        255 n189 1 AND_0
        256 n190 2 AND_1
        257 n191 3 MAJ_0
        258 n192 4 OR_0
        259 n193 10 MAJ_0
        260 n194 11 OR_0
        261 n195 1 AND_0
        262 n196 2 AND_0
        263 n197 1 AND_0
        264 n198 2 AND_1
        265 n199 3 MAJ_0
        266 n200 4 OR_0
        267 n201 7 MAJ_0
        268 n202 8 OR_0
        269 n203 2 AND_0
        270 n204 1 AND_0
        271 n205 2 AND_0
        272 n206 2 AND_0
        273 n207 2 MAJ_1
        274 n208 3 AND_0
        275 n209 3 OR_0
        276 n210 4 MAJ_0
        277 n211 5 OR_0
        278 n212 2 AND_0
        279 n213 2 MAJ_1
        280 n214 3 AND_0
        281 n215 6 OR_0
        282 n216 7 OR_0
        283 n217 3 MAJ_0
        284 n218 4 OR_0
        285 n219 6 MAJ_0
        286 n220 7 OR_0
        287 n221 1 AND_1
        288 n222 8 MAJ_0
        289 n223 9 MAJ_1
        290 n224 10 MAJ_0
        291 n225 11 OR_0
        292 n226 2 AND_0
        293 n227 3 MAJ_1
        294 n228 4 AND_0
        295 n229 1 AND_0
        296 n230 2 AND_1
        297 n231 3 MAJ_0
        298 n232 5 OR_0
        299 n233 6 OR_0
        300 n234 11 MAJ_0
        301 n235 12 OR_0
        302 n236 8 MAJ_0
        303 n237 9 OR_0
        304 n238 8 MAJ_0
        305 n239 9 OR_0
        306 n240 1 AND_1
        307 n241 10 MAJ_0
        308 n242 11 MAJ_1
        309 n243 12 MAJ_0
        310 n244 13 OR_0
        311 n245 1 AND_1
        312 n246 10 MAJ_0
        313 n247 11 MAJ_1
        314 n248 12 MAJ_0
        315 n249 13 OR_0
        316 n250 7 AND_1
        317 n251 8 MAJ_0
        318 n252 9 MAJ_1
        319 n253 10 MAJ_0
        320 n254 11 OR_0
        321 n255 1 AND_0
        322 n256 2 AND_0
        323 n257 1 AND_0
        324 n258 2 AND_1
        325 n259 3 MAJ_0
        326 n260 4 OR_0
        327 n261 8 MAJ_0
        328 n262 9 OR_0
        329 n263 1 AND_0
        330 n264 2 AND_0
        331 n265 1 AND_0
        332 n266 2 AND_1
        333 n267 3 MAJ_0
        334 n268 4 OR_0
        335 n269 7 MAJ_0
        336 n270 8 OR_0
        337 n271 7 AND_1
        338 n272 8 MAJ_0
        339 n273 9 MAJ_1
        340 n274 10 MAJ_0
        341 n275 11 OR_0
        342 n276 1 AND_0
        343 n277 2 AND_0
        344 n278 1 AND_0
        345 n279 2 AND_1
        346 n280 3 MAJ_0
        347 n281 4 OR_0
        348 n282 12 MAJ_0
        349 n283 13 OR_0
        350 n284 1 AND_1
        351 n285 10 MAJ_0
        352 n286 11 MAJ_1
        353 n287 12 MAJ_0
        354 n288 13 OR_0
        355 n289 8 MAJ_0
        356 n290 9 OR_0
        357 n291 10 MAJ_0
        358 n292 11 OR_0
        359 n293 7 AND_1
        360 n294 8 MAJ_0
        361 n295 9 MAJ_1
        362 n296 10 MAJ_0
        363 n297 11 OR_0
        364 n298 2 AND_1
        365 n299 3 MAJ_0
        366 n300 4 MAJ_1
        367 n301 5 MAJ_0
        368 n302 6 OR_0
        369 n303 2 AND_0
        370 n304 3 AND_0
        371 n305 1 AND_0
        372 n306 2 AND_1
        373 n307 3 MAJ_0
        374 n308 4 OR_0
        375 n309 11 MAJ_0
        376 n310 12 OR_0
        377 n311 3 MAJ_0
        378 n312 4 OR_0
        379 n313 1 AND_1
        380 n314 12 MAJ_0
        381 n315 13 MAJ_1
        382 n316 14 MAJ_0
        383 n317 15 OR_0
        384 n318 13 MAJ_0
        385 n319 14 OR_0
        386 n320 3 AND_0
        387 n321 2 MAJ_1
        388 n322 4 AND_0
        389 n323 2 AND_0
        390 n324 3 AND_1
        391 n325 4 MAJ_0
        392 n326 5 OR_0
        393 n327 6 OR_0
        394 n328 4 AND_1
        395 n329 5 MAJ_0
        396 n330 6 MAJ_1
        397 n331 7 MAJ_0
        398 n332 8 OR_0
        399 n333 5 MAJ_0
        400 n334 6 OR_0
        401 n335 1 AND_1
        402 n336 5 MAJ_0
        403 n337 6 MAJ_1
        404 n338 7 MAJ_0
        405 n339 8 OR_0
        406 n340 9 AND_1
        407 n341 10 MAJ_0
        408 n342 11 MAJ_1
        409 n343 12 MAJ_0
        410 n344 13 OR_0
        411 n345 1 AND_0
        412 n346 2 AND_0
        413 n347 1 AND_0
        414 n348 2 AND_1
        415 n349 3 MAJ_0
        416 n350 4 OR_0
        417 n351 11 MAJ_0
        418 n352 12 OR_0
        419 n353 9 MAJ_0
        420 n354 10 OR_0
        421 n355 2 AND_0
        422 n356 3 AND_0
        423 n357 1 AND_0
        424 n358 2 AND_1
        425 n359 3 MAJ_0
        426 n360 4 OR_0
        427 n361 9 MAJ_0
        428 n362 10 OR_0
        429 n363 7 AND_1
        430 n364 8 MAJ_0
        431 n365 9 MAJ_1
        432 n366 10 MAJ_0
        433 n367 11 OR_0
        434 n368 1 AND_0
        435 n369 2 AND_0
        436 n370 1 AND_0
        437 n371 2 AND_1
        438 n372 3 MAJ_0
        439 n373 4 OR_0
        440 n374 12 MAJ_0
        441 n375 13 OR_0
        442 n376 8 AND_1
        443 n377 9 MAJ_0
        444 n378 10 MAJ_1
        445 n379 11 MAJ_0
        446 n380 12 OR_0
        447 n381 2 AND_0
        448 n382 3 AND_0
        449 n383 2 AND_0
        450 n384 3 AND_1
        451 n385 4 MAJ_0
        452 n386 5 OR_0
        453 n387 6 MAJ_0
        454 n388 7 OR_0
        455 n389 1 AND_1
        456 n390 8 MAJ_0
        457 n391 9 MAJ_1
        458 n392 10 MAJ_0
        459 n393 11 OR_0
        460 n394 2 AND_0
        461 n395 3 AND_0
        462 n396 1 AND_0
        463 n397 2 AND_1
        464 n398 3 MAJ_0
        465 n399 4 OR_0
        466 n400 6 MAJ_0
        467 n401 7 OR_0
        468 n402 8 MAJ_0
        469 n403 9 OR_0
        470 n404 8 MAJ_0
        471 n405 9 OR_0
        472 n406 1 AND_1
        473 n407 6 MAJ_0
        474 n408 7 MAJ_1
        475 n409 8 MAJ_0
        476 n410 9 OR_0
        477 n411 13 MAJ_0
        478 n412 14 OR_0
        479 n413 8 MAJ_0
        480 n414 9 OR_0
        481 n415 6 MAJ_0
        482 n416 7 OR_0
        483 n417 12 AND_1
        484 n418 13 MAJ_0
        485 n419 14 MAJ_1
        486 n420 15 MAJ_0
        487 n421 16 OR_0
        488 n422 1 AND_0
        489 n423 2 AND_0
        490 n424 1 AND_0
        491 n425 2 AND_1
        492 n426 3 MAJ_0
        493 n427 4 OR_0
        494 n428 8 MAJ_0
        495 n429 9 OR_0
        496 n430 2 AND_0
        497 n431 3 AND_0
        498 n432 1 AND_0
        499 n433 2 AND_1
        500 n434 3 MAJ_0
        501 n435 4 OR_0
        502 n436 10 MAJ_0
        503 n437 11 OR_0
        504 n438 2 AND_0
        505 n439 3 AND_0
        506 n440 1 AND_0
        507 n441 2 AND_1
        508 n442 3 MAJ_0
        509 n443 4 OR_0
        510 n444 10 MAJ_0
        511 n445 11 OR_0
        512 n446 10 AND_1
        513 n447 11 MAJ_0
        514 n448 12 MAJ_1
        515 n449 13 MAJ_0
        516 n450 14 OR_0
        517 n451 8 MAJ_0
        518 n452 9 OR_0
        519 n453 11 MAJ_0
        520 n454 12 OR_0
        521 n455 8 MAJ_0
        522 n456 9 OR_0
        523 n457 8 AND_1
        524 n458 9 MAJ_0
        525 n459 10 MAJ_1
        526 n460 11 MAJ_0
        527 n461 12 OR_0
        528 n462 2 AND_0
        529 n463 3 AND_0
        530 n464 1 AND_0
        531 n465 2 AND_1
        532 n466 3 MAJ_0
        533 n467 4 OR_0
        534 n468 9 MAJ_0
        535 n469 10 OR_0
        536 v1 7 VIR
        537 v10 5 VIR
        538 v11 8 VIR
        539 v12 7 VIR
        540 v13 10 VIR
        541 v14 12 VIR
        542 v15 9 VIR
        543 v16 12 VIR
        544 v17 8 VIR
        545 v18 10 VIR
        546 v19 1 VIR
        547 v2 7 VIR
        548 v20 1 VIR
        549 v21 1 VIR
        550 v22 1 VIR
        551 v23 1 VIR
        552 v24 1 VIR
        553 v25 1 VIR
        554 v26 1 VIR
        555 v27 1 VIR
        556 v28 1 VIR
        557 v29 1 VIR
        558 v3 10 VIR
        559 v30 1 VIR
        560 v31 1 VIR
        561 v32 1 VIR
        562 v33 1 VIR
        563 v34 1 VIR
        564 v35 1 VIR
        565 v36 1 VIR
        566 v37 1 VIR
        567 v38 1 VIR
        568 v39 1 VIR
        569 v4 4 VIR
        570 v40 1 VIR
        571 v41 1 VIR
        572 v42 1 VIR
        573 v43 1 VIR
        574 v44 1 VIR
        575 v45 1 VIR
        576 v46 1 VIR
        577 v47 1 VIR
        578 v48 1 VIR
        579 v49 1 VIR
        580 v5 7 VIR
        581 v50 1 VIR
        582 v51 1 VIR
        583 v52 1 VIR
        584 v53 1 VIR
        585 v54 1 VIR
        586 v55 1 VIR
        587 v56 1 VIR
        588 v57 1 VIR
        589 v58 1 VIR
        590 v59 1 VIR
        591 v6 7 VIR
        592 v60 1 VIR
        593 v61 1 VIR
        594 v62 1 VIR
        595 v63 1 VIR
        596 v64 1 VIR
        597 v65 1 VIR
        598 v66 1 VIR
        599 v67 1 VIR
        600 v68 1 VIR
        601 v69 1 VIR
        602 v7 7 VIR
        603 v70 1 VIR
        604 v71 1 VIR
        605 v72 1 VIR
        606 v73 1 VIR
        607 v74 1 VIR
        608 v75 1 VIR
        609 v76 1 VIR
        610 v77 2 VIR
        611 v78 2 VIR
        612 v79 2 VIR
        613 v8 10 VIR
        614 v9 5 VIR
    ]
    edge:
    [
        48 213
        50 213
        26 224
        33 224
        2 226
        33 226
        83 247
        112 247
        70 255
        113 255
        59 261
        63 261
        5 263
        63 263
        30 270
        52 270
        77 287
        82 287
        56 295
        84 295
        70 306
        73 306
        10 311
        15 311
        93 321
        94 321
        17 323
        93 323
        49 329
        72 329
        28 331
        75 331
        91 342
        97 342
        101 344
        125 344
        85 350
        88 350
        10 371
        19 371
        97 379
        101 379
        7 401
        36 401
        76 411
        85 411
        88 413
        109 413
        77 423
        128 423
        58 434
        61 434
        31 436
        58 436
        20 455
        27 455
        66 462
        87 462
        66 472
        69 472
        114 488
        120 488
        38 490
        124 490
        89 498
        111 498
        4 506
        60 506
        27 530
        74 530
        2 546
        101 548
        103 549
        104 550
        109 551
        12 552
        111 553
        112 554
        113 555
        116 556
        124 557
        125 559
        128 560
        130 561
        15 562
        17 563
        19 564
        22 565
        23 566
        27 567
        28 568
        4 570
        31 571
        33 572
        36 573
        38 574
        40 575
        5 576
        48 577
        50 578
        52 579
        56 581
        58 582
        60 583
        61 584
        63 585
        66 586
        69 587
        70 588
        73 589
        74 590
        75 592
        77 593
        82 594
        83 595
        84 596
        87 597
        88 598
        89 599
        10 600
        92 601
        93 603
        95 604
        96 605
        96 606
        96 607
        99 608
        99 609
        605 200
        99 200
        56 209
        607 209
        131 209
        578 211
        64 211
        62 214
        213 214
        606 219
        131 219
        575 225
        224 225
        14 227
        226 227
        605 237
        104 237
        12 240
        608 240
        108 245
        554 245
        78 248
        247 248
        588 253
        73 253
        117 256
        255 256
        601 262
        261 262
        3 264
        263 264
        24 269
        579 269
        550 271
        270 271
        604 272
        550 272
        52 273
        604 273
        609 273
        579 278
        550 278
        552 279
        579 279
        609 279
        596 292
        131 292
        51 296
        295 296
        549 322
        321 322
        11 324
        323 324
        592 330
        329 330
        21 332
        331 332
        548 343
        342 343
        121 345
        344 345
        23 364
        607 364
        600 369
        562 369
        39 372
        371 372
        566 387
        29 387
        43 387
        22 389
        566 389
        598 412
        411 412
        106 414
        413 414
        593 421
        594 421
        110 424
        423 424
        67 435
        434 435
        37 437
        436 437
        7 447
        573 447
        573 449
        130 449
        586 460
        69 460
        126 463
        462 463
        557 489
        488 489
        32 491
        490 491
        107 496
        553 496
        86 499
        498 499
        570 504
        54 504
        57 507
        506 507
        20 528
        567 528
        71 531
        530 531
        605 610
        606 611
        607 612
        95 201
        610 201
        200 201
        581 210
        209 210
        98 212
        211 212
        98 215
        213 215
        214 215
        84 220
        606 220
        219 220
        26 228
        226 228
        227 228
        95 238
        610 238
        608 238
        30 241
        240 241
        556 246
        245 246
        108 249
        247 249
        248 249
        80 254
        253 254
        80 257
        255 257
        256 257
        59 265
        263 265
        264 265
        272 274
        273 274
        269 275
        271 275
        278 280
        279 280
        552 283
        604 283
        610 283
        79 293
        596 293
        611 293
        79 297
        295 297
        296 297
        94 325
        323 325
        324 325
        72 333
        331 333
        332 333
        91 346
        344 346
        345 346
        23 365
        43 365
        364 365
        47 370
        369 370
        47 373
        371 373
        372 373
        565 377
        43 377
        612 377
        29 386
        612 386
        42 390
        389 390
        76 415
        413 415
        414 415
        129 422
        421 422
        129 425
        423 425
        424 425
        67 438
        436 438
        437 438
        44 448
        447 448
        133 450
        449 450
        90 461
        460 461
        90 464
        462 464
        463 464
        120 492
        490 492
        491 492
        115 497
        496 497
        115 500
        498 500
        499 500
        127 505
        504 505
        54 508
        506 508
        507 508
        34 529
        528 529
        34 532
        530 532
        531 532
        30 202
        200 202
        201 202
        16 216
        215 216
        16 217
        210 217
        212 217
        51 221
        219 221
        220 221
        9 229
        228 229
        237 239
        238 239
        104 242
        240 242
        241 242
        102 250
        249 250
        105 258
        257 258
        41 266
        265 266
        611 276
        271 276
        274 276
        552 284
        283 284
        292 294
        293 294
        6 326
        325 326
        119 334
        333 334
        118 347
        346 347
        42 366
        364 366
        365 366
        132 374
        373 374
        565 378
        377 378
        386 388
        387 388
        29 391
        389 391
        390 391
        50 394
        210 394
        100 416
        415 416
        81 426
        425 426
        18 439
        438 439
        44 451
        449 451
        450 451
        122 465
        464 465
        25 493
        492 493
        68 501
        500 501
        1 509
        508 509
        55 533
        532 533
        210 569
        12 203
        608 203
        202 203
        216 218
        217 218
        581 222
        596 222
        221 222
        24 243
        239 243
        275 277
        276 277
        65 298
        294 298
        22 367
        566 367
        366 367
        35 392
        388 392
        578 395
        64 395
        394 395
        577 399
        64 399
        569 399
        36 402
        284 402
        401 402
        123 452
        451 452
        284 537
        284 614
        202 204
        203 204
        221 223
        222 223
        242 244
        243 244
        45 281
        277 281
        7 285
        561 285
        614 285
        297 299
        298 299
        366 368
        367 368
        391 393
        392 393
        62 396
        394 396
        395 396
        577 400
        399 400
        133 403
        401 403
        402 403
        123 453
        614 453
        448 453
        122 466
        537 466
        461 466
        587 473
        614 473
        472 473
        587 481
        597 481
        537 481
        41 267
        223 267
        262 267
        280 282
        281 282
        561 286
        285 286
        92 316
        223 316
        119 335
        299 335
        330 335
        103 337
        204 337
        75 359
        299 359
        48 397
        578 397
        396 397
        573 404
        130 404
        403 404
        116 429
        244 429
        452 454
        453 454
        465 467
        466 467
        126 474
        472 474
        473 474
        597 482
        481 482
        204 536
        299 539
        204 547
        223 580
        244 591
        244 602
        17 205
        549 205
        536 205
        9 230
        547 230
        225 230
        40 232
        536 232
        102 251
        591 251
        246 251
        266 268
        267 268
        82 288
        286 288
        287 288
        594 302
        560 302
        286 302
        5 304
        601 304
        580 304
        585 317
        92 317
        316 317
        6 327
        536 327
        322 327
        334 336
        335 336
        603 338
        103 338
        337 338
        28 355
        49 355
        539 355
        49 360
        592 360
        359 360
        396 398
        397 398
        403 405
        404 405
        112 430
        116 430
        429 430
        124 442
        591 442
        567 456
        454 456
        455 456
        574 468
        114 468
        602 468
        20 470
        590 470
        454 470
        586 475
        87 475
        474 475
        595 479
        556 479
        591 479
        25 494
        602 494
        489 494
        546 517
        575 517
        547 517
        13 521
        53 521
        282 521
        53 523
        282 523
        286 538
        454 544
        563 206
        205 206
        229 231
        230 231
        572 233
        40 233
        232 233
        250 252
        251 252
        110 289
        287 289
        288 289
        560 303
        302 303
        576 305
        304 305
        3 318
        316 318
        317 318
        326 328
        327 328
        11 339
        337 339
        338 339
        568 356
        355 356
        21 361
        359 361
        360 361
        111 406
        405 406
        599 419
        107 419
        405 419
        81 427
        538 427
        422 427
        78 431
        429 431
        430 431
        114 443
        557 443
        442 443
        71 457
        455 457
        456 457
        574 469
        468 469
        590 471
        470 471
        474 476
        475 476
        595 480
        479 480
        493 495
        494 495
        546 518
        517 518
        13 522
        521 522
        46 524
        53 524
        523 524
        55 534
        544 534
        529 534
        405 542
        562 207
        19 207
        206 207
        14 234
        232 234
        233 234
        105 259
        252 259
        254 259
        593 290
        128 290
        289 290
        589 307
        252 307
        306 307
        15 312
        206 312
        311 312
        576 319
        585 319
        318 319
        563 340
        603 340
        339 340
        598 351
        328 351
        350 351
        85 357
        551 357
        328 357
        568 362
        592 362
        361 362
        107 407
        553 407
        406 407
        599 420
        419 420
        426 428
        427 428
        83 432
        554 432
        431 432
        32 444
        442 444
        443 444
        567 458
        74 458
        457 458
        68 502
        542 502
        497 502
        1 510
        480 510
        505 510
        4 512
        480 512
        8 525
        523 525
        524 525
        533 535
        534 535
        328 540
        480 545
        206 558
        252 613
        564 208
        207 208
        2 235
        572 235
        234 235
        258 260
        259 260
        289 291
        290 291
        589 300
        113 300
        613 300
        117 308
        306 308
        307 308
        39 313
        311 313
        312 313
        318 320
        319 320
        339 341
        340 341
        106 352
        350 352
        351 352
        551 358
        357 358
        361 363
        362 363
        132 375
        558 375
        370 375
        86 408
        406 408
        407 408
        100 417
        540 417
        412 417
        431 433
        432 433
        38 445
        557 445
        444 445
        457 459
        458 459
        501 503
        502 503
        509 511
        510 511
        570 513
        127 513
        512 513
        583 519
        127 519
        545 519
        13 526
        46 526
        525 526
        234 236
        235 236
        555 301
        300 301
        588 309
        555 309
        308 309
        600 314
        564 314
        313 314
        118 348
        341 348
        343 348
        598 353
        109 353
        352 353
        374 376
        375 376
        548 380
        341 380
        379 380
        89 409
        553 409
        408 409
        416 418
        417 418
        18 440
        433 440
        435 440
        444 446
        445 446
        61 483
        433 483
        57 514
        512 514
        513 514
        583 520
        519 520
        525 527
        526 527
        341 541
        433 543
        308 310
        309 310
        313 315
        314 315
        347 349
        348 349
        352 354
        353 354
        121 381
        379 381
        380 381
        97 384
        559 384
        541 384
        408 410
        409 410
        439 441
        440 441
        31 477
        584 477
        543 477
        582 484
        584 484
        483 484
        570 515
        60 515
        514 515
        548 382
        125 382
        381 382
        559 385
        384 385
        571 478
        477 478
        37 485
        483 485
        484 485
        514 516
        515 516
        381 383
        382 383
        571 486
        582 486
        485 486
        485 487
        486 487
        208 134
        218 135
        558 136
        580 137
        231 138
        236 139
        260 140
        268 141
        282 142
        291 143
        539 144
        301 145
        303 146
        305 147
        310 148
        315 149
        538 150
        320 151
        540 152
        336 153
        349 154
        537 155
        354 156
        356 157
        358 158
        363 159
        541 160
        368 161
        376 162
        378 163
        383 164
        569 165
        385 166
        393 167
        398 168
        400 169
        602 170
        410 171
        418 172
        420 173
        542 174
        428 175
        441 176
        446 177
        459 178
        467 179
        613 180
        469 181
        471 182
        476 183
        478 184
        545 185
        544 186
        482 187
        487 188
        495 189
        503 190
        511 191
        516 192
        518 193
        543 194
        520 195
        522 196
        547 197
        527 198
        535 199
    ]
]
