circuit_name:i6new_processed
[
    node:
    [
        1 x0 0 PI
        2 x1 0 PI
        3 x2 0 PI
        4 x3 0 PI
        5 x4 0 PI
        6 x5 0 PI
        7 x6 0 PI
        8 x7 0 PI
        9 x8 0 PI
        10 x9 0 PI
        11 x10 0 PI
        12 x11 0 PI
        13 x12 0 PI
        14 x13 0 PI
        15 x14 0 PI
        16 x15 0 PI
        17 x16 0 PI
        18 x17 0 PI
        19 x18 0 PI
        20 x19 0 PI
        21 x20 0 PI
        22 x21 0 PI
        23 x22 0 PI
        24 x23 0 PI
        25 x24 0 PI
        26 x25 0 PI
        27 x26 0 PI
        28 x27 0 PI
        29 x28 0 PI
        30 x29 0 PI
        31 x30 0 PI
        32 x31 0 PI
        33 x32 0 PI
        34 x33 0 PI
        35 x34 0 PI
        36 x35 0 PI
        37 x36 0 PI
        38 x37 0 PI
        39 x38 0 PI
        40 x39 0 PI
        41 x40 0 PI
        42 x41 0 PI
        43 x42 0 PI
        44 x43 0 PI
        45 x44 0 PI
        46 x45 0 PI
        47 x46 0 PI
        48 x47 0 PI
        49 x48 0 PI
        50 x49 0 PI
        51 x50 0 PI
        52 x51 0 PI
        53 x52 0 PI
        54 x53 0 PI
        55 x54 0 PI
        56 x55 0 PI
        57 x56 0 PI
        58 x57 0 PI
        59 x58 0 PI
        60 x59 0 PI
        61 x60 0 PI
        62 x61 0 PI
        63 x62 0 PI
        64 x63 0 PI
        65 x64 0 PI
        66 x65 0 PI
        67 x66 0 PI
        68 x67 0 PI
        69 x68 0 PI
        70 x69 0 PI
        71 x70 0 PI
        72 x71 0 PI
        73 x72 0 PI
        74 x73 0 PI
        75 x74 0 PI
        76 x75 0 PI
        77 x76 0 PI
        78 x77 0 PI
        79 x78 0 PI
        80 x79 0 PI
        81 x80 0 PI
        82 x81 0 PI
        83 x82 0 PI
        84 x83 0 PI
        85 x84 0 PI
        86 x85 0 PI
        87 x86 0 PI
        88 x87 0 PI
        89 x88 0 PI
        90 x89 0 PI
        91 x90 0 PI
        92 x91 0 PI
        93 x92 0 PI
        94 x93 0 PI
        95 x94 0 PI
        96 x95 0 PI
        97 x96 0 PI
        98 x97 0 PI
        99 x98 0 PI
        100 x99 0 PI
        101 x100 0 PI
        102 x101 0 PI
        103 x102 0 PI
        104 x103 0 PI
        105 x104 0 PI
        106 x105 0 PI
        107 x106 0 PI
        108 x107 0 PI
        109 x108 0 PI
        110 x109 0 PI
        111 x110 0 PI
        112 x111 0 PI
        113 x112 0 PI
        114 x113 0 PI
        115 x114 0 PI
        116 x115 0 PI
        117 x116 0 PI
        118 x117 0 PI
        119 x118 0 PI
        120 x119 0 PI
        121 x120 0 PI
        122 x121 0 PI
        123 x122 0 PI
        124 x123 0 PI
        125 x124 0 PI
        126 x125 0 PI
        127 x126 0 PI
        128 x127 0 PI
        129 x128 0 PI
        130 x129 0 PI
        131 x130 0 PI
        132 x131 0 PI
        133 x132 0 PI
        134 x133 0 PI
        135 x134 0 PI
        136 x135 0 PI
        137 x136 0 PI
        138 x137 0 PI
        139 y0 11 PO_0
        140 y1 10 PO_0
        141 y2 11 PO_0
        142 y3 11 PO_0
        143 y4 12 PO_0
        144 y5 11 PO_0
        145 y6 12 PO_0
        146 y7 10 PO_0
        147 y8 11 PO_0
        148 y9 11 PO_0
        149 y10 12 PO_0
        150 y11 12 PO_0
        151 y12 11 PO_0
        152 y13 11 PO_0
        153 y14 11 PO_0
        154 y15 11 PO_0
        155 y16 11 PO_0
        156 y17 11 PO_0
        157 y18 7 PO_0
        158 y19 7 PO_0
        159 y20 8 PO_0
        160 y21 11 PO_0
        161 y22 11 PO_0
        162 y23 7 PO_0
        163 y24 7 PO_0
        164 y25 12 PO_0
        165 y26 12 PO_0
        166 y27 8 PO_0
        167 y28 7 PO_0
        168 y29 11 PO_0
        169 y30 11 PO_0
        170 y31 7 PO_0
        171 y32 7 PO_0
        172 y33 12 PO_0
        173 y34 12 PO_0
        174 y35 8 PO_0
        175 y36 11 PO_0
        176 y37 11 PO_0
        177 y38 7 PO_0
        178 y39 7 PO_0
        179 y40 11 PO_0
        180 y41 7 PO_0
        181 y42 7 PO_0
        182 y43 11 PO_0
        183 y44 11 PO_0
        184 y45 7 PO_0
        185 y46 12 PO_0
        186 y47 12 PO_0
        187 y48 7 PO_0
        188 y49 7 PO_0
        189 y50 8 PO_0
        190 y51 7 PO_0
        191 y52 7 PO_0
        192 y53 8 PO_0
        193 y54 7 PO_0
        194 y55 11 PO_0
        195 y56 7 PO_0
        196 y57 11 PO_0
        197 y58 7 PO_0
        198 y59 7 PO_0
        199 y60 11 PO_0
        200 y61 7 PO_0
        201 y62 8 PO_0
        202 y63 8 PO_0
        203 y64 11 PO_0
        204 y65 11 PO_0
        205 y66 11 PO_0
        206 n139 3 AND_1
        207 n140 4 AND_1
        208 n141 3 AND_0
        209 n142 4 AND_0
        210 n143 7 AND_1
        211 n144 7 AND_1
        212 n145 8 MAJ_1
        213 n146 4 AND_0
        214 n147 3 AND_1
        215 n148 9 OR_0
        216 n149 9 MAJ_0
        217 n150 10 OR_0
        218 n151 4 AND_1
        219 n152 5 AND_1
        220 n153 4 AND_0
        221 n154 5 AND_0
        222 n155 6 AND_1
        223 n156 6 AND_1
        224 n157 7 MAJ_1
        225 n158 5 AND_0
        226 n159 3 AND_1
        227 n160 8 OR_0
        228 n161 8 MAJ_0
        229 n162 9 OR_0
        230 n163 7 AND_1
        231 n164 7 AND_1
        232 n165 8 MAJ_1
        233 n166 9 OR_0
        234 n167 9 MAJ_0
        235 n168 10 OR_0
        236 n169 7 AND_1
        237 n170 7 AND_1
        238 n171 8 MAJ_1
        239 n172 9 OR_0
        240 n173 9 MAJ_0
        241 n174 10 OR_0
        242 n175 8 AND_0
        243 n176 8 OR_0
        244 n177 9 MAJ_1
        245 n178 10 OR_0
        246 n179 10 MAJ_0
        247 n180 11 OR_0
        248 n181 7 AND_1
        249 n182 7 AND_1
        250 n183 8 MAJ_1
        251 n184 9 OR_0
        252 n185 9 MAJ_0
        253 n186 10 OR_0
        254 n187 8 AND_0
        255 n188 8 OR_0
        256 n189 9 MAJ_1
        257 n190 10 OR_0
        258 n191 10 MAJ_0
        259 n192 11 OR_0
        260 n193 4 AND_1
        261 n194 5 MAJ_1
        262 n195 6 AND_0
        263 n196 7 OR_0
        264 n197 8 AND_1
        265 n198 9 MAJ_1
        266 n199 7 AND_1
        267 n200 7 AND_1
        268 n201 8 MAJ_1
        269 n202 9 OR_0
        270 n203 9 MAJ_0
        271 n204 10 OR_0
        272 n205 7 AND_1
        273 n206 7 AND_1
        274 n207 8 MAJ_1
        275 n208 9 OR_0
        276 n209 9 MAJ_0
        277 n210 10 OR_0
        278 n211 8 AND_0
        279 n212 8 OR_0
        280 n213 9 MAJ_1
        281 n214 10 OR_0
        282 n215 10 MAJ_0
        283 n216 11 OR_0
        284 n217 8 AND_1
        285 n218 8 AND_1
        286 n219 9 MAJ_1
        287 n220 10 OR_0
        288 n221 10 MAJ_0
        289 n222 11 OR_0
        290 n223 7 AND_0
        291 n224 7 OR_0
        292 n225 8 MAJ_1
        293 n226 9 OR_0
        294 n227 9 MAJ_0
        295 n228 10 OR_0
        296 n229 7 AND_1
        297 n230 7 AND_1
        298 n231 8 MAJ_1
        299 n232 9 OR_0
        300 n233 9 MAJ_0
        301 n234 10 OR_0
        302 n235 7 AND_0
        303 n236 7 OR_0
        304 n237 8 MAJ_1
        305 n238 9 OR_0
        306 n239 9 MAJ_0
        307 n240 10 OR_0
        308 n241 7 AND_1
        309 n242 7 AND_1
        310 n243 8 MAJ_1
        311 n244 9 OR_0
        312 n245 9 MAJ_0
        313 n246 10 OR_0
        314 n247 7 AND_1
        315 n248 7 AND_1
        316 n249 8 MAJ_1
        317 n250 9 OR_0
        318 n251 9 MAJ_0
        319 n252 10 OR_0
        320 n253 7 AND_1
        321 n254 7 AND_1
        322 n255 8 MAJ_1
        323 n256 9 OR_0
        324 n257 9 MAJ_0
        325 n258 10 OR_0
        326 n259 4 AND_1
        327 n260 4 AND_1
        328 n261 5 XOR_0
        329 n262 6 MAJ_1
        330 n263 4 AND_1
        331 n264 4 AND_1
        332 n265 5 XOR_0
        333 n266 6 MAJ_1
        334 n267 4 AND_1
        335 n268 5 AND_1
        336 n269 6 XOR_0
        337 n270 7 MAJ_1
        338 n271 7 AND_0
        339 n272 7 OR_0
        340 n273 8 MAJ_1
        341 n274 9 OR_0
        342 n275 9 MAJ_0
        343 n276 10 OR_0
        344 n277 7 AND_0
        345 n278 7 OR_0
        346 n279 8 MAJ_1
        347 n280 9 OR_0
        348 n281 9 MAJ_0
        349 n282 10 OR_0
        350 n283 4 AND_1
        351 n284 4 AND_1
        352 n285 5 XOR_0
        353 n286 6 MAJ_1
        354 n287 4 AND_1
        355 n288 4 AND_1
        356 n289 5 XOR_0
        357 n290 6 MAJ_1
        358 n291 8 AND_1
        359 n292 8 AND_1
        360 n293 9 MAJ_1
        361 n294 10 OR_0
        362 n295 10 MAJ_0
        363 n296 11 OR_0
        364 n297 8 AND_0
        365 n298 8 OR_0
        366 n299 9 MAJ_1
        367 n300 10 OR_0
        368 n301 10 MAJ_0
        369 n302 11 OR_0
        370 n303 4 AND_1
        371 n304 5 AND_1
        372 n305 6 XOR_0
        373 n306 7 MAJ_1
        374 n307 4 AND_1
        375 n308 4 AND_1
        376 n309 5 XOR_0
        377 n310 6 MAJ_1
        378 n311 7 AND_0
        379 n312 7 OR_0
        380 n313 8 MAJ_1
        381 n314 9 OR_0
        382 n315 9 MAJ_0
        383 n316 10 OR_0
        384 n317 7 AND_1
        385 n318 7 AND_1
        386 n319 8 MAJ_1
        387 n320 9 OR_0
        388 n321 9 MAJ_0
        389 n322 10 OR_0
        390 n323 4 AND_1
        391 n324 4 AND_1
        392 n325 5 XOR_0
        393 n326 6 MAJ_1
        394 n327 4 AND_1
        395 n328 4 AND_1
        396 n329 5 XOR_0
        397 n330 6 MAJ_1
        398 n331 8 AND_0
        399 n332 8 OR_0
        400 n333 9 MAJ_1
        401 n334 10 OR_0
        402 n335 10 MAJ_0
        403 n336 11 OR_0
        404 n337 8 AND_1
        405 n338 8 AND_1
        406 n339 9 MAJ_1
        407 n340 10 OR_0
        408 n341 10 MAJ_0
        409 n342 11 OR_0
        410 n343 4 AND_1
        411 n344 5 AND_1
        412 n345 6 XOR_0
        413 n346 7 MAJ_1
        414 n347 7 AND_1
        415 n348 7 AND_1
        416 n349 8 MAJ_1
        417 n350 9 OR_0
        418 n351 9 MAJ_0
        419 n352 10 OR_0
        420 n353 7 AND_0
        421 n354 7 OR_0
        422 n355 8 MAJ_1
        423 n356 9 OR_0
        424 n357 9 MAJ_0
        425 n358 10 OR_0
        426 n359 4 AND_1
        427 n360 4 AND_1
        428 n361 5 XOR_0
        429 n362 6 MAJ_1
        430 n363 5 AND_1
        431 n364 4 AND_1
        432 n365 5 XOR_0
        433 n366 6 MAJ_1
        434 n367 7 AND_0
        435 n368 7 OR_0
        436 n369 8 MAJ_1
        437 n370 9 OR_0
        438 n371 9 MAJ_0
        439 n372 10 OR_0
        440 n373 5 AND_1
        441 n374 4 AND_1
        442 n375 5 XOR_0
        443 n376 6 MAJ_1
        444 n377 4 AND_1
        445 n378 4 AND_1
        446 n379 5 XOR_0
        447 n380 6 MAJ_1
        448 n381 7 AND_1
        449 n382 7 AND_1
        450 n383 8 MAJ_1
        451 n384 9 OR_0
        452 n385 9 MAJ_0
        453 n386 10 OR_0
        454 n387 7 AND_0
        455 n388 7 OR_0
        456 n389 8 MAJ_1
        457 n390 9 OR_0
        458 n391 9 MAJ_0
        459 n392 10 OR_0
        460 n393 4 AND_1
        461 n394 4 AND_1
        462 n395 5 XOR_0
        463 n396 6 MAJ_1
        464 n397 8 AND_1
        465 n398 8 AND_1
        466 n399 9 MAJ_1
        467 n400 10 OR_0
        468 n401 10 MAJ_0
        469 n402 11 OR_0
        470 n403 8 AND_0
        471 n404 8 OR_0
        472 n405 9 MAJ_1
        473 n406 10 OR_0
        474 n407 10 MAJ_0
        475 n408 11 OR_0
        476 n409 4 AND_1
        477 n410 4 AND_1
        478 n411 5 XOR_0
        479 n412 6 MAJ_1
        480 n413 4 AND_1
        481 n414 4 AND_1
        482 n415 5 XOR_0
        483 n416 6 MAJ_1
        484 n417 4 AND_1
        485 n418 5 AND_1
        486 n419 6 XOR_0
        487 n420 7 MAJ_1
        488 n421 4 AND_1
        489 n422 4 AND_1
        490 n423 5 XOR_0
        491 n424 6 MAJ_1
        492 n425 4 AND_1
        493 n426 4 AND_1
        494 n427 5 XOR_0
        495 n428 6 MAJ_1
        496 n429 5 AND_1
        497 n430 5 AND_1
        498 n431 6 XOR_0
        499 n432 7 MAJ_1
        500 n433 5 AND_1
        501 n434 4 AND_1
        502 n435 5 XOR_0
        503 n436 6 MAJ_1
        504 n437 7 AND_0
        505 n438 7 OR_0
        506 n439 8 MAJ_1
        507 n440 9 OR_0
        508 n441 9 MAJ_0
        509 n442 10 OR_0
        510 n443 4 AND_1
        511 n444 4 AND_1
        512 n445 5 XOR_0
        513 n446 6 MAJ_1
        514 n447 7 AND_0
        515 n448 7 OR_0
        516 n449 8 MAJ_1
        517 n450 9 OR_0
        518 n451 9 MAJ_0
        519 n452 10 OR_0
        520 n453 4 AND_1
        521 n454 4 AND_1
        522 n455 5 XOR_0
        523 n456 6 MAJ_1
        524 n457 4 AND_1
        525 n458 4 AND_1
        526 n459 5 XOR_0
        527 n460 6 MAJ_1
        528 n461 7 AND_1
        529 n462 7 AND_1
        530 n463 8 MAJ_1
        531 n464 9 OR_0
        532 n465 9 MAJ_0
        533 n466 10 OR_0
        534 n467 4 AND_1
        535 n468 4 AND_1
        536 n469 5 XOR_0
        537 n470 6 MAJ_1
        538 n471 4 AND_1
        539 n472 5 AND_1
        540 n473 6 XOR_0
        541 n474 7 MAJ_1
        542 n475 4 AND_1
        543 n476 5 AND_1
        544 n477 6 XOR_0
        545 n478 7 MAJ_1
        546 n479 7 AND_1
        547 n480 7 AND_1
        548 n481 8 MAJ_1
        549 n482 9 OR_0
        550 n483 9 MAJ_0
        551 n484 10 OR_0
        552 n485 7 AND_1
        553 n486 7 AND_1
        554 n487 8 MAJ_1
        555 n488 9 OR_0
        556 n489 9 MAJ_0
        557 n490 10 OR_0
        558 n491 7 AND_1
        559 n492 7 AND_1
        560 n493 8 MAJ_1
        561 n494 9 OR_0
        562 n495 9 MAJ_0
        563 n496 10 OR_0
        564 v1 5 VIR
        565 v10 4 VIR
        566 v100 3 VIR
        567 v101 3 VIR
        568 v102 3 VIR
        569 v103 3 VIR
        570 v104 3 VIR
        571 v105 3 VIR
        572 v106 3 VIR
        573 v107 3 VIR
        574 v108 3 VIR
        575 v109 3 VIR
        576 v11 4 VIR
        577 v110 3 VIR
        578 v111 3 VIR
        579 v112 3 VIR
        580 v113 3 VIR
        581 v114 3 VIR
        582 v115 3 VIR
        583 v116 3 VIR
        584 v117 3 VIR
        585 v118 3 VIR
        586 v119 3 VIR
        587 v12 4 VIR
        588 v120 3 VIR
        589 v121 3 VIR
        590 v122 3 VIR
        591 v123 3 VIR
        592 v124 3 VIR
        593 v125 3 VIR
        594 v126 3 VIR
        595 v127 7 VIR
        596 v128 7 VIR
        597 v129 7 VIR
        598 v13 6 VIR
        599 v130 7 VIR
        600 v131 7 VIR
        601 v132 7 VIR
        602 v133 7 VIR
        603 v134 7 VIR
        604 v135 7 VIR
        605 v136 7 VIR
        606 v137 7 VIR
        607 v138 4 VIR
        608 v139 4 VIR
        609 v14 6 VIR
        610 v140 4 VIR
        611 v141 4 VIR
        612 v142 4 VIR
        613 v143 4 VIR
        614 v144 4 VIR
        615 v145 4 VIR
        616 v146 4 VIR
        617 v147 4 VIR
        618 v15 6 VIR
        619 v16 6 VIR
        620 v17 6 VIR
        621 v18 6 VIR
        622 v19 4 VIR
        623 v2 5 VIR
        624 v20 4 VIR
        625 v21 1 VIR
        626 v22 1 VIR
        627 v23 1 VIR
        628 v24 1 VIR
        629 v25 1 VIR
        630 v26 1 VIR
        631 v27 1 VIR
        632 v28 6 VIR
        633 v29 6 VIR
        634 v3 5 VIR
        635 v30 6 VIR
        636 v31 5 VIR
        637 v32 5 VIR
        638 v33 5 VIR
        639 v34 5 VIR
        640 v35 5 VIR
        641 v36 5 VIR
        642 v37 5 VIR
        643 v38 5 VIR
        644 v39 5 VIR
        645 v4 5 VIR
        646 v40 6 VIR
        647 v41 6 VIR
        648 v42 6 VIR
        649 v43 2 VIR
        650 v44 2 VIR
        651 v45 2 VIR
        652 v46 2 VIR
        653 v47 2 VIR
        654 v48 2 VIR
        655 v49 2 VIR
        656 v5 5 VIR
        657 v50 2 VIR
        658 v51 2 VIR
        659 v52 2 VIR
        660 v53 2 VIR
        661 v54 2 VIR
        662 v55 2 VIR
        663 v56 2 VIR
        664 v57 2 VIR
        665 v58 2 VIR
        666 v59 2 VIR
        667 v6 5 VIR
        668 v60 2 VIR
        669 v61 6 VIR
        670 v62 6 VIR
        671 v63 6 VIR
        672 v64 6 VIR
        673 v65 6 VIR
        674 v66 6 VIR
        675 v67 6 VIR
        676 v68 6 VIR
        677 v69 6 VIR
        678 v7 5 VIR
        679 v70 6 VIR
        680 v71 6 VIR
        681 v72 6 VIR
        682 v73 6 VIR
        683 v74 6 VIR
        684 v75 6 VIR
        685 v76 6 VIR
        686 v77 6 VIR
        687 v78 6 VIR
        688 v79 6 VIR
        689 v8 5 VIR
        690 v80 6 VIR
        691 v81 6 VIR
        692 v82 7 VIR
        693 v83 7 VIR
        694 v84 6 VIR
        695 v85 6 VIR
        696 v86 6 VIR
        697 v87 6 VIR
        698 v88 6 VIR
        699 v89 7 VIR
        700 v9 5 VIR
        701 v90 7 VIR
        702 v91 3 VIR
        703 v92 3 VIR
        704 v93 3 VIR
        705 v94 3 VIR
        706 v95 3 VIR
        707 v96 3 VIR
        708 v97 3 VIR
        709 v98 3 VIR
        710 v99 3 VIR
    ]
    edge:
    [
        11 625
        11 626
        11 627
        8 628
        9 629
        9 630
        9 631
        625 649
        625 650
        625 651
        626 652
        626 653
        626 654
        627 655
        627 657
        627 658
        629 659
        629 660
        629 661
        630 662
        630 663
        630 664
        631 665
        631 666
        631 668
        5 206
        659 206
        5 208
        659 208
        5 214
        660 214
        628 226
        660 226
        652 566
        652 567
        652 568
        653 569
        653 570
        653 571
        654 572
        654 573
        654 574
        655 575
        655 577
        655 578
        657 579
        657 580
        657 581
        658 582
        658 583
        658 584
        659 585
        660 586
        661 588
        662 589
        663 590
        664 591
        665 592
        666 593
        668 594
        649 702
        649 703
        649 704
        650 705
        650 706
        650 707
        651 708
        651 709
        651 710
        702 207
        206 207
        702 209
        208 209
        703 213
        206 213
        8 218
        585 218
        8 220
        585 220
        586 260
        65 260
        574 326
        13 326
        704 327
        72 327
        575 330
        43 330
        705 331
        108 331
        567 334
        59 334
        567 350
        97 350
        706 351
        45 351
        567 354
        86 354
        707 355
        119 355
        568 370
        27 370
        568 374
        44 374
        709 375
        134 375
        568 390
        20 390
        710 391
        61 391
        569 394
        70 394
        566 395
        129 395
        570 410
        79 410
        569 426
        69 426
        708 427
        118 427
        566 431
        103 431
        710 441
        53 441
        570 444
        58 444
        707 445
        133 445
        570 460
        51 460
        709 461
        128 461
        571 476
        14 476
        706 477
        54 477
        571 480
        40 480
        704 481
        16 481
        571 484
        98 484
        572 488
        92 488
        710 489
        73 489
        572 492
        85 492
        709 493
        62 493
        708 501
        55 501
        573 510
        29 510
        707 511
        32 511
        573 520
        37 520
        706 521
        23 521
        573 524
        80 524
        705 525
        74 525
        574 534
        34 534
        704 535
        38 535
        574 538
        21 538
        575 542
        99 542
        214 565
        214 576
        214 587
        566 607
        569 608
        572 610
        575 611
        579 612
        582 613
        702 614
        703 615
        705 616
        708 617
        226 622
        226 624
        614 219
        218 219
        614 221
        220 221
        703 225
        218 225
        628 261
        586 261
        615 261
        327 328
        661 328
        331 332
        661 332
        616 335
        124 335
        351 352
        588 352
        355 356
        662 356
        617 371
        35 371
        375 376
        589 376
        391 392
        589 392
        395 396
        663 396
        616 411
        123 411
        427 428
        590 428
        608 430
        52 430
        431 432
        590 432
        608 440
        91 440
        441 442
        664 442
        445 446
        664 446
        461 462
        591 462
        477 478
        591 478
        481 482
        665 482
        615 485
        46 485
        489 490
        592 490
        493 494
        592 494
        610 496
        31 496
        617 497
        41 497
        610 500
        93 500
        501 502
        666 502
        511 512
        593 512
        521 522
        593 522
        525 526
        668 526
        535 536
        668 536
        607 539
        94 539
        607 543
        63 543
        207 564
        207 623
        207 634
        565 636
        565 637
        565 638
        576 639
        576 640
        576 641
        587 642
        587 643
        587 644
        209 645
        209 656
        209 667
        213 678
        213 689
        213 700
        89 222
        221 222
        2 223
        219 223
        260 262
        261 262
        613 329
        326 329
        328 329
        581 333
        330 333
        332 333
        335 336
        588 336
        612 353
        350 353
        352 353
        579 357
        354 357
        356 357
        371 372
        662 372
        577 377
        374 377
        376 377
        584 393
        390 393
        392 393
        583 397
        394 397
        396 397
        411 412
        663 412
        582 429
        426 429
        428 429
        612 433
        430 433
        432 433
        580 443
        440 443
        442 443
        611 447
        444 447
        446 447
        584 463
        460 463
        462 463
        578 479
        476 479
        478 479
        581 483
        480 483
        482 483
        485 486
        665 486
        611 491
        488 491
        490 491
        577 495
        492 495
        494 495
        497 498
        666 498
        579 503
        500 503
        502 503
        580 513
        510 513
        512 513
        581 523
        520 523
        522 523
        582 527
        524 527
        526 527
        613 537
        534 537
        536 537
        539 540
        594 540
        543 544
        594 544
        219 598
        219 609
        221 618
        221 619
        225 620
        225 621
        564 632
        564 633
        564 635
        623 646
        623 647
        623 648
        634 669
        634 670
        634 671
        645 672
        645 673
        645 674
        656 675
        656 676
        656 677
        667 679
        667 680
        667 681
        678 682
        678 683
        678 684
        689 685
        689 686
        689 687
        700 688
        700 690
        700 691
        636 694
        637 695
        639 696
        640 697
        642 698
        127 210
        672 210
        125 211
        632 211
        2 224
        222 224
        223 224
        122 230
        672 230
        120 231
        632 231
        90 236
        618 236
        49 237
        598 237
        84 248
        618 248
        76 249
        598 249
        619 263
        225 263
        101 266
        673 266
        36 267
        633 267
        66 272
        673 272
        17 273
        633 273
        116 290
        598 290
        26 291
        618 291
        138 296
        674 296
        6 297
        635 297
        113 302
        609 302
        19 303
        619 303
        95 308
        674 308
        33 309
        635 309
        132 314
        674 314
        3 315
        635 315
        83 320
        619 320
        1 321
        609 321
        580 337
        334 337
        336 337
        56 338
        646 338
        30 339
        675 339
        112 344
        646 344
        10 345
        675 345
        578 373
        370 373
        372 373
        75 378
        647 378
        25 379
        676 379
        57 384
        676 384
        7 385
        647 385
        577 413
        410 413
        412 413
        47 414
        677 414
        22 415
        648 415
        126 420
        648 420
        78 421
        677 421
        121 434
        648 434
        67 435
        677 435
        135 448
        679 448
        60 449
        669 449
        137 454
        669 454
        88 455
        679 455
        583 487
        484 487
        486 487
        578 499
        496 499
        498 499
        106 504
        670 504
        96 505
        680 505
        110 514
        670 514
        102 515
        680 515
        107 528
        680 528
        105 529
        670 529
        583 541
        538 541
        540 541
        584 545
        542 545
        544 545
        111 546
        681 546
        109 547
        671 547
        81 552
        681 552
        39 553
        671 553
        87 558
        681 558
        42 559
        671 559
        669 595
        672 596
        673 597
        675 599
        676 600
        679 601
        682 602
        683 603
        685 604
        686 605
        688 606
        632 692
        633 693
        646 699
        647 701
        125 212
        210 212
        211 212
        224 227
        226 227
        89 228
        224 228
        620 228
        120 232
        230 232
        231 232
        49 238
        236 238
        237 238
        136 242
        692 242
        117 243
        596 243
        76 250
        248 250
        249 250
        130 254
        692 254
        114 255
        596 255
        68 264
        263 264
        36 268
        266 268
        267 268
        17 274
        272 274
        273 274
        64 278
        693 278
        18 279
        597 279
        77 284
        597 284
        24 285
        693 285
        26 292
        290 292
        291 292
        6 298
        296 298
        297 298
        19 304
        302 304
        303 304
        33 310
        308 310
        309 310
        3 316
        314 316
        315 316
        1 322
        320 322
        321 322
        30 340
        338 340
        339 340
        10 346
        344 346
        345 346
        104 358
        599 358
        71 359
        699 359
        115 364
        699 364
        12 365
        599 365
        25 380
        378 380
        379 380
        7 386
        384 386
        385 386
        48 398
        701 398
        28 399
        600 399
        50 404
        600 404
        4 405
        701 405
        22 416
        414 416
        415 416
        78 422
        420 422
        421 422
        67 436
        434 436
        435 436
        60 450
        448 450
        449 450
        88 456
        454 456
        455 456
        100 464
        601 464
        15 465
        595 465
        131 470
        595 470
        82 471
        601 471
        96 506
        504 506
        505 506
        102 516
        514 516
        515 516
        105 530
        528 530
        529 530
        109 548
        546 548
        547 548
        39 554
        552 554
        553 554
        42 560
        558 560
        559 560
        212 215
        636 215
        127 216
        212 216
        682 216
        227 229
        228 229
        636 233
        232 233
        122 234
        682 234
        232 234
        622 239
        238 239
        90 240
        620 240
        238 240
        117 244
        242 244
        243 244
        622 251
        250 251
        84 252
        620 252
        250 252
        114 256
        254 256
        255 256
        262 265
        263 265
        264 265
        637 269
        268 269
        101 270
        683 270
        268 270
        637 275
        274 275
        66 276
        683 276
        274 276
        18 280
        278 280
        279 280
        24 286
        284 286
        285 286
        622 293
        292 293
        26 294
        621 294
        292 294
        638 299
        298 299
        138 300
        684 300
        298 300
        624 305
        304 305
        19 306
        621 306
        304 306
        638 311
        310 311
        95 312
        684 312
        310 312
        638 317
        316 317
        132 318
        684 318
        316 318
        624 323
        322 323
        83 324
        621 324
        322 324
        639 341
        340 341
        30 342
        685 342
        340 342
        639 347
        346 347
        10 348
        685 348
        346 348
        71 360
        358 360
        359 360
        12 366
        364 366
        365 366
        640 381
        380 381
        25 382
        686 382
        380 382
        640 387
        386 387
        57 388
        686 388
        386 388
        28 400
        398 400
        399 400
        4 406
        404 406
        405 406
        641 417
        416 417
        47 418
        687 418
        416 418
        641 423
        422 423
        78 424
        687 424
        422 424
        641 437
        436 437
        67 438
        687 438
        436 438
        642 451
        450 451
        135 452
        688 452
        450 452
        642 457
        456 457
        88 458
        688 458
        456 458
        15 466
        464 466
        465 466
        82 472
        470 472
        471 472
        643 507
        506 507
        96 508
        690 508
        506 508
        643 517
        516 517
        102 518
        690 518
        516 518
        643 531
        530 531
        107 532
        690 532
        530 532
        644 549
        548 549
        111 550
        691 550
        548 550
        644 555
        554 555
        81 556
        691 556
        554 556
        644 561
        560 561
        87 562
        691 562
        560 562
        215 217
        216 217
        233 235
        234 235
        239 241
        240 241
        694 245
        244 245
        117 246
        602 246
        244 246
        251 253
        252 253
        694 257
        256 257
        114 258
        602 258
        256 258
        269 271
        270 271
        275 277
        276 277
        695 281
        280 281
        18 282
        603 282
        280 282
        695 287
        286 287
        77 288
        603 288
        286 288
        293 295
        294 295
        299 301
        300 301
        305 307
        306 307
        311 313
        312 313
        317 319
        318 319
        323 325
        324 325
        341 343
        342 343
        347 349
        348 349
        696 361
        360 361
        104 362
        604 362
        360 362
        696 367
        366 367
        12 368
        604 368
        366 368
        381 383
        382 383
        387 389
        388 389
        697 401
        400 401
        28 402
        605 402
        400 402
        697 407
        406 407
        50 408
        605 408
        406 408
        417 419
        418 419
        423 425
        424 425
        437 439
        438 439
        451 453
        452 453
        457 459
        458 459
        698 467
        466 467
        100 468
        606 468
        466 468
        698 473
        472 473
        82 474
        606 474
        472 474
        507 509
        508 509
        517 519
        518 519
        531 533
        532 533
        549 551
        550 551
        555 557
        556 557
        561 563
        562 563
        245 247
        246 247
        257 259
        258 259
        281 283
        282 283
        287 289
        288 289
        361 363
        362 363
        367 369
        368 369
        401 403
        402 403
        407 409
        408 409
        467 469
        468 469
        473 475
        474 475
        217 139
        229 140
        235 141
        241 142
        247 143
        253 144
        259 145
        265 146
        271 147
        277 148
        283 149
        289 150
        295 151
        301 152
        307 153
        313 154
        319 155
        325 156
        329 157
        333 158
        337 159
        343 160
        349 161
        353 162
        357 163
        363 164
        369 165
        373 166
        377 167
        383 168
        389 169
        393 170
        397 171
        403 172
        409 173
        413 174
        419 175
        425 176
        429 177
        433 178
        439 179
        443 180
        447 181
        453 182
        459 183
        463 184
        469 185
        475 186
        479 187
        483 188
        487 189
        491 190
        495 191
        499 192
        503 193
        509 194
        513 195
        519 196
        523 197
        527 198
        533 199
        537 200
        541 201
        545 202
        551 203
        557 204
        563 205
    ]
]
