circuit_name:int2floatnew_processed
[
    node:
    [
        1 x0 0 PI
        2 x1 0 PI
        3 x2 0 PI
        4 x3 0 PI
        5 x4 0 PI
        6 x5 0 PI
        7 x6 0 PI
        8 x7 0 PI
        9 x8 0 PI
        10 x9 0 PI
        11 x10 0 PI
        12 y0 15 PO_0
        13 y1 16 PO_0
        14 y2 19 PO_0
        15 y3 10 PO_0
        16 y4 14 PO_0
        17 y5 13 PO_0
        18 y6 10 PO_0
        19 n100 13 MAJ_1
        20 n101 4 AND_1
        21 n102 5 AND_1
        22 n103 3 AND_0
        23 n104 4 MAJ_1
        24 n105 6 MAJ_1
        25 n106 4 AND_0
        26 n107 5 MAJ_1
        27 n108 6 MAJ_1
        28 n109 3 AND_0
        29 n110 4 AND_0
        30 n111 4 MAJ_1
        31 n112 5 AND_1
        32 n113 6 OR_0
        33 n114 7 MAJ_1
        34 n115 8 OR_0
        35 n116 7 AND_1
        36 n117 9 AND_1
        37 n118 10 MAJ_1
        38 n119 3 AND_1
        39 n12 3 OR_0
        40 n120 11 AND_1
        41 n121 12 MAJ_1
        42 n122 4 AND_0
        43 n123 3 MAJ_1
        44 n124 5 AND_0
        45 n125 13 OR_0
        46 n126 14 MAJ_1
        47 n127 15 AND_1
        48 n128 3 OR_0
        49 n129 3 MAJ_0
        50 n13 4 AND_0
        51 n130 4 AND_1
        52 n131 4 OR_0
        53 n132 5 MAJ_1
        54 n133 6 MAJ_1
        55 n134 4 MAJ_1
        56 n135 5 AND_1
        57 n136 3 OR_0
        58 n137 6 AND_0
        59 n138 7 MAJ_1
        60 n139 7 AND_0
        61 n14 5 XOR_0
        62 n140 8 OR_0
        63 n141 9 MAJ_1
        64 n142 4 OR_0
        65 n143 3 XOR_0
        66 n144 5 MAJ_1
        67 n145 6 AND_0
        68 n146 10 AND_1
        69 n147 11 MAJ_1
        70 n148 4 MAJ_0
        71 n149 3 AND_0
        72 n15 6 MAJ_1
        73 n150 5 XOR_0
        74 n151 6 MAJ_1
        75 n152 3 AND_0
        76 n153 4 MAJ_1
        77 n154 5 AND_1
        78 n155 4 AND_1
        79 n156 7 MAJ_0
        80 n157 8 MAJ_1
        81 n158 4 MAJ_0
        82 n159 4 AND_0
        83 n16 3 AND_0
        84 n160 5 XOR_0
        85 n161 6 MAJ_1
        86 n162 4 AND_0
        87 n163 4 MAJ_1
        88 n164 5 AND_1
        89 n165 7 MAJ_0
        90 n166 8 MAJ_1
        91 n167 12 OR_0
        92 n168 13 AND_0
        93 n169 14 MAJ_1
        94 n17 4 AND_1
        95 n170 4 XOR_0
        96 n171 4 AND_0
        97 n172 5 AND_1
        98 n173 6 MAJ_0
        99 n174 15 AND_1
        100 n175 7 AND_1
        101 n176 16 MAJ_1
        102 n177 3 AND_0
        103 n178 3 XOR_0
        104 n179 4 MAJ_1
        105 n18 7 MAJ_1
        106 n180 4 AND_0
        107 n181 5 AND_1
        108 n182 6 AND_1
        109 n183 7 MAJ_0
        110 n184 3 AND_1
        111 n185 5 MAJ_0
        112 n186 8 MAJ_1
        113 n187 17 MAJ_1
        114 n188 18 OR_0
        115 n189 3 AND_1
        116 n19 8 MAJ_1
        117 n190 4 AND_0
        118 n191 5 OR_0
        119 n192 4 MAJ_1
        120 n193 6 OR_0
        121 n194 5 AND_1
        122 n195 6 MAJ_0
        123 n196 7 MAJ_1
        124 n197 8 OR_0
        125 n198 3 MAJ_1
        126 n199 9 OR_0
        127 n20 4 OR_0
        128 n200 3 AND_1
        129 n201 4 MAJ_1
        130 n202 5 AND_1
        131 n203 4 OR_0
        132 n204 5 MAJ_1
        133 n205 6 MAJ_1
        134 n206 4 AND_1
        135 n207 3 MAJ_0
        136 n208 5 AND_1
        137 n209 6 OR_0
        138 n21 3 MAJ_0
        139 n210 4 MAJ_1
        140 n211 7 OR_0
        141 n212 5 OR_0
        142 n213 6 AND_0
        143 n214 8 MAJ_1
        144 n215 6 AND_1
        145 n216 9 MAJ_1
        146 n217 3 AND_1
        147 n218 7 MAJ_0
        148 n219 10 MAJ_1
        149 n22 5 AND_1
        150 n220 3 MAJ_1
        151 n221 4 MAJ_0
        152 n222 5 AND_0
        153 n223 6 AND_0
        154 n224 4 MAJ_1
        155 n225 7 AND_1
        156 n226 3 AND_1
        157 n227 4 MAJ_0
        158 n228 5 MAJ_1
        159 n229 8 MAJ_0
        160 n23 4 MAJ_0
        161 n230 9 OR_0
        162 n231 11 OR_0
        163 n232 12 AND_0
        164 n233 13 MAJ_1
        165 n234 3 AND_0
        166 n235 4 AND_0
        167 n236 5 AND_1
        168 n237 3 MAJ_1
        169 n238 6 AND_1
        170 n239 4 AND_1
        171 n24 6 AND_1
        172 n240 5 MAJ_0
        173 n241 7 MAJ_1
        174 n242 5 AND_0
        175 n243 3 MAJ_1
        176 n244 6 AND_0
        177 n245 8 AND_0
        178 n246 9 AND_1
        179 n247 10 MAJ_0
        180 n248 3 XOR_0
        181 n249 4 AND_0
        182 n25 4 AND_1
        183 n250 5 AND_0
        184 n251 6 MAJ_1
        185 n252 7 AND_1
        186 n253 8 OR_0
        187 n254 11 MAJ_1
        188 n255 12 OR_0
        189 n256 5 AND_1
        190 n257 6 MAJ_0
        191 n258 7 MAJ_1
        192 n259 8 OR_0
        193 n26 7 MAJ_1
        194 n260 4 MAJ_1
        195 n261 9 OR_0
        196 n27 4 AND_1
        197 n28 8 XOR_0
        198 n29 9 MAJ_0
        199 n30 9 AND_1
        200 n31 10 AND_1
        201 n32 11 MAJ_1
        202 n33 3 OR_0
        203 n34 3 XOR_0
        204 n35 4 MAJ_0
        205 n36 3 OR_0
        206 n37 3 AND_0
        207 n38 4 MAJ_1
        208 n39 5 MAJ_1
        209 n40 3 OR_0
        210 n41 5 MAJ_0
        211 n42 6 MAJ_1
        212 n43 3 MAJ_0
        213 n44 7 AND_1
        214 n45 4 XOR_0
        215 n46 8 MAJ_0
        216 n47 3 XOR_0
        217 n48 4 MAJ_1
        218 n49 5 AND_1
        219 n50 3 AND_0
        220 n51 4 AND_0
        221 n52 6 OR_0
        222 n53 7 AND_0
        223 n54 8 MAJ_1
        224 n55 4 AND_0
        225 n56 9 XOR_0
        226 n57 10 MAJ_1
        227 n58 12 OR_0
        228 n59 13 AND_0
        229 n60 14 MAJ_1
        230 n61 3 OR_0
        231 n62 3 AND_1
        232 n63 4 MAJ_0
        233 n64 3 MAJ_1
        234 n65 4 MAJ_0
        235 n66 5 AND_1
        236 n67 6 XOR_0
        237 n68 3 AND_1
        238 n69 7 AND_0
        239 n70 8 MAJ_1
        240 n71 5 OR_0
        241 n72 9 AND_0
        242 n73 10 MAJ_1
        243 n74 3 AND_0
        244 n75 4 XOR_0
        245 n76 4 OR_0
        246 n77 5 OR_0
        247 n78 6 MAJ_1
        248 n79 4 OR_0
        249 n80 3 OR_0
        250 n81 5 XOR_0
        251 n82 6 MAJ_0
        252 n83 4 AND_1
        253 n84 3 MAJ_1
        254 n85 5 AND_1
        255 n86 3 AND_1
        256 n87 7 MAJ_1
        257 n88 8 MAJ_1
        258 n89 5 MAJ_1
        259 n90 6 AND_0
        260 n91 9 AND_1
        261 n92 10 MAJ_1
        262 n93 3 AND_1
        263 n94 5 MAJ_1
        264 n95 6 AND_1
        265 n96 11 AND_1
        266 n97 12 MAJ_1
        267 n98 11 AND_1
        268 n99 12 AND_1
        269 v1 4 VIR
        270 v10 1 VIR
        271 v100 2 VIR
        272 v101 2 VIR
        273 v102 2 VIR
        274 v103 2 VIR
        275 v104 2 VIR
        276 v105 2 VIR
        277 v106 2 VIR
        278 v107 2 VIR
        279 v108 2 VIR
        280 v109 2 VIR
        281 v11 1 VIR
        282 v110 2 VIR
        283 v111 2 VIR
        284 v112 2 VIR
        285 v113 2 VIR
        286 v114 2 VIR
        287 v115 2 VIR
        288 v116 2 VIR
        289 v117 3 VIR
        290 v118 3 VIR
        291 v119 3 VIR
        292 v12 1 VIR
        293 v120 3 VIR
        294 v121 3 VIR
        295 v122 3 VIR
        296 v123 3 VIR
        297 v124 3 VIR
        298 v125 3 VIR
        299 v126 3 VIR
        300 v127 3 VIR
        301 v128 3 VIR
        302 v129 3 VIR
        303 v13 1 VIR
        304 v130 3 VIR
        305 v131 3 VIR
        306 v132 3 VIR
        307 v133 3 VIR
        308 v134 3 VIR
        309 v135 3 VIR
        310 v136 3 VIR
        311 v137 3 VIR
        312 v138 3 VIR
        313 v139 3 VIR
        314 v14 1 VIR
        315 v140 3 VIR
        316 v141 3 VIR
        317 v142 3 VIR
        318 v143 3 VIR
        319 v144 3 VIR
        320 v145 3 VIR
        321 v146 3 VIR
        322 v147 3 VIR
        323 v15 1 VIR
        324 v16 1 VIR
        325 v17 1 VIR
        326 v18 1 VIR
        327 v19 1 VIR
        328 v2 4 VIR
        329 v20 1 VIR
        330 v21 1 VIR
        331 v22 1 VIR
        332 v23 1 VIR
        333 v24 1 VIR
        334 v25 1 VIR
        335 v26 1 VIR
        336 v27 1 VIR
        337 v28 1 VIR
        338 v29 1 VIR
        339 v3 5 VIR
        340 v30 1 VIR
        341 v31 1 VIR
        342 v32 1 VIR
        343 v33 1 VIR
        344 v34 1 VIR
        345 v35 1 VIR
        346 v36 2 VIR
        347 v37 2 VIR
        348 v38 2 VIR
        349 v39 2 VIR
        350 v4 1 VIR
        351 v40 2 VIR
        352 v41 2 VIR
        353 v42 2 VIR
        354 v43 2 VIR
        355 v44 2 VIR
        356 v45 2 VIR
        357 v46 2 VIR
        358 v47 2 VIR
        359 v48 2 VIR
        360 v49 2 VIR
        361 v5 1 VIR
        362 v50 2 VIR
        363 v51 2 VIR
        364 v52 2 VIR
        365 v53 2 VIR
        366 v54 2 VIR
        367 v55 2 VIR
        368 v56 2 VIR
        369 v57 2 VIR
        370 v58 2 VIR
        371 v59 2 VIR
        372 v6 1 VIR
        373 v60 2 VIR
        374 v61 2 VIR
        375 v62 2 VIR
        376 v63 2 VIR
        377 v64 2 VIR
        378 v65 2 VIR
        379 v66 2 VIR
        380 v67 2 VIR
        381 v68 2 VIR
        382 v69 2 VIR
        383 v7 1 VIR
        384 v70 2 VIR
        385 v71 2 VIR
        386 v72 2 VIR
        387 v73 2 VIR
        388 v74 2 VIR
        389 v75 2 VIR
        390 v76 2 VIR
        391 v77 2 VIR
        392 v78 2 VIR
        393 v79 2 VIR
        394 v8 1 VIR
        395 v80 2 VIR
        396 v81 2 VIR
        397 v82 2 VIR
        398 v83 2 VIR
        399 v84 2 VIR
        400 v85 2 VIR
        401 v86 2 VIR
        402 v87 2 VIR
        403 v88 2 VIR
        404 v89 2 VIR
        405 v9 1 VIR
        406 v90 2 VIR
        407 v91 2 VIR
        408 v92 2 VIR
        409 v93 2 VIR
        410 v94 2 VIR
        411 v95 2 VIR
        412 v96 2 VIR
        413 v97 2 VIR
        414 v98 2 VIR
        415 v99 2 VIR
    ]
    edge:
    [
        11 270
        11 281
        3 292
        3 303
        3 314
        4 323
        4 324
        4 325
        5 326
        5 327
        5 329
        6 330
        6 331
        6 332
        7 333
        7 334
        7 335
        8 336
        8 337
        8 338
        9 340
        9 341
        9 342
        10 343
        10 344
        10 345
        1 350
        1 361
        2 372
        2 383
        2 394
        11 405
        342 271
        342 272
        342 273
        343 274
        343 275
        343 276
        344 277
        344 278
        344 279
        345 280
        345 282
        345 283
        372 284
        383 285
        394 286
        405 287
        405 288
        270 346
        270 347
        281 348
        281 349
        292 351
        292 352
        292 353
        303 354
        303 355
        303 356
        314 357
        314 358
        314 359
        323 360
        323 362
        323 363
        324 364
        324 365
        324 366
        325 367
        325 368
        325 369
        326 370
        326 371
        326 373
        327 374
        327 375
        327 376
        329 377
        329 378
        329 379
        330 380
        330 381
        330 382
        331 384
        331 385
        331 386
        332 387
        332 388
        332 389
        333 390
        333 391
        333 392
        334 393
        334 395
        334 396
        335 397
        335 398
        335 399
        336 400
        336 401
        336 402
        337 403
        337 404
        337 406
        338 407
        338 408
        338 409
        340 410
        340 411
        340 412
        341 413
        341 414
        341 415
        363 22
        382 22
        352 28
        362 28
        398 38
        288 38
        373 39
        410 39
        399 43
        409 43
        346 43
        360 48
        390 48
        1 49
        360 49
        370 49
        371 57
        390 57
        380 65
        362 65
        353 71
        391 71
        384 75
        392 75
        375 83
        411 83
        386 102
        279 102
        287 103
        415 103
        399 110
        408 110
        358 115
        397 115
        369 125
        283 125
        348 125
        286 128
        395 128
        285 135
        354 135
        393 135
        383 138
        352 138
        381 138
        358 146
        368 146
        366 150
        395 150
        413 150
        386 156
        396 156
        361 165
        285 165
        385 168
        406 168
        413 168
        368 175
        396 175
        271 175
        398 180
        389 180
        365 202
        411 202
        402 203
        376 203
        402 205
        411 205
        394 206
        355 206
        394 209
        356 209
        387 212
        397 212
        278 212
        364 216
        355 216
        415 219
        278 219
        374 230
        275 230
        353 231
        401 231
        350 233
        351 233
        400 233
        412 237
        275 237
        360 243
        370 243
        410 249
        274 249
        374 253
        401 253
        410 253
        285 255
        353 255
        378 262
        414 262
        370 289
        371 290
        373 291
        374 293
        375 294
        377 295
        378 296
        380 297
        381 298
        384 299
        385 300
        387 301
        388 302
        390 304
        391 305
        392 306
        393 307
        395 308
        396 309
        397 310
        398 311
        399 312
        400 313
        401 315
        402 316
        403 317
        404 318
        406 319
        407 320
        408 321
        409 322
        290 20
        391 20
        384 23
        307 23
        22 23
        383 25
        298 25
        305 29
        28 29
        291 30
        305 30
        274 30
        409 42
        237 42
        284 50
        290 50
        48 51
        49 51
        362 52
        289 52
        350 55
        372 55
        289 55
        351 64
        304 64
        284 70
        297 70
        304 70
        363 76
        293 76
        392 76
        363 78
        293 78
        354 81
        306 81
        313 81
        365 82
        315 82
        307 86
        317 86
        377 87
        385 87
        317 87
        393 94
        315 94
        319 95
        309 95
        378 96
        300 96
        346 104
        102 104
        103 104
        299 106
        403 106
        320 117
        115 117
        379 119
        302 119
        271 119
        351 127
        313 127
        361 129
        286 129
        300 129
        295 131
        318 131
        382 134
        306 134
        404 139
        277 139
        75 139
        357 151
        367 151
        308 151
        387 154
        320 154
        279 154
        309 157
        407 157
        156 157
        364 160
        294 160
        315 160
        366 166
        165 166
        308 170
        413 170
        296 181
        28 181
        365 182
        294 182
        322 194
        273 194
        349 194
        377 196
        299 196
        403 204
        202 204
        203 204
        356 207
        205 207
        206 207
        212 214
        388 214
        412 217
        276 217
        216 217
        288 220
        219 220
        322 224
        346 224
        356 232
        230 232
        231 232
        350 234
        372 234
        233 234
        276 244
        316 244
        412 245
        243 245
        304 248
        400 248
        313 252
        275 252
        75 269
        83 328
        274 21
        20 21
        382 26
        305 26
        25 26
        29 31
        30 31
        42 44
        43 44
        371 53
        380 53
        52 53
        243 56
        55 56
        50 61
        361 61
        298 66
        64 66
        65 66
        70 73
        381 73
        75 77
        76 77
        81 84
        307 84
        86 88
        87 88
        407 97
        96 97
        415 107
        106 107
        321 111
        104 111
        110 111
        388 118
        248 118
        302 121
        328 121
        128 130
        129 130
        406 132
        269 132
        131 132
        134 136
        135 136
        318 141
        134 141
        127 149
        138 149
        150 152
        151 152
        280 158
        156 158
        157 158
        318 167
        166 167
        414 172
        106 172
        170 172
        310 174
        106 174
        311 183
        181 183
        359 189
        269 189
        277 208
        206 208
        207 208
        357 210
        204 210
        209 210
        277 218
        217 218
        352 235
        234 235
        286 240
        232 240
        278 246
        245 246
        248 250
        373 250
        252 254
        253 254
        317 258
        83 258
        244 258
        319 263
        244 263
        262 263
        94 339
        21 24
        22 24
        23 24
        21 27
        25 27
        26 27
        405 32
        31 32
        51 54
        52 54
        53 54
        56 58
        57 58
        291 67
        66 67
        375 72
        39 72
        61 72
        70 74
        71 74
        73 74
        81 85
        82 85
        84 85
        321 98
        95 98
        97 98
        270 108
        107 108
        118 120
        119 120
        328 122
        117 122
        121 122
        130 133
        131 133
        132 133
        276 137
        136 137
        367 142
        141 142
        296 144
        339 144
        320 153
        152 153
        167 169
        168 169
        364 171
        149 171
        174 176
        175 176
        312 184
        180 184
        183 184
        359 190
        243 190
        189 190
        208 211
        209 211
        210 211
        287 221
        218 221
        235 236
        233 236
        279 247
        244 247
        246 247
        248 251
        249 251
        250 251
        308 259
        258 259
        310 264
        263 264
        366 33
        287 33
        27 33
        357 35
        24 35
        297 59
        57 59
        58 59
        284 60
        54 60
        376 79
        74 79
        78 79
        386 89
        196 89
        85 89
        272 100
        98 100
        316 105
        72 105
        94 105
        280 109
        107 109
        108 109
        120 123
        121 123
        122 123
        137 140
        139 140
        369 147
        133 147
        146 147
        153 155
        154 155
        169 173
        170 173
        172 173
        205 185
        184 185
        282 191
        189 191
        190 191
        160 193
        171 193
        182 193
        311 213
        211 213
        408 222
        221 222
        376 238
        236 238
        355 256
        251 256
        255 256
        32 34
        33 34
        59 62
        60 62
        77 80
        78 80
        79 80
        196 90
        88 90
        89 90
        109 112
        110 112
        111 112
        83 116
        94 116
        105 116
        282 124
        123 124
        140 143
        141 143
        142 143
        379 159
        155 159
        158 159
        358 177
        173 177
        348 186
        185 186
        273 192
        191 192
        193 197
        414 197
        212 215
        213 215
        214 215
        220 223
        221 223
        222 223
        295 239
        237 239
        238 239
        254 257
        255 257
        256 257
        34 36
        35 36
        354 63
        60 63
        62 63
        124 126
        125 126
        339 145
        143 145
        144 145
        158 161
        159 161
        176 178
        177 178
        192 195
        194 195
        193 198
        196 198
        197 198
        301 199
        116 199
        223 225
        312 225
        239 241
        240 241
        367 260
        257 260
        321 37
        35 37
        36 37
        63 68
        67 68
        145 148
        146 148
        147 148
        379 179
        177 179
        178 179
        198 200
        199 200
        223 226
        224 226
        225 226
        310 242
        240 242
        241 242
        368 261
        259 261
        260 261
        37 40
        38 40
        404 69
        67 69
        68 69
        273 162
        148 162
        283 187
        348 187
        179 187
        280 201
        199 201
        200 201
        301 265
        261 265
        242 267
        247 267
        272 41
        38 41
        40 41
        69 91
        80 91
        161 163
        162 163
        186 188
        187 188
        201 227
        215 227
        389 266
        264 266
        265 266
        389 268
        267 268
        266 19
        267 19
        268 19
        41 45
        44 45
        271 92
        91 92
        349 164
        162 164
        163 164
        347 228
        227 228
        347 46
        19 46
        44 46
        90 93
        91 93
        92 93
        226 229
        227 229
        228 229
        45 47
        46 47
        282 99
        93 99
        272 101
        99 101
        100 101
        281 113
        101 113
        112 113
        112 114
        113 114
        229 12
        47 13
        114 14
        126 15
        164 16
        188 17
        195 18
    ]
]
