circuit_name:lalnew_processed
[
    node:
    [
        1 x0 0 PI
        2 x1 0 PI
        3 x2 0 PI
        4 x3 0 PI
        5 x4 0 PI
        6 x5 0 PI
        7 x6 0 PI
        8 x7 0 PI
        9 x8 0 PI
        10 x9 0 PI
        11 x10 0 PI
        12 x11 0 PI
        13 x12 0 PI
        14 x13 0 PI
        15 x14 0 PI
        16 x15 0 PI
        17 x16 0 PI
        18 x17 0 PI
        19 x18 0 PI
        20 x19 0 PI
        21 x20 0 PI
        22 x21 0 PI
        23 x22 0 PI
        24 x23 0 PI
        25 x24 0 PI
        26 x25 0 PI
        27 y0 2 PO_0
        28 y1 9 PO_1
        29 y2 1 PO_0
        30 y3 9 PO_1
        31 y4 11 PO_0
        32 y5 3 PO_1
        33 y6 3 PO_0
        34 y7 3 PO_1
        35 y8 9 PO_0
        36 y9 5 PO_0
        37 y10 6 PO_1
        38 y11 6 PO_0
        39 y12 6 PO_0
        40 y13 9 PO_0
        41 y14 11 PO_0
        42 y15 12 PO_0
        43 y16 12 PO_0
        44 y17 13 PO_0
        45 y18 12 PO_0
        46 n100 5 OR_0
        47 n101 6 MAJ_0
        48 n102 7 MAJ_1
        49 n103 8 MAJ_0
        50 n104 9 OR_0
        51 n105 2 AND_1
        52 n106 3 AND_1
        53 n107 4 AND_0
        54 n108 10 OR_0
        55 n109 10 MAJ_1
        56 n110 11 OR_0
        57 n111 5 OR_0
        58 n112 6 MAJ_0
        59 n113 7 MAJ_1
        60 n114 8 MAJ_0
        61 n115 9 OR_0
        62 n116 2 OR_0
        63 n117 3 OR_0
        64 n118 4 AND_1
        65 n119 5 AND_0
        66 n120 10 OR_0
        67 n121 10 MAJ_1
        68 n122 11 OR_0
        69 n123 6 OR_0
        70 n124 7 MAJ_0
        71 n125 8 MAJ_1
        72 n126 9 MAJ_0
        73 n127 10 OR_0
        74 n128 2 AND_0
        75 n129 2 OR_0
        76 n130 3 OR_0
        77 n131 4 OR_0
        78 n132 3 MAJ_0
        79 n133 5 AND_1
        80 n134 11 OR_0
        81 n135 11 MAJ_1
        82 n136 12 OR_0
        83 n137 6 OR_0
        84 n138 7 MAJ_0
        85 n139 8 MAJ_1
        86 n140 4 AND_1
        87 n141 3 MAJ_1
        88 n142 5 AND_1
        89 n143 6 AND_1
        90 n144 7 MAJ_0
        91 n145 8 MAJ_1
        92 n146 9 OR_0
        93 n147 9 MAJ_0
        94 n148 10 OR_0
        95 n149 11 OR_0
        96 n27 1 AND_1
        97 n28 2 AND_1
        98 n29 3 MAJ_1
        99 n30 4 MAJ_1
        100 n31 3 AND_1
        101 n32 5 MAJ_1
        102 n33 6 MAJ_1
        103 n34 2 AND_1
        104 n35 2 MAJ_1
        105 n36 3 AND_1
        106 n37 2 AND_1
        107 n38 2 MAJ_1
        108 n39 3 AND_1
        109 n40 7 OR_0
        110 n41 4 AND_1
        111 n42 8 MAJ_0
        112 n43 5 AND_1
        113 n44 2 MAJ_1
        114 n45 6 AND_0
        115 n46 7 OR_0
        116 n47 2 MAJ_0
        117 n48 8 OR_0
        118 n49 1 AND_1
        119 n50 1 OR_0
        120 n51 2 MAJ_1
        121 n52 3 MAJ_1
        122 n53 4 OR_0
        123 n54 1 AND_1
        124 n55 2 AND_0
        125 n56 3 MAJ_1
        126 n57 5 OR_0
        127 n58 4 MAJ_1
        128 n59 6 OR_0
        129 n60 7 OR_0
        130 n61 1 MAJ_1
        131 n62 8 OR_0
        132 n63 7 AND_1
        133 n64 1 MAJ_1
        134 n65 8 AND_0
        135 n66 9 AND_1
        136 n67 10 AND_1
        137 n68 2 OR_0
        138 n69 2 AND_1
        139 n70 2 AND_1
        140 n71 3 AND_1
        141 n72 2 MAJ_1
        142 n73 4 AND_1
        143 n74 3 OR_0
        144 n75 3 MAJ_0
        145 n76 4 OR_0
        146 n77 5 OR_0
        147 n78 2 XOR_0
        148 n79 5 AND_1
        149 n80 2 AND_0
        150 n81 3 XOR_0
        151 n82 5 AND_1
        152 n83 3 AND_0
        153 n84 2 AND_1
        154 n85 3 MAJ_1
        155 n86 4 AND_0
        156 n87 5 OR_0
        157 n88 6 OR_0
        158 n89 7 OR_0
        159 n90 4 MAJ_1
        160 n91 8 OR_0
        161 n92 4 OR_0
        162 n93 5 MAJ_0
        163 n94 6 MAJ_1
        164 n95 7 MAJ_0
        165 n96 8 OR_0
        166 n97 9 OR_0
        167 n98 9 MAJ_1
        168 n99 10 OR_0
        169 v1 1 VIR
        170 v10 1 VIR
        171 v11 1 VIR
        172 v12 1 VIR
        173 v13 1 VIR
        174 v14 1 VIR
        175 v15 1 VIR
        176 v16 1 VIR
        177 v17 1 VIR
        178 v18 1 VIR
        179 v19 1 VIR
        180 v2 1 VIR
        181 v20 1 VIR
        182 v21 1 VIR
        183 v22 1 VIR
        184 v23 1 VIR
        185 v24 1 VIR
        186 v25 1 VIR
        187 v26 1 VIR
        188 v27 1 VIR
        189 v28 1 VIR
        190 v29 1 VIR
        191 v3 1 VIR
        192 v30 1 VIR
        193 v31 1 VIR
        194 v32 1 VIR
        195 v33 1 VIR
        196 v34 1 VIR
        197 v35 1 VIR
        198 v36 1 VIR
        199 v37 1 VIR
        200 v38 1 VIR
        201 v39 1 VIR
        202 v4 1 VIR
        203 v40 2 VIR
        204 v41 2 VIR
        205 v42 2 VIR
        206 v43 2 VIR
        207 v44 2 VIR
        208 v45 2 VIR
        209 v5 1 VIR
        210 v6 1 VIR
        211 v7 1 VIR
        212 v8 1 VIR
        213 v9 1 VIR
    ]
    edge:
    [
        4 96
        21 96
        16 118
        25 118
        15 119
        24 119
        16 123
        25 123
        13 130
        14 130
        23 130
        14 133
        22 133
        23 133
        2 169
        15 170
        17 171
        17 172
        17 173
        18 174
        18 175
        18 176
        20 177
        20 178
        20 179
        2 180
        3 181
        3 182
        3 183
        21 184
        5 185
        5 186
        6 187
        6 188
        6 189
        7 190
        2 191
        7 192
        8 193
        8 194
        8 195
        9 196
        9 197
        9 198
        10 199
        10 200
        10 201
        11 202
        11 209
        11 210
        12 211
        12 212
        12 213
        7 51
        193 51
        193 62
        196 62
        188 74
        190 74
        196 75
        199 75
        185 97
        188 97
        169 103
        177 103
        180 104
        171 104
        174 104
        212 106
        177 106
        212 107
        171 107
        174 107
        198 113
        201 113
        213 113
        191 116
        210 116
        213 116
        15 120
        118 120
        119 120
        170 124
        24 124
        184 137
        26 137
        1 138
        184 138
        19 139
        184 139
        183 141
        173 141
        176 141
        189 147
        186 147
        5 149
        187 149
        187 153
        193 153
        171 203
        177 204
        178 205
        187 206
        199 207
        200 208
        196 52
        51 52
        199 63
        62 63
        202 76
        75 76
        185 78
        194 78
        74 78
        207 87
        202 87
        211 87
        188 98
        192 98
        97 98
        198 100
        208 100
        103 105
        104 105
        106 108
        107 108
        14 121
        23 121
        120 121
        170 125
        123 125
        124 125
        173 140
        204 140
        183 143
        204 143
        182 144
        203 144
        174 144
        149 150
        192 150
        190 152
        149 152
        185 154
        206 154
        190 154
        149 53
        52 53
        206 64
        63 64
        194 77
        76 77
        202 86
        52 86
        195 99
        97 99
        98 99
        105 110
        108 110
        120 122
        121 122
        13 127
        22 127
        125 127
        140 142
        141 142
        143 145
        144 145
        153 155
        154 155
        195 159
        178 159
        152 159
        197 161
        152 161
        207 46
        155 46
        209 57
        53 57
        154 65
        64 65
        77 79
        78 79
        86 88
        87 88
        208 101
        99 101
        100 101
        201 112
        99 112
        122 126
        125 126
        186 146
        145 146
        145 148
        147 148
        145 151
        150 151
        182 156
        155 156
        194 162
        197 162
        161 162
        197 47
        200 47
        46 47
        200 58
        209 58
        57 58
        211 69
        65 69
        169 83
        79 83
        189 89
        88 89
        210 102
        100 102
        101 102
        112 114
        113 114
        126 128
        127 128
        144 157
        156 157
        181 163
        161 163
        162 163
        181 48
        46 48
        47 48
        181 59
        57 59
        58 59
        209 70
        211 70
        69 70
        169 84
        212 84
        83 84
        186 90
        189 90
        89 90
        180 109
        102 109
        191 115
        114 115
        13 129
        128 129
        22 132
        128 132
        178 158
        157 158
        203 164
        175 164
        163 164
        172 49
        175 49
        48 49
        172 60
        175 60
        59 60
        182 71
        69 71
        70 71
        183 85
        83 85
        84 85
        180 91
        89 91
        90 91
        108 111
        109 111
        110 111
        115 117
        116 117
        129 131
        130 131
        132 134
        133 134
        158 160
        159 160
        163 165
        164 165
        48 50
        49 50
        59 61
        60 61
        172 72
        176 72
        71 72
        85 92
        91 92
        173 93
        176 93
        91 93
        21 135
        131 135
        205 166
        165 166
        198 167
        155 167
        165 167
        205 54
        50 54
        201 55
        50 55
        53 55
        179 66
        61 66
        210 67
        61 67
        65 67
        71 73
        72 73
        92 94
        93 94
        134 136
        135 136
        166 168
        167 168
        54 56
        55 56
        66 68
        67 68
        179 80
        73 80
        213 81
        73 81
        79 81
        179 95
        94 95
        80 82
        81 82
        96 27
        111 28
        4 29
        117 30
        136 31
        137 32
        138 33
        139 34
        117 35
        142 36
        146 37
        148 38
        151 39
        160 40
        168 41
        56 42
        68 43
        82 44
        95 45
    ]
]
