circuit_name:lddnew_processed
[
    node:
    [
        1 x0 0 PI
        2 x1 0 PI
        3 x2 0 PI
        4 x3 0 PI
        5 x4 0 PI
        6 x5 0 PI
        7 x6 0 PI
        8 x7 0 PI
        9 x8 0 PI
        10 y0 5 PO_0
        11 y1 9 PO_0
        12 y2 11 PO_1
        13 y3 5 PO_0
        14 y4 6 PO_0
        15 y5 6 PO_0
        16 y6 5 PO_0
        17 y7 6 PO_0
        18 y8 11 PO_0
        19 y9 11 PO_0
        20 y10 11 PO_0
        21 y11 9 PO_0
        22 y12 9 PO_0
        23 y13 11 PO_0
        24 y14 11 PO_0
        25 y15 11 PO_0
        26 y16 6 PO_0
        27 y17 5 PO_0
        28 y18 5 PO_0
        29 n10 3 OR_0
        30 n100 7 OR_0
        31 n101 8 OR_0
        32 n102 3 AND_0
        33 n103 4 MAJ_1
        34 n104 4 MAJ_1
        35 n105 5 XOR_0
        36 n106 7 OR_0
        37 n107 9 MAJ_1
        38 n108 10 OR_0
        39 n109 5 MAJ_1
        40 n11 4 AND_1
        41 n110 3 AND_1
        42 n111 4 AND_1
        43 n112 3 AND_0
        44 n113 4 AND_1
        45 n12 3 AND_1
        46 n13 3 MAJ_0
        47 n14 4 AND_0
        48 n15 3 OR_0
        49 n16 3 MAJ_1
        50 n17 4 OR_0
        51 n18 3 AND_1
        52 n19 5 AND_1
        53 n20 3 OR_0
        54 n21 3 MAJ_1
        55 n22 4 OR_0
        56 n23 5 AND_1
        57 n24 2 OR_0
        58 n25 2 MAJ_1
        59 n26 3 OR_0
        60 n27 4 OR_0
        61 n28 3 MAJ_1
        62 n29 5 AND_1
        63 n30 7 OR_0
        64 n31 7 MAJ_1
        65 n32 8 OR_0
        66 n33 1 OR_0
        67 n34 1 MAJ_1
        68 n35 2 OR_0
        69 n36 3 OR_0
        70 n37 3 MAJ_1
        71 n38 4 AND_1
        72 n39 5 AND_1
        73 n40 3 MAJ_1
        74 n41 4 OR_0
        75 n42 7 OR_0
        76 n43 7 MAJ_1
        77 n44 8 AND_1
        78 n45 3 AND_1
        79 n46 4 AND_1
        80 n47 7 OR_0
        81 n48 9 MAJ_1
        82 n49 10 AND_1
        83 n50 3 AND_0
        84 n51 4 AND_1
        85 n52 3 MAJ_1
        86 n53 5 AND_1
        87 n54 4 AND_0
        88 n55 3 MAJ_0
        89 n56 3 XOR_0
        90 n57 4 AND_0
        91 n58 7 OR_0
        92 n59 8 OR_0
        93 n60 9 OR_0
        94 n61 7 MAJ_1
        95 n62 10 OR_0
        96 n63 4 XOR_0
        97 n64 5 AND_0
        98 n65 7 OR_0
        99 n66 7 MAJ_1
        100 n67 8 OR_0
        101 n68 9 OR_0
        102 n69 7 MAJ_1
        103 n70 10 OR_0
        104 n71 7 OR_0
        105 n72 7 MAJ_1
        106 n73 8 OR_0
        107 n74 7 MAJ_1
        108 n75 8 OR_0
        109 n76 3 MAJ_1
        110 n77 4 AND_0
        111 n78 4 AND_1
        112 n79 7 OR_0
        113 n80 8 OR_0
        114 n81 3 AND_1
        115 n82 4 AND_0
        116 n83 3 OR_0
        117 n84 4 AND_1
        118 n85 5 MAJ_1
        119 n86 9 OR_0
        120 n87 9 MAJ_1
        121 n88 10 OR_0
        122 n89 7 OR_0
        123 n90 8 OR_0
        124 n91 4 AND_1
        125 n92 3 AND_1
        126 n93 4 XOR_0
        127 n94 4 MAJ_1
        128 n95 5 MAJ_1
        129 n96 6 XOR_0
        130 n97 9 OR_0
        131 n98 9 MAJ_1
        132 n99 10 OR_0
        133 v1 5 VIR
        134 v10 6 VIR
        135 v11 6 VIR
        136 v12 6 VIR
        137 v13 6 VIR
        138 v14 5 VIR
        139 v15 4 VIR
        140 v16 1 VIR
        141 v17 1 VIR
        142 v18 1 VIR
        143 v19 1 VIR
        144 v2 6 VIR
        145 v20 1 VIR
        146 v21 1 VIR
        147 v22 1 VIR
        148 v23 1 VIR
        149 v24 1 VIR
        150 v25 1 VIR
        151 v26 1 VIR
        152 v27 1 VIR
        153 v28 1 VIR
        154 v29 1 VIR
        155 v3 6 VIR
        156 v30 1 VIR
        157 v31 2 VIR
        158 v32 2 VIR
        159 v33 2 VIR
        160 v34 2 VIR
        161 v35 2 VIR
        162 v36 2 VIR
        163 v37 2 VIR
        164 v38 2 VIR
        165 v39 2 VIR
        166 v4 6 VIR
        167 v40 2 VIR
        168 v41 2 VIR
        169 v42 2 VIR
        170 v43 2 VIR
        171 v44 2 VIR
        172 v45 2 VIR
        173 v46 2 VIR
        174 v47 2 VIR
        175 v48 2 VIR
        176 v49 2 VIR
        177 v5 6 VIR
        178 v50 2 VIR
        179 v6 6 VIR
        180 v7 6 VIR
        181 v8 6 VIR
        182 v9 6 VIR
    ]
    edge:
    [
        5 66
        7 66
        4 67
        5 67
        6 67
        1 140
        1 141
        1 142
        2 143
        2 145
        2 146
        3 147
        3 148
        3 149
        4 150
        4 151
        5 152
        9 153
        9 154
        9 156
        150 57
        6 57
        147 58
        150 58
        152 58
        66 68
        67 68
        140 157
        140 158
        141 159
        141 160
        142 161
        142 162
        143 163
        143 164
        143 165
        145 167
        145 168
        145 169
        146 170
        146 171
        146 172
        147 173
        147 174
        148 175
        148 176
        149 178
        159 29
        169 29
        159 32
        154 32
        162 41
        171 41
        162 43
        172 43
        164 45
        153 45
        158 46
        165 46
        148 46
        173 48
        152 48
        163 49
        173 49
        150 49
        157 51
        6 51
        163 53
        151 53
        140 54
        163 54
        173 54
        57 59
        58 59
        157 61
        164 61
        7 61
        174 69
        68 69
        157 70
        174 70
        8 70
        158 73
        175 73
        8 73
        165 78
        151 78
        167 83
        153 83
        141 85
        168 85
        176 85
        160 88
        149 88
        154 88
        170 89
        160 89
        158 109
        167 109
        175 109
        161 114
        170 114
        176 116
        153 116
        167 125
        175 125
        156 33
        85 33
        32 33
        161 34
        171 34
        32 34
        149 40
        29 40
        178 42
        41 42
        178 44
        43 44
        45 47
        46 47
        48 50
        49 50
        53 55
        54 55
        164 60
        59 60
        69 71
        70 71
        69 74
        73 74
        54 79
        78 79
        46 84
        83 84
        45 87
        85 87
        88 90
        89 90
        46 96
        142 96
        45 110
        109 110
        83 111
        109 111
        156 115
        114 115
        170 117
        116 117
        178 124
        114 124
        125 126
        159 126
        168 127
        154 127
        125 127
        85 139
        34 35
        33 35
        172 39
        139 39
        89 39
        50 52
        51 52
        152 56
        55 56
        60 62
        61 62
        168 72
        71 72
        83 86
        139 86
        156 97
        96 97
        161 118
        116 118
        117 118
        171 128
        126 128
        127 128
        47 133
        84 138
        128 129
        127 129
        62 134
        72 135
        72 136
        72 137
        52 144
        52 155
        52 166
        56 177
        56 179
        56 180
        62 181
        62 182
        136 30
        79 30
        166 36
        35 36
        155 63
        181 63
        47 64
        155 64
        179 64
        144 75
        135 75
        169 76
        135 76
        74 76
        182 80
        79 80
        177 91
        181 91
        155 94
        136 94
        90 94
        177 98
        84 98
        144 99
        177 99
        181 99
        47 102
        137 102
        97 102
        182 104
        87 104
        179 105
        134 105
        138 105
        133 107
        180 107
        137 107
        135 112
        110 112
        144 122
        110 122
        111 31
        30 31
        63 65
        64 65
        75 77
        76 77
        84 92
        91 92
        98 100
        99 100
        104 106
        105 106
        98 108
        107 108
        111 113
        112 113
        111 123
        122 123
        40 37
        166 37
        31 37
        179 81
        182 81
        77 81
        136 93
        92 93
        137 101
        100 101
        113 119
        118 119
        134 120
        113 120
        115 120
        123 130
        129 130
        180 131
        123 131
        124 131
        36 38
        37 38
        80 82
        81 82
        93 95
        94 95
        101 103
        102 103
        119 121
        120 121
        130 132
        131 132
        40 10
        65 11
        82 12
        79 13
        138 14
        86 15
        87 16
        133 17
        95 18
        103 19
        103 20
        106 21
        108 22
        121 23
        132 24
        38 25
        39 26
        42 27
        44 28
    ]
]
