circuit_name:misex1new_processed
[
    node:
    [
        1 x0 0 PI
        2 x1 0 PI
        3 x2 0 PI
        4 x3 0 PI
        5 x4 0 PI
        6 x5 0 PI
        7 x6 0 PI
        8 x7 0 PI
        9 y0 8 PO_0
        10 y1 8 PO_0
        11 y2 6 PO_1
        12 y3 8 PO_0
        13 y4 8 PO_1
        14 y5 9 PO_0
        15 y6 6 PO_0
        16 n10 3 MAJ_1
        17 n11 4 OR_0
        18 n12 5 XOR_0
        19 n13 3 OR_0
        20 n14 3 MAJ_1
        21 n15 4 AND_1
        22 n16 3 OR_0
        23 n17 3 MAJ_1
        24 n18 4 AND_1
        25 n19 3 AND_0
        26 n20 3 MAJ_0
        27 n21 4 AND_1
        28 n22 5 OR_0
        29 n23 6 MAJ_1
        30 n24 7 OR_0
        31 n25 3 MAJ_1
        32 n26 3 XOR_0
        33 n27 4 OR_0
        34 n28 5 AND_1
        35 n29 3 OR_0
        36 n30 3 MAJ_1
        37 n31 4 AND_1
        38 n32 3 AND_1
        39 n33 3 MAJ_1
        40 n34 4 AND_1
        41 n35 6 OR_0
        42 n36 6 MAJ_1
        43 n37 7 OR_0
        44 n38 3 MAJ_1
        45 n39 4 AND_1
        46 n40 4 MAJ_0
        47 n41 5 XOR_0
        48 n42 3 AND_1
        49 n43 4 AND_1
        50 n44 3 OR_0
        51 n45 4 AND_0
        52 n46 5 OR_0
        53 n47 6 MAJ_1
        54 n48 7 OR_0
        55 n49 3 OR_0
        56 n50 4 OR_0
        57 n51 3 MAJ_1
        58 n52 5 OR_0
        59 n53 3 AND_1
        60 n54 4 AND_1
        61 n55 3 MAJ_0
        62 n56 4 AND_1
        63 n57 3 AND_1
        64 n58 5 MAJ_1
        65 n59 6 MAJ_1
        66 n60 6 AND_1
        67 n61 7 AND_1
        68 n62 3 AND_1
        69 n63 3 MAJ_1
        70 n64 4 AND_0
        71 n65 3 MAJ_1
        72 n66 4 MAJ_1
        73 n67 5 AND_0
        74 n68 6 XOR_0
        75 n69 7 OR_0
        76 n70 5 MAJ_1
        77 n71 8 OR_0
        78 n72 3 MAJ_0
        79 n73 4 XOR_0
        80 n74 5 AND_0
        81 n9 2 MAJ_1
        82 v1 1 VIR
        83 v10 1 VIR
        84 v11 1 VIR
        85 v12 1 VIR
        86 v13 2 VIR
        87 v14 2 VIR
        88 v15 2 VIR
        89 v16 2 VIR
        90 v17 2 VIR
        91 v18 2 VIR
        92 v19 2 VIR
        93 v2 1 VIR
        94 v20 2 VIR
        95 v21 2 VIR
        96 v22 2 VIR
        97 v23 2 VIR
        98 v24 2 VIR
        99 v25 2 VIR
        100 v26 2 VIR
        101 v27 2 VIR
        102 v28 2 VIR
        103 v29 2 VIR
        104 v3 1 VIR
        105 v30 2 VIR
        106 v31 2 VIR
        107 v4 1 VIR
        108 v5 1 VIR
        109 v6 1 VIR
        110 v7 1 VIR
        111 v8 1 VIR
        112 v9 1 VIR
    ]
    edge:
    [
        5 82
        8 83
        8 84
        8 85
        5 93
        5 104
        6 107
        6 108
        6 109
        7 110
        7 111
        7 112
        82 81
        110 81
        83 81
        82 86
        82 87
        83 88
        83 89
        84 90
        84 91
        85 92
        93 94
        104 95
        107 96
        107 97
        108 98
        108 99
        109 100
        109 101
        110 102
        110 103
        111 105
        112 106
        96 16
        88 16
        81 16
        86 19
        111 19
        2 20
        87 20
        97 20
        98 22
        89 22
        4 23
        98 23
        105 23
        97 25
        89 25
        87 26
        108 26
        105 26
        93 31
        98 31
        84 31
        88 32
        102 32
        93 35
        90 35
        3 36
        94 36
        109 36
        99 38
        90 38
        2 39
        99 39
        112 39
        95 44
        101 44
        85 44
        96 48
        102 48
        4 50
        86 50
        97 55
        103 55
        3 57
        104 57
        91 57
        96 59
        103 59
        4 61
        100 61
        112 61
        2 63
        94 63
        100 68
        85 68
        104 69
        101 69
        106 69
        107 71
        102 71
        88 71
        95 78
        106 78
        92 78
        105 17
        16 17
        19 21
        20 21
        22 24
        23 24
        25 27
        26 27
        99 33
        32 33
        35 37
        36 37
        38 40
        39 40
        92 45
        44 45
        106 46
        31 46
        44 46
        90 49
        48 49
        1 51
        50 51
        94 56
        55 56
        91 60
        59 60
        22 62
        61 62
        68 70
        69 70
        86 72
        111 72
        71 72
        78 79
        92 79
        17 18
        81 18
        21 28
        27 28
        31 34
        33 34
        46 47
        45 47
        49 52
        51 52
        56 58
        57 58
        95 64
        60 64
        63 64
        100 73
        72 73
        37 76
        40 76
        70 76
        101 80
        79 80
        18 29
        21 29
        24 29
        34 41
        40 41
        27 42
        34 42
        37 42
        21 53
        51 53
        52 53
        62 65
        63 65
        64 65
        18 66
        58 66
        73 74
        71 74
        28 30
        29 30
        41 43
        42 43
        27 54
        53 54
        65 67
        66 67
        37 75
        74 75
        75 77
        76 77
        30 9
        43 10
        47 11
        54 12
        67 13
        77 14
        80 15
    ]
]
