circuit_name:misex2new_processed
[
    node:
    [
        1 x0 0 PI
        2 x1 0 PI
        3 x2 0 PI
        4 x3 0 PI
        5 x4 0 PI
        6 x5 0 PI
        7 x6 0 PI
        8 x7 0 PI
        9 x8 0 PI
        10 x9 0 PI
        11 x10 0 PI
        12 x11 0 PI
        13 x12 0 PI
        14 x13 0 PI
        15 x14 0 PI
        16 x15 0 PI
        17 x16 0 PI
        18 x17 0 PI
        19 x18 0 PI
        20 x19 0 PI
        21 x20 0 PI
        22 x21 0 PI
        23 x22 0 PI
        24 x23 0 PI
        25 x24 0 PI
        26 y0 5 PO_0
        27 y1 4 PO_0
        28 y2 7 PO_0
        29 y3 8 PO_0
        30 y4 7 PO_0
        31 y5 5 PO_0
        32 y6 7 PO_0
        33 y7 7 PO_0
        34 y8 6 PO_0
        35 y9 8 PO_0
        36 y10 9 PO_0
        37 y11 8 PO_0
        38 y12 7 PO_0
        39 y13 8 PO_0
        40 y14 6 PO_0
        41 y15 9 PO_0
        42 y16 7 PO_0
        43 y17 7 PO_1
        44 n100 4 AND_1
        45 n101 5 AND_1
        46 n102 6 MAJ_0
        47 n103 7 MAJ_1
        48 n104 5 MAJ_1
        49 n105 6 AND_1
        50 n106 5 AND_0
        51 n107 6 AND_0
        52 n108 2 MAJ_1
        53 n109 4 AND_1
        54 n110 6 MAJ_0
        55 n111 7 MAJ_1
        56 n112 2 AND_1
        57 n113 5 AND_1
        58 n114 3 AND_1
        59 n115 2 AND_1
        60 n116 4 AND_0
        61 n117 3 AND_0
        62 n118 3 AND_1
        63 n119 4 MAJ_1
        64 n120 5 MAJ_1
        65 n121 2 AND_1
        66 n122 2 MAJ_1
        67 n123 3 AND_1
        68 n124 2 AND_1
        69 n125 2 AND_0
        70 n126 3 AND_1
        71 n127 4 AND_1
        72 n128 3 MAJ_1
        73 n129 5 AND_0
        74 n130 4 AND_1
        75 n131 5 MAJ_0
        76 n132 6 MAJ_1
        77 n133 7 OR_0
        78 n134 6 MAJ_1
        79 n135 8 OR_0
        80 n136 3 AND_1
        81 n137 4 OR_0
        82 n138 5 MAJ_1
        83 n139 2 AND_1
        84 n140 3 MAJ_1
        85 n141 6 MAJ_1
        86 n142 5 MAJ_1
        87 n143 6 OR_0
        88 n26 2 OR_0
        89 n27 3 AND_1
        90 n28 3 AND_1
        91 n29 3 OR_0
        92 n30 3 AND_1
        93 n31 2 OR_0
        94 n32 5 OR_0
        95 n33 5 MAJ_0
        96 n34 6 AND_1
        97 n35 5 AND_1
        98 n36 2 MAJ_0
        99 n37 6 AND_1
        100 n38 2 AND_0
        101 n39 3 AND_0
        102 n40 2 AND_1
        103 n41 3 AND_0
        104 n42 4 AND_1
        105 n43 5 MAJ_0
        106 n44 7 MAJ_1
        107 n45 3 OR_0
        108 n46 5 OR_0
        109 n47 5 MAJ_1
        110 n48 6 AND_1
        111 n49 2 AND_0
        112 n50 4 AND_0
        113 n51 3 AND_1
        114 n52 2 MAJ_0
        115 n53 4 AND_1
        116 n54 5 AND_0
        117 n55 3 MAJ_1
        118 n56 6 AND_0
        119 n57 2 AND_0
        120 n58 3 AND_1
        121 n59 4 AND_0
        122 n60 3 MAJ_1
        123 n61 5 AND_1
        124 n62 4 MAJ_1
        125 n63 6 MAJ_1
        126 n64 4 AND_0
        127 n65 2 MAJ_1
        128 n66 5 AND_1
        129 n67 1 OR_0
        130 n68 2 MAJ_1
        131 n69 3 OR_0
        132 n70 4 AND_1
        133 n71 3 MAJ_1
        134 n72 5 AND_1
        135 n73 2 AND_1
        136 n74 3 AND_1
        137 n75 1 AND_1
        138 n76 2 AND_1
        139 n77 3 AND_1
        140 n78 1 MAJ_1
        141 n79 4 AND_1
        142 n80 5 AND_1
        143 n81 6 MAJ_0
        144 n82 7 MAJ_1
        145 n83 1 AND_1
        146 n84 2 AND_1
        147 n85 3 AND_1
        148 n86 1 MAJ_1
        149 n87 4 AND_1
        150 n88 5 AND_1
        151 n89 3 MAJ_1
        152 n90 6 AND_0
        153 n91 7 AND_1
        154 n92 8 AND_0
        155 n93 4 AND_0
        156 n94 2 OR_0
        157 n95 3 AND_1
        158 n96 5 AND_1
        159 n97 6 AND_0
        160 n98 3 AND_0
        161 n99 2 MAJ_0
        162 v1 6 VIR
        163 v10 1 VIR
        164 v11 1 VIR
        165 v12 1 VIR
        166 v13 1 VIR
        167 v14 1 VIR
        168 v15 1 VIR
        169 v16 1 VIR
        170 v17 1 VIR
        171 v18 1 VIR
        172 v19 1 VIR
        173 v2 3 VIR
        174 v20 1 VIR
        175 v21 1 VIR
        176 v22 1 VIR
        177 v23 1 VIR
        178 v24 1 VIR
        179 v25 1 VIR
        180 v26 1 VIR
        181 v27 1 VIR
        182 v28 1 VIR
        183 v29 1 VIR
        184 v3 4 VIR
        185 v30 1 VIR
        186 v31 1 VIR
        187 v32 1 VIR
        188 v33 1 VIR
        189 v34 1 VIR
        190 v35 1 VIR
        191 v36 1 VIR
        192 v37 1 VIR
        193 v38 2 VIR
        194 v39 2 VIR
        195 v4 4 VIR
        196 v40 2 VIR
        197 v41 2 VIR
        198 v42 2 VIR
        199 v43 2 VIR
        200 v44 2 VIR
        201 v45 2 VIR
        202 v46 2 VIR
        203 v47 2 VIR
        204 v48 2 VIR
        205 v5 4 VIR
        206 v6 4 VIR
        207 v7 4 VIR
        208 v8 4 VIR
        209 v9 1 VIR
    ]
    edge:
    [
        21 129
        23 129
        12 137
        13 137
        15 140
        16 140
        17 140
        4 145
        5 145
        7 148
        8 148
        9 148
        1 163
        1 164
        2 165
        2 166
        2 167
        11 168
        11 169
        11 170
        12 171
        13 172
        16 174
        18 175
        18 176
        19 177
        19 178
        20 179
        20 180
        20 181
        3 182
        3 183
        3 185
        21 186
        23 187
        25 188
        25 189
        10 190
        10 191
        10 192
        1 209
        15 52
        174 52
        17 52
        176 56
        181 56
        190 59
        188 59
        18 65
        189 65
        191 66
        175 66
        180 66
        24 68
        188 68
        179 69
        24 69
        167 83
        185 83
        209 88
        165 88
        177 93
        180 93
        175 98
        177 98
        180 98
        209 100
        165 100
        190 102
        168 102
        192 111
        170 111
        191 114
        169 114
        171 114
        168 119
        12 119
        192 127
        170 127
        171 127
        179 130
        21 130
        22 130
        186 135
        22 135
        14 138
        137 138
        6 146
        145 146
        179 156
        186 156
        15 161
        174 161
        17 161
        165 193
        166 194
        167 196
        168 197
        169 198
        182 199
        183 200
        185 201
        190 202
        191 203
        192 204
        182 58
        100 58
        202 61
        100 61
        197 62
        188 62
        65 67
        66 67
        25 70
        69 70
        163 72
        193 72
        202 72
        194 80
        169 80
        201 84
        181 84
        83 84
        182 89
        88 89
        209 90
        193 90
        199 91
        88 91
        198 92
        175 92
        183 101
        100 101
        171 103
        102 103
        198 107
        176 107
        197 113
        13 113
        164 117
        196 117
        185 117
        172 120
        119 120
        163 122
        200 122
        203 122
        129 131
        130 131
        164 133
        194 133
        178 133
        23 136
        135 136
        16 139
        138 139
        8 147
        146 147
        163 151
        166 151
        199 151
        22 157
        156 157
        174 160
        138 160
        88 173
        160 44
        161 44
        160 53
        52 53
        58 60
        59 60
        189 63
        61 63
        62 63
        193 71
        70 71
        202 74
        89 74
        200 81
        80 81
        172 104
        103 104
        101 112
        111 112
        113 115
        114 115
        183 121
        120 121
        196 124
        201 124
        173 124
        170 126
        101 126
        194 132
        131 132
        139 141
        140 141
        147 149
        148 149
        19 155
        90 155
        89 184
        89 195
        91 205
        91 206
        91 207
        136 208
        184 45
        136 45
        204 48
        206 48
        92 48
        187 50
        155 50
        207 57
        56 57
        60 64
        62 64
        63 64
        71 73
        72 73
        184 75
        68 75
        74 75
        164 82
        80 82
        81 82
        204 86
        207 86
        93 86
        205 94
        93 94
        203 95
        205 95
        92 95
        177 97
        205 97
        172 105
        101 105
        104 105
        206 108
        107 108
        203 109
        206 109
        93 109
        167 116
        115 116
        121 123
        122 123
        126 128
        127 128
        132 134
        133 134
        184 142
        141 142
        166 150
        149 150
        187 158
        155 158
        208 46
        44 46
        45 46
        94 49
        48 49
        157 51
        50 51
        208 54
        45 54
        53 54
        73 76
        74 76
        75 76
        207 78
        64 78
        67 78
        82 85
        83 85
        84 85
        108 87
        86 87
        94 96
        95 96
        97 99
        98 99
        108 110
        109 110
        116 118
        117 118
        173 125
        123 125
        124 125
        195 143
        136 143
        142 143
        150 152
        151 152
        157 159
        158 159
        45 162
        159 47
        162 47
        46 47
        162 55
        51 55
        54 55
        64 77
        76 77
        99 106
        104 106
        105 106
        134 144
        142 144
        143 144
        178 153
        152 153
        77 79
        78 79
        98 154
        153 154
        195 26
        90 27
        96 28
        106 29
        110 30
        112 31
        118 32
        125 33
        128 34
        144 35
        154 36
        47 37
        49 38
        55 39
        57 40
        79 41
        85 42
        87 43
    ]
]
