circuit_name:pcler8new_processed
[
    node:
    [
        1 x0 0 PI
        2 x1 0 PI
        3 x2 0 PI
        4 x3 0 PI
        5 x4 0 PI
        6 x5 0 PI
        7 x6 0 PI
        8 x7 0 PI
        9 x8 0 PI
        10 x9 0 PI
        11 x10 0 PI
        12 x11 0 PI
        13 x12 0 PI
        14 x13 0 PI
        15 x14 0 PI
        16 x15 0 PI
        17 x16 0 PI
        18 x17 0 PI
        19 x18 0 PI
        20 x19 0 PI
        21 x20 0 PI
        22 x21 0 PI
        23 x22 0 PI
        24 x23 0 PI
        25 x24 0 PI
        26 x25 0 PI
        27 x26 0 PI
        28 y0 9 PO_0
        29 y1 3 PO_0
        30 y2 3 PO_0
        31 y3 4 PO_0
        32 y4 4 PO_0
        33 y5 3 PO_0
        34 y6 3 PO_0
        35 y7 4 PO_0
        36 y8 3 PO_0
        37 y9 13 PO_0
        38 y10 11 PO_0
        39 y11 11 PO_0
        40 y12 11 PO_0
        41 y13 11 PO_0
        42 y14 11 PO_0
        43 y15 11 PO_0
        44 y16 10 PO_0
        45 n100 9 OR_0
        46 n101 9 MAJ_0
        47 n102 10 OR_0
        48 n103 6 AND_1
        49 n104 7 AND_0
        50 n105 6 AND_0
        51 n106 6 MAJ_1
        52 n107 7 AND_0
        53 n108 8 OR_0
        54 n109 8 MAJ_0
        55 n110 9 OR_0
        56 n28 1 AND_0
        57 n29 2 MAJ_1
        58 n30 3 AND_0
        59 n31 4 AND_0
        60 n32 2 MAJ_1
        61 n33 5 AND_0
        62 n34 2 AND_1
        63 n35 3 AND_1
        64 n36 6 AND_0
        65 n37 7 AND_0
        66 n38 2 AND_0
        67 n39 2 AND_0
        68 n40 3 AND_0
        69 n41 3 AND_0
        70 n42 2 AND_0
        71 n43 2 AND_0
        72 n44 3 AND_0
        73 n45 2 AND_0
        74 n46 9 AND_0
        75 n47 6 OR_0
        76 n48 10 MAJ_1
        77 n49 11 MAJ_0
        78 n50 12 OR_0
        79 n51 2 AND_0
        80 n52 6 MAJ_0
        81 n53 7 MAJ_1
        82 n54 2 AND_1
        83 n55 5 AND_0
        84 n56 8 OR_0
        85 n57 9 MAJ_0
        86 n58 10 OR_0
        87 n59 3 AND_0
        88 n60 6 MAJ_0
        89 n61 7 MAJ_1
        90 n62 6 AND_0
        91 n63 6 MAJ_1
        92 n64 7 AND_1
        93 n65 8 OR_0
        94 n66 9 MAJ_0
        95 n67 10 OR_0
        96 n68 4 AND_0
        97 n69 5 MAJ_0
        98 n70 6 MAJ_1
        99 n71 5 AND_1
        100 n72 6 AND_0
        101 n73 7 OR_0
        102 n74 9 MAJ_0
        103 n75 10 OR_0
        104 n76 5 AND_0
        105 n77 6 MAJ_0
        106 n78 7 MAJ_1
        107 n79 5 AND_1
        108 n80 6 AND_0
        109 n81 8 OR_0
        110 n82 9 MAJ_0
        111 n83 10 OR_0
        112 n84 6 AND_0
        113 n85 7 MAJ_0
        114 n86 8 MAJ_1
        115 n87 6 AND_0
        116 n88 5 MAJ_1
        117 n89 7 AND_1
        118 n90 9 OR_0
        119 n91 9 MAJ_0
        120 n92 10 OR_0
        121 n93 2 AND_0
        122 n94 5 AND_0
        123 n95 6 AND_0
        124 n96 7 MAJ_0
        125 n97 8 MAJ_1
        126 n98 6 AND_1
        127 n99 7 AND_0
        128 v1 4 VIR
        129 v10 4 VIR
        130 v11 6 VIR
        131 v12 1 VIR
        132 v13 1 VIR
        133 v14 1 VIR
        134 v15 1 VIR
        135 v16 1 VIR
        136 v17 1 VIR
        137 v18 1 VIR
        138 v19 1 VIR
        139 v2 4 VIR
        140 v20 1 VIR
        141 v21 1 VIR
        142 v22 1 VIR
        143 v23 2 VIR
        144 v24 2 VIR
        145 v25 5 VIR
        146 v26 5 VIR
        147 v27 5 VIR
        148 v28 5 VIR
        149 v29 5 VIR
        150 v3 4 VIR
        151 v4 4 VIR
        152 v5 4 VIR
        153 v6 8 VIR
        154 v7 8 VIR
        155 v8 8 VIR
        156 v9 3 VIR
    ]
    edge:
    [
        7 56
        9 56
        2 131
        11 132
        11 133
        21 134
        21 135
        21 136
        6 137
        6 138
        7 140
        7 141
        10 142
        6 57
        140 57
        8 57
        10 60
        132 60
        12 60
        134 62
        22 62
        13 66
        136 66
        14 67
        134 67
        17 70
        135 70
        18 71
        135 71
        20 73
        136 73
        137 79
        140 79
        137 82
        141 82
        10 121
        132 121
        134 143
        135 144
        56 58
        57 58
        23 63
        62 63
        15 68
        143 68
        16 69
        143 69
        19 72
        144 72
        8 87
        79 87
        79 156
        11 59
        58 59
        9 96
        87 96
        58 128
        87 129
        58 139
        63 150
        63 151
        63 152
        59 61
        60 61
        152 83
        82 83
        151 97
        129 97
        96 97
        9 99
        129 99
        142 104
        128 104
        142 107
        139 107
        142 116
        133 116
        139 116
        128 122
        121 122
        150 145
        150 146
        151 147
        151 148
        152 149
        2 48
        61 48
        131 50
        148 50
        131 51
        5 51
        61 51
        2 64
        61 64
        137 75
        145 75
        140 80
        145 80
        79 80
        145 88
        156 88
        87 88
        8 90
        146 90
        138 91
        141 91
        146 91
        69 98
        96 98
        97 98
        152 100
        99 100
        128 105
        147 105
        104 105
        149 108
        107 108
        132 112
        104 112
        133 115
        147 115
        12 123
        122 123
        12 126
        122 126
        104 130
        149 49
        48 49
        50 52
        51 52
        150 65
        64 65
        67 81
        156 81
        80 81
        68 89
        129 89
        88 89
        90 92
        91 92
        98 101
        100 101
        70 106
        130 106
        105 106
        147 113
        130 113
        112 113
        115 117
        116 117
        148 124
        122 124
        123 124
        149 127
        126 127
        49 53
        52 53
        20 54
        136 54
        52 54
        81 84
        83 84
        89 93
        92 93
        106 109
        108 109
        71 114
        112 114
        113 114
        72 125
        123 125
        124 125
        65 153
        65 154
        65 155
        125 45
        127 45
        4 46
        155 46
        127 46
        53 55
        54 55
        24 74
        153 74
        25 85
        153 85
        83 85
        26 94
        153 94
        92 94
        27 102
        154 102
        100 102
        1 110
        154 110
        108 110
        114 118
        117 118
        3 119
        154 119
        117 119
        45 47
        46 47
        138 76
        74 76
        75 76
        84 86
        85 86
        93 95
        94 95
        101 103
        102 103
        109 111
        110 111
        118 120
        119 120
        13 77
        144 77
        76 77
        76 78
        77 78
        155 28
        66 29
        67 30
        68 31
        69 32
        70 33
        71 34
        72 35
        73 36
        78 37
        86 38
        95 39
        103 40
        111 41
        120 42
        47 43
        55 44
    ]
]
