circuit_name:pm1new_processed
[
    node:
    [
        1 x0 0 PI
        2 x1 0 PI
        3 x2 0 PI
        4 x3 0 PI
        5 x4 0 PI
        6 x5 0 PI
        7 x6 0 PI
        8 x7 0 PI
        9 x8 0 PI
        10 x9 0 PI
        11 x10 0 PI
        12 x11 0 PI
        13 x12 0 PI
        14 x13 0 PI
        15 x14 0 PI
        16 x15 0 PI
        17 y0 5 PO_0
        18 y1 6 PO_0
        19 y2 4 PO_0
        20 y3 7 PO_0
        21 y4 4 PO_1
        22 y5 6 PO_0
        23 y6 6 PO_1
        24 y7 5 PO_1
        25 y8 1 PO_1
        26 y9 1 PO_1
        27 y10 7 PO_0
        28 y11 1 PO_1
        29 y12 7 PO_1
        30 n17 2 XOR_0
        31 n18 3 MAJ_1
        32 n19 4 AND_1
        33 n20 2 AND_0
        34 n21 1 AND_1
        35 n22 2 MAJ_0
        36 n23 3 MAJ_1
        37 n24 4 AND_0
        38 n25 3 MAJ_1
        39 n26 5 AND_1
        40 n27 2 OR_0
        41 n28 3 OR_0
        42 n29 1 AND_0
        43 n30 2 AND_0
        44 n31 3 MAJ_1
        45 n32 4 AND_1
        46 n33 1 AND_1
        47 n34 2 MAJ_1
        48 n35 3 AND_0
        49 n36 4 AND_0
        50 n37 5 MAJ_1
        51 n38 6 AND_0
        52 n39 3 AND_1
        53 n40 3 AND_1
        54 n41 2 MAJ_1
        55 n42 4 AND_0
        56 n43 5 AND_0
        57 n44 2 AND_0
        58 n45 1 MAJ_1
        59 n46 3 AND_0
        60 n47 4 AND_0
        61 n48 3 MAJ_1
        62 n49 5 AND_0
        63 n50 1 AND_0
        64 n51 1 AND_1
        65 n52 2 MAJ_0
        66 n53 3 MAJ_1
        67 n54 3 AND_0
        68 n55 4 AND_0
        69 n56 2 AND_0
        70 n57 4 OR_0
        71 n58 5 MAJ_1
        72 n59 6 MAJ_1
        73 n60 2 AND_0
        74 n61 3 AND_0
        75 n62 4 MAJ_0
        76 n63 5 MAJ_1
        77 n64 6 AND_0
        78 v1 2 VIR
        79 v10 1 VIR
        80 v11 1 VIR
        81 v12 1 VIR
        82 v13 1 VIR
        83 v14 1 VIR
        84 v15 2 VIR
        85 v16 2 VIR
        86 v17 2 VIR
        87 v18 2 VIR
        88 v19 2 VIR
        89 v2 1 VIR
        90 v3 1 VIR
        91 v4 1 VIR
        92 v5 1 VIR
        93 v6 1 VIR
        94 v7 1 VIR
        95 v8 1 VIR
        96 v9 1 VIR
    ]
    edge:
    [
        5 34
        6 34
        6 42
        7 42
        3 46
        13 46
        8 58
        10 58
        11 58
        10 63
        11 63
        8 64
        9 64
        15 79
        15 80
        3 81
        4 82
        6 83
        12 89
        12 90
        12 91
        13 92
        14 93
        14 94
        14 95
        15 96
        79 30
        93 30
        3 33
        89 33
        83 35
        7 35
        34 35
        4 40
        94 40
        89 43
        96 43
        81 47
        4 47
        96 47
        81 54
        90 54
        13 54
        10 57
        90 57
        9 65
        63 65
        64 65
        82 69
        91 69
        7 73
        89 73
        34 78
        79 84
        93 85
        94 86
        95 87
        96 88
        81 31
        92 31
        30 31
        33 36
        34 36
        35 36
        92 38
        94 38
        84 38
        80 41
        40 41
        5 44
        88 44
        42 44
        46 48
        47 48
        93 52
        88 52
        90 53
        85 53
        57 59
        58 59
        9 61
        95 61
        84 61
        80 66
        64 66
        65 66
        91 67
        87 67
        79 74
        73 74
        92 32
        31 32
        85 37
        36 37
        43 45
        44 45
        86 49
        48 49
        53 55
        54 55
        95 60
        59 60
        66 68
        67 68
        5 70
        52 70
        83 75
        78 75
        74 75
        37 39
        38 39
        82 50
        86 50
        45 50
        80 56
        55 56
        60 62
        61 62
        42 71
        52 71
        70 71
        87 76
        78 76
        75 76
        49 51
        50 51
        69 72
        70 72
        71 72
        46 77
        76 77
        32 17
        39 18
        41 19
        51 20
        52 21
        56 22
        62 23
        68 24
        1 25
        16 26
        72 27
        2 28
        77 29
    ]
]
