circuit_name:rd53new_processed
[
    node:
    [
        1 x0 0 PI
        2 x1 0 PI
        3 x2 0 PI
        4 x3 0 PI
        5 x4 0 PI
        6 y0 12 PO_0
        7 y1 12 PO_0
        8 y2 8 PO_0
        9 n10 5 MAJ_1
        10 n11 3 XOR_0
        11 n12 4 AND_1
        12 n13 6 MAJ_1
        13 n14 4 AND_1
        14 n15 3 AND_1
        15 n16 4 AND_1
        16 n17 2 OR_0
        17 n18 3 OR_0
        18 n19 4 MAJ_0
        19 n20 5 MAJ_1
        20 n21 6 AND_1
        21 n22 3 AND_1
        22 n23 5 MAJ_0
        23 n24 7 MAJ_1
        24 n25 4 AND_1
        25 n26 8 OR_0
        26 n27 7 MAJ_0
        27 n28 9 OR_0
        28 n29 3 AND_1
        29 n30 3 AND_0
        30 n31 4 MAJ_1
        31 n32 5 AND_0
        32 n33 5 MAJ_0
        33 n34 6 MAJ_1
        34 n35 4 AND_0
        35 n36 4 MAJ_1
        36 n37 4 MAJ_1
        37 n38 5 AND_1
        38 n39 3 AND_0
        39 n40 5 MAJ_0
        40 n41 6 MAJ_1
        41 n42 5 MAJ_1
        42 n43 5 AND_0
        43 n44 6 XOR_0
        44 n45 7 MAJ_1
        45 n46 5 MAJ_0
        46 n47 8 MAJ_1
        47 n48 9 OR_0
        48 n49 10 MAJ_1
        49 n50 11 OR_0
        50 n51 3 AND_1
        51 n52 3 MAJ_1
        52 n53 4 AND_1
        53 n54 3 AND_0
        54 n55 3 AND_1
        55 n56 4 MAJ_1
        56 n57 5 MAJ_1
        57 n58 4 AND_0
        58 n59 4 MAJ_0
        59 n6 3 AND_0
        60 n60 5 AND_1
        61 n61 2 AND_1
        62 n62 3 MAJ_1
        63 n63 3 MAJ_0
        64 n64 4 AND_1
        65 n65 2 XOR_0
        66 n66 3 MAJ_1
        67 n67 4 AND_1
        68 n68 3 AND_1
        69 n69 3 MAJ_1
        70 n7 4 AND_0
        71 n70 4 AND_0
        72 n71 3 OR_0
        73 n72 4 AND_1
        74 n73 5 OR_0
        75 n74 6 AND_1
        76 n75 7 MAJ_1
        77 n76 8 OR_0
        78 n77 8 MAJ_0
        79 n78 9 OR_0
        80 n79 10 OR_0
        81 n8 2 AND_1
        82 n80 6 MAJ_1
        83 n81 11 OR_0
        84 n82 3 AND_0
        85 n83 3 MAJ_1
        86 n84 4 AND_0
        87 n85 3 MAJ_1
        88 n86 4 AND_0
        89 n87 5 AND_0
        90 n88 3 OR_0
        91 n89 5 AND_1
        92 n9 3 AND_1
        93 n90 6 MAJ_1
        94 n91 5 OR_0
        95 n92 7 OR_0
        96 v1 4 VIR
        97 v10 1 VIR
        98 v11 1 VIR
        99 v12 1 VIR
        100 v13 1 VIR
        101 v14 1 VIR
        102 v15 1 VIR
        103 v16 1 VIR
        104 v17 1 VIR
        105 v18 2 VIR
        106 v19 2 VIR
        107 v2 4 VIR
        108 v20 2 VIR
        109 v21 2 VIR
        110 v22 2 VIR
        111 v23 2 VIR
        112 v24 2 VIR
        113 v25 2 VIR
        114 v26 2 VIR
        115 v27 2 VIR
        116 v28 2 VIR
        117 v29 2 VIR
        118 v3 1 VIR
        119 v30 2 VIR
        120 v31 2 VIR
        121 v32 2 VIR
        122 v33 2 VIR
        123 v34 2 VIR
        124 v35 2 VIR
        125 v36 2 VIR
        126 v37 2 VIR
        127 v38 2 VIR
        128 v39 2 VIR
        129 v4 1 VIR
        130 v40 2 VIR
        131 v41 3 VIR
        132 v42 3 VIR
        133 v43 3 VIR
        134 v44 3 VIR
        135 v5 1 VIR
        136 v6 1 VIR
        137 v7 1 VIR
        138 v8 1 VIR
        139 v9 1 VIR
    ]
    edge:
    [
        3 97
        3 98
        4 99
        4 100
        4 101
        5 102
        5 103
        5 104
        1 118
        1 129
        1 135
        2 136
        2 137
        2 138
        3 139
        139 16
        99 16
        135 61
        101 61
        103 65
        100 65
        139 81
        99 81
        97 105
        98 106
        99 108
        100 109
        102 110
        103 111
        104 112
        118 113
        118 114
        129 115
        129 116
        135 117
        135 119
        136 120
        136 121
        136 122
        137 123
        137 124
        137 125
        138 126
        138 127
        138 128
        139 130
        120 10
        113 10
        130 14
        108 14
        102 17
        16 17
        113 21
        120 21
        111 28
        16 28
        111 29
        81 29
        116 38
        124 38
        124 50
        104 50
        116 51
        125 51
        105 51
        116 53
        109 53
        125 54
        105 54
        130 59
        100 59
        127 62
        112 62
        61 62
        127 63
        106 63
        61 63
        122 66
        97 66
        65 66
        121 68
        111 68
        114 69
        121 69
        109 69
        118 72
        108 72
        128 84
        112 84
        119 85
        128 85
        101 85
        117 87
        127 87
        106 87
        119 90
        128 90
        110 92
        81 92
        120 131
        121 132
        123 133
        126 134
        92 11
        10 11
        115 13
        133 13
        102 15
        14 15
        113 18
        131 18
        17 18
        104 24
        59 24
        123 30
        17 30
        29 30
        110 34
        14 34
        115 35
        133 35
        29 35
        115 36
        124 36
        28 36
        50 52
        51 52
        98 55
        53 55
        54 55
        134 57
        101 57
        117 58
        134 58
        98 58
        62 64
        63 64
        97 67
        66 67
        103 70
        59 70
        68 71
        69 71
        110 73
        72 73
        84 86
        85 86
        84 88
        87 88
        21 96
        21 107
        132 9
        70 9
        92 9
        114 19
        131 19
        15 19
        122 22
        70 22
        21 22
        96 31
        30 31
        125 32
        96 32
        28 32
        35 37
        36 37
        126 39
        34 39
        38 39
        114 41
        132 41
        34 41
        123 42
        24 42
        126 45
        15 45
        107 45
        52 56
        54 56
        55 56
        57 60
        58 60
        92 74
        73 74
        57 89
        87 89
        70 91
        90 91
        86 94
        88 94
        9 12
        10 12
        11 12
        18 20
        19 20
        107 33
        31 33
        32 33
        37 40
        38 40
        39 40
        41 43
        129 43
        122 75
        74 75
        56 82
        60 82
        64 82
        89 93
        90 93
        91 93
        20 23
        96 23
        22 23
        12 26
        13 26
        24 26
        41 44
        42 44
        43 44
        71 76
        74 76
        75 76
        93 95
        94 95
        12 25
        23 25
        107 46
        44 46
        45 46
        67 77
        76 77
        117 78
        28 78
        76 78
        25 27
        26 27
        33 47
        46 47
        77 79
        78 79
        27 48
        33 48
        40 48
        60 80
        79 80
        47 49
        48 49
        80 83
        82 83
        49 6
        83 7
        95 8
    ]
]
