circuit_name:rd73new_processed
[
    node:
    [
        1 x0 0 PI
        2 x1 0 PI
        3 x2 0 PI
        4 x3 0 PI
        5 x4 0 PI
        6 x5 0 PI
        7 x6 0 PI
        8 y0 20 PO_0
        9 y1 16 PO_0
        10 y2 18 PO_0
        11 n10 5 AND_0
        12 n100 4 AND_1
        13 n101 7 AND_0
        14 n102 7 AND_1
        15 n103 8 MAJ_1
        16 n104 6 AND_0
        17 n105 6 AND_1
        18 n106 7 MAJ_1
        19 n107 8 MAJ_0
        20 n108 9 OR_0
        21 n109 7 AND_0
        22 n11 3 AND_0
        23 n110 7 AND_0
        24 n111 8 MAJ_1
        25 n112 10 OR_0
        26 n113 9 MAJ_0
        27 n114 11 OR_0
        28 n115 12 OR_0
        29 n116 12 MAJ_0
        30 n117 13 OR_0
        31 n118 7 AND_1
        32 n119 8 AND_0
        33 n12 4 AND_0
        34 n120 7 OR_0
        35 n121 8 AND_1
        36 n122 9 MAJ_1
        37 n123 3 MAJ_1
        38 n124 8 AND_0
        39 n125 6 OR_0
        40 n126 7 AND_1
        41 n127 9 MAJ_1
        42 n128 4 OR_0
        43 n129 7 MAJ_1
        44 n13 4 AND_1
        45 n130 6 MAJ_1
        46 n131 8 AND_1
        47 n132 10 OR_0
        48 n133 9 MAJ_0
        49 n134 11 OR_0
        50 n135 7 AND_0
        51 n136 7 AND_0
        52 n137 8 MAJ_1
        53 n138 4 AND_1
        54 n139 6 MAJ_1
        55 n14 4 MAJ_1
        56 n140 6 MAJ_1
        57 n141 7 AND_0
        58 n142 6 AND_0
        59 n143 6 AND_1
        60 n144 7 MAJ_1
        61 n145 5 AND_1
        62 n146 6 MAJ_0
        63 n147 8 MAJ_1
        64 n148 9 OR_0
        65 n149 9 MAJ_0
        66 n15 6 AND_0
        67 n150 10 OR_0
        68 n151 11 OR_0
        69 n152 11 MAJ_0
        70 n153 12 OR_0
        71 n154 13 OR_0
        72 n155 14 MAJ_1
        73 n156 15 OR_0
        74 n157 7 MAJ_1
        75 n158 8 AND_0
        76 n159 7 AND_1
        77 n16 4 AND_1
        78 n160 8 MAJ_1
        79 n161 6 AND_1
        80 n162 3 MAJ_1
        81 n163 7 AND_1
        82 n164 7 AND_1
        83 n165 8 OR_0
        84 n166 9 MAJ_1
        85 n167 10 OR_0
        86 n168 10 MAJ_0
        87 n169 11 OR_0
        88 n17 4 MAJ_0
        89 n170 12 OR_0
        90 n171 12 MAJ_1
        91 n172 13 OR_0
        92 n173 16 OR_0
        93 n174 14 MAJ_1
        94 n175 17 OR_0
        95 n176 18 OR_0
        96 n177 15 MAJ_1
        97 n178 19 OR_0
        98 n179 3 AND_0
        99 n18 6 AND_0
        100 n180 3 MAJ_1
        101 n181 4 AND_0
        102 n182 3 AND_0
        103 n183 4 AND_0
        104 n184 3 AND_0
        105 n185 4 AND_0
        106 n186 5 OR_0
        107 n187 6 AND_1
        108 n188 7 MAJ_1
        109 n189 3 AND_0
        110 n19 8 AND_0
        111 n190 4 AND_0
        112 n191 3 XOR_0
        113 n192 5 MAJ_0
        114 n193 6 MAJ_0
        115 n194 4 AND_0
        116 n195 4 MAJ_0
        117 n196 5 AND_0
        118 n197 3 AND_0
        119 n198 4 AND_0
        120 n199 3 AND_0
        121 n20 8 AND_1
        122 n200 4 AND_0
        123 n201 4 AND_0
        124 n202 5 AND_1
        125 n203 6 MAJ_1
        126 n204 7 MAJ_0
        127 n205 5 AND_0
        128 n206 3 AND_0
        129 n207 4 AND_0
        130 n208 6 AND_0
        131 n209 6 AND_1
        132 n21 9 MAJ_1
        133 n210 7 MAJ_1
        134 n211 4 MAJ_1
        135 n212 5 AND_0
        136 n213 7 OR_0
        137 n214 8 AND_1
        138 n215 9 MAJ_1
        139 n216 10 OR_0
        140 n217 8 MAJ_1
        141 n218 11 OR_0
        142 n219 3 MAJ_1
        143 n22 4 OR_0
        144 n220 4 AND_0
        145 n221 3 AND_0
        146 n222 4 MAJ_1
        147 n223 5 AND_0
        148 n224 6 OR_0
        149 n225 6 MAJ_0
        150 n226 7 OR_0
        151 n227 4 AND_0
        152 n228 5 AND_1
        153 n229 6 MAJ_0
        154 n23 5 AND_1
        155 n230 4 AND_0
        156 n231 5 AND_0
        157 n232 6 OR_0
        158 n233 7 AND_1
        159 n234 8 MAJ_1
        160 n235 9 OR_0
        161 n236 9 MAJ_0
        162 n237 10 OR_0
        163 n238 4 AND_0
        164 n239 4 AND_0
        165 n24 8 AND_0
        166 n240 5 AND_0
        167 n241 6 OR_0
        168 n242 7 MAJ_0
        169 n243 8 OR_0
        170 n244 3 AND_0
        171 n245 4 MAJ_1
        172 n246 5 AND_0
        173 n247 7 OR_0
        174 n248 7 MAJ_0
        175 n249 8 OR_0
        176 n25 3 MAJ_1
        177 n250 5 AND_0
        178 n251 5 AND_0
        179 n252 6 MAJ_0
        180 n253 7 OR_0
        181 n254 9 OR_0
        182 n255 9 MAJ_1
        183 n256 10 OR_0
        184 n257 11 OR_0
        185 n258 12 MAJ_1
        186 n259 13 OR_0
        187 n26 9 AND_1
        188 n260 14 OR_0
        189 n261 8 MAJ_1
        190 n262 15 OR_0
        191 n263 6 AND_1
        192 n264 7 AND_0
        193 n265 4 OR_0
        194 n266 5 AND_1
        195 n267 3 AND_1
        196 n268 5 AND_0
        197 n269 6 AND_1
        198 n27 4 MAJ_1
        199 n270 3 MAJ_1
        200 n271 7 AND_1
        201 n272 8 OR_0
        202 n273 8 MAJ_0
        203 n274 9 OR_0
        204 n275 3 AND_0
        205 n276 5 OR_0
        206 n277 4 AND_1
        207 n278 5 AND_1
        208 n279 6 AND_0
        209 n28 6 AND_0
        210 n280 6 AND_0
        211 n281 7 MAJ_1
        212 n282 6 AND_1
        213 n283 7 MAJ_1
        214 n284 8 MAJ_1
        215 n285 3 AND_1
        216 n286 4 AND_1
        217 n287 3 AND_1
        218 n288 4 AND_1
        219 n289 7 AND_1
        220 n29 7 OR_0
        221 n290 8 AND_1
        222 n291 6 OR_0
        223 n292 7 AND_1
        224 n293 9 MAJ_1
        225 n294 7 AND_0
        226 n295 5 AND_1
        227 n296 3 MAJ_1
        228 n297 6 AND_0
        229 n298 8 OR_0
        230 n299 7 MAJ_0
        231 n30 8 AND_1
        232 n300 9 OR_0
        233 n301 6 AND_0
        234 n302 3 MAJ_0
        235 n303 7 AND_1
        236 n304 7 AND_0
        237 n305 6 AND_1
        238 n306 8 MAJ_1
        239 n307 10 OR_0
        240 n308 10 MAJ_1
        241 n309 11 OR_0
        242 n31 10 MAJ_1
        243 n310 3 AND_1
        244 n311 4 AND_1
        245 n312 4 AND_1
        246 n313 3 AND_0
        247 n314 4 AND_0
        248 n315 7 AND_0
        249 n316 7 AND_1
        250 n317 8 MAJ_1
        251 n318 7 AND_0
        252 n319 4 AND_0
        253 n32 3 AND_1
        254 n320 5 AND_0
        255 n321 6 AND_1
        256 n322 7 MAJ_1
        257 n323 6 AND_0
        258 n324 3 MAJ_0
        259 n325 7 AND_1
        260 n326 7 AND_1
        261 n327 5 AND_1
        262 n328 8 MAJ_1
        263 n329 9 OR_0
        264 n33 4 AND_0
        265 n330 8 MAJ_1
        266 n331 10 OR_0
        267 n332 11 OR_0
        268 n333 11 MAJ_0
        269 n334 12 OR_0
        270 n335 7 AND_1
        271 n336 6 AND_0
        272 n337 8 MAJ_1
        273 n338 5 AND_1
        274 n339 3 MAJ_1
        275 n34 6 AND_1
        276 n340 6 AND_0
        277 n341 7 OR_0
        278 n342 8 AND_1
        279 n343 9 MAJ_1
        280 n344 4 AND_0
        281 n345 6 AND_0
        282 n346 7 AND_1
        283 n347 8 MAJ_1
        284 n348 10 OR_0
        285 n349 9 MAJ_0
        286 n35 4 AND_1
        287 n350 11 OR_0
        288 n351 12 OR_0
        289 n352 12 MAJ_0
        290 n353 13 OR_0
        291 n354 4 AND_0
        292 n355 6 AND_1
        293 n356 7 AND_0
        294 n357 7 OR_0
        295 n358 8 AND_0
        296 n359 9 MAJ_1
        297 n36 6 AND_1
        298 n360 4 AND_1
        299 n361 7 AND_1
        300 n362 3 MAJ_1
        301 n363 8 AND_1
        302 n364 3 MAJ_1
        303 n365 7 AND_0
        304 n366 9 OR_0
        305 n367 8 MAJ_0
        306 n368 10 OR_0
        307 n369 5 AND_0
        308 n37 8 AND_0
        309 n370 7 AND_1
        310 n371 6 AND_0
        311 n372 8 MAJ_1
        312 n373 11 OR_0
        313 n374 9 MAJ_0
        314 n375 12 OR_0
        315 n376 14 OR_0
        316 n377 14 MAJ_1
        317 n378 15 OR_0
        318 n379 16 OR_0
        319 n38 7 AND_1
        320 n380 12 MAJ_1
        321 n381 17 OR_0
        322 n39 9 MAJ_1
        323 n40 11 OR_0
        324 n41 11 MAJ_0
        325 n42 12 OR_0
        326 n43 13 OR_0
        327 n44 13 MAJ_0
        328 n45 14 OR_0
        329 n46 6 AND_1
        330 n47 3 AND_1
        331 n48 4 AND_0
        332 n49 3 AND_1
        333 n50 4 AND_0
        334 n51 4 AND_1
        335 n52 7 MAJ_0
        336 n53 6 MAJ_1
        337 n54 8 AND_0
        338 n55 6 AND_0
        339 n56 7 AND_0
        340 n57 7 AND_1
        341 n58 8 MAJ_1
        342 n59 3 OR_0
        343 n60 4 AND_1
        344 n61 6 AND_1
        345 n62 7 AND_0
        346 n63 7 AND_1
        347 n64 8 MAJ_1
        348 n65 7 AND_0
        349 n66 8 MAJ_0
        350 n67 9 MAJ_1
        351 n68 10 OR_0
        352 n69 10 MAJ_0
        353 n70 11 OR_0
        354 n71 12 OR_0
        355 n72 12 MAJ_0
        356 n73 13 OR_0
        357 n74 5 AND_1
        358 n75 4 AND_1
        359 n76 8 AND_0
        360 n77 8 AND_1
        361 n78 9 MAJ_1
        362 n79 6 OR_0
        363 n8 3 AND_0
        364 n80 5 AND_1
        365 n81 5 AND_1
        366 n82 6 AND_0
        367 n83 7 AND_1
        368 n84 8 MAJ_1
        369 n85 9 MAJ_1
        370 n86 10 OR_0
        371 n87 5 AND_1
        372 n88 7 AND_0
        373 n89 8 AND_1
        374 n9 3 MAJ_1
        375 n90 9 MAJ_1
        376 n91 11 OR_0
        377 n92 11 MAJ_0
        378 n93 12 OR_0
        379 n94 13 OR_0
        380 n95 13 MAJ_0
        381 n96 14 OR_0
        382 n97 3 OR_0
        383 n98 4 OR_0
        384 n99 5 AND_1
        385 v1 6 VIR
        386 v10 5 VIR
        387 v100 6 VIR
        388 v101 2 VIR
        389 v102 2 VIR
        390 v103 2 VIR
        391 v104 2 VIR
        392 v105 2 VIR
        393 v106 2 VIR
        394 v107 2 VIR
        395 v108 2 VIR
        396 v109 2 VIR
        397 v11 5 VIR
        398 v110 2 VIR
        399 v111 2 VIR
        400 v112 2 VIR
        401 v113 2 VIR
        402 v114 2 VIR
        403 v115 2 VIR
        404 v116 2 VIR
        405 v117 2 VIR
        406 v118 2 VIR
        407 v119 2 VIR
        408 v12 5 VIR
        409 v120 2 VIR
        410 v121 2 VIR
        411 v122 2 VIR
        412 v123 2 VIR
        413 v124 2 VIR
        414 v125 2 VIR
        415 v126 2 VIR
        416 v127 2 VIR
        417 v128 2 VIR
        418 v129 2 VIR
        419 v13 5 VIR
        420 v130 6 VIR
        421 v131 6 VIR
        422 v132 2 VIR
        423 v133 2 VIR
        424 v134 2 VIR
        425 v135 2 VIR
        426 v136 2 VIR
        427 v137 2 VIR
        428 v138 2 VIR
        429 v139 2 VIR
        430 v14 6 VIR
        431 v140 2 VIR
        432 v141 2 VIR
        433 v142 2 VIR
        434 v143 2 VIR
        435 v144 2 VIR
        436 v145 2 VIR
        437 v146 2 VIR
        438 v147 2 VIR
        439 v148 2 VIR
        440 v149 2 VIR
        441 v15 7 VIR
        442 v150 2 VIR
        443 v151 2 VIR
        444 v152 2 VIR
        445 v153 2 VIR
        446 v154 2 VIR
        447 v155 2 VIR
        448 v156 2 VIR
        449 v157 6 VIR
        450 v158 3 VIR
        451 v159 3 VIR
        452 v16 5 VIR
        453 v160 3 VIR
        454 v161 3 VIR
        455 v162 3 VIR
        456 v163 3 VIR
        457 v164 3 VIR
        458 v165 3 VIR
        459 v166 3 VIR
        460 v167 3 VIR
        461 v168 3 VIR
        462 v17 5 VIR
        463 v18 5 VIR
        464 v19 5 VIR
        465 v2 6 VIR
        466 v20 7 VIR
        467 v21 7 VIR
        468 v22 5 VIR
        469 v23 5 VIR
        470 v24 5 VIR
        471 v25 6 VIR
        472 v26 4 VIR
        473 v27 5 VIR
        474 v28 7 VIR
        475 v29 5 VIR
        476 v3 5 VIR
        477 v30 5 VIR
        478 v31 5 VIR
        479 v32 5 VIR
        480 v33 5 VIR
        481 v34 7 VIR
        482 v35 5 VIR
        483 v36 5 VIR
        484 v37 5 VIR
        485 v38 5 VIR
        486 v39 5 VIR
        487 v4 5 VIR
        488 v40 5 VIR
        489 v41 5 VIR
        490 v42 5 VIR
        491 v43 7 VIR
        492 v44 5 VIR
        493 v45 6 VIR
        494 v46 5 VIR
        495 v47 5 VIR
        496 v48 5 VIR
        497 v49 4 VIR
        498 v5 5 VIR
        499 v50 6 VIR
        500 v51 6 VIR
        501 v52 4 VIR
        502 v53 4 VIR
        503 v54 4 VIR
        504 v55 5 VIR
        505 v56 5 VIR
        506 v57 5 VIR
        507 v58 1 VIR
        508 v59 1 VIR
        509 v6 5 VIR
        510 v60 1 VIR
        511 v61 1 VIR
        512 v62 1 VIR
        513 v63 1 VIR
        514 v64 1 VIR
        515 v65 1 VIR
        516 v66 1 VIR
        517 v67 1 VIR
        518 v68 1 VIR
        519 v69 1 VIR
        520 v7 5 VIR
        521 v70 1 VIR
        522 v71 1 VIR
        523 v72 1 VIR
        524 v73 1 VIR
        525 v74 1 VIR
        526 v75 1 VIR
        527 v76 1 VIR
        528 v77 1 VIR
        529 v78 1 VIR
        530 v79 6 VIR
        531 v8 5 VIR
        532 v80 6 VIR
        533 v81 6 VIR
        534 v82 6 VIR
        535 v83 6 VIR
        536 v84 6 VIR
        537 v85 6 VIR
        538 v86 6 VIR
        539 v87 6 VIR
        540 v88 6 VIR
        541 v89 6 VIR
        542 v9 5 VIR
        543 v90 6 VIR
        544 v91 6 VIR
        545 v92 6 VIR
        546 v93 2 VIR
        547 v94 2 VIR
        548 v95 2 VIR
        549 v96 2 VIR
        550 v97 2 VIR
        551 v98 2 VIR
        552 v99 6 VIR
    ]
    edge:
    [
        1 507
        1 508
        1 510
        2 511
        2 512
        2 513
        3 514
        3 515
        3 516
        4 517
        4 518
        4 519
        5 521
        5 522
        5 523
        6 524
        6 525
        6 526
        7 527
        7 528
        7 529
        510 388
        510 389
        511 390
        511 391
        511 392
        512 393
        512 394
        512 395
        513 396
        513 398
        513 399
        514 400
        514 401
        514 402
        515 403
        515 404
        515 405
        516 406
        516 407
        516 409
        517 410
        517 411
        517 412
        518 413
        518 414
        518 415
        519 416
        519 417
        519 418
        521 422
        521 423
        521 424
        522 425
        522 426
        522 427
        523 428
        523 429
        523 431
        524 432
        524 433
        524 434
        525 435
        525 436
        525 437
        526 438
        526 439
        526 440
        527 442
        527 443
        527 444
        528 445
        528 446
        529 447
        529 448
        507 546
        507 547
        507 548
        508 549
        508 550
        508 551
        423 22
        433 22
        423 37
        433 37
        528 37
        424 80
        434 80
        445 80
        396 98
        447 98
        550 100
        394 100
        425 100
        404 102
        414 102
        412 104
        424 104
        402 109
        423 109
        418 112
        399 112
        413 118
        436 118
        549 120
        435 120
        402 128
        435 128
        396 142
        416 142
        427 142
        393 145
        436 145
        403 170
        445 170
        426 176
        438 176
        447 176
        548 195
        392 195
        409 199
        429 199
        440 199
        549 204
        393 204
        551 215
        395 215
        407 217
        427 217
        407 227
        428 227
        448 227
        409 234
        431 234
        440 234
        406 243
        427 243
        551 246
        405 246
        422 253
        432 253
        405 258
        437 258
        529 258
        402 274
        425 274
        435 274
        550 300
        395 300
        414 300
        405 302
        426 302
        446 302
        547 330
        401 330
        422 332
        432 332
        547 342
        401 342
        390 363
        410 363
        546 374
        390 374
        400 374
        422 382
        432 382
        390 450
        391 451
        392 453
        393 454
        394 455
        395 456
        396 457
        398 458
        399 459
        410 460
        413 461
        443 12
        382 12
        444 33
        22 33
        412 42
        342 42
        450 44
        410 44
        411 53
        330 53
        546 55
        450 55
        400 55
        444 77
        22 77
        546 88
        450 88
        400 88
        98 101
        100 101
        428 103
        102 103
        448 105
        104 105
        445 111
        109 111
        399 115
        102 115
        459 116
        431 116
        448 116
        447 119
        118 119
        446 122
        120 122
        434 123
        109 123
        446 129
        128 129
        455 134
        404 134
        414 134
        391 143
        460 143
        118 144
        142 144
        549 146
        394 146
        461 146
        438 151
        102 151
        436 155
        104 155
        100 163
        145 163
        454 164
        425 164
        550 171
        403 171
        461 171
        548 193
        453 193
        547 198
        451 198
        401 198
        457 206
        407 206
        416 216
        215 216
        439 218
        217 218
        439 244
        243 244
        411 245
        195 245
        415 247
        246 247
        412 252
        204 252
        442 264
        253 264
        403 280
        204 280
        391 286
        460 286
        439 291
        243 291
        406 298
        195 298
        415 331
        330 331
        442 333
        332 333
        442 334
        332 334
        411 343
        342 343
        443 358
        253 358
        443 383
        382 383
        195 472
        363 497
        374 501
        374 502
        374 503
        363 11
        502 11
        451 61
        343 61
        103 106
        105 106
        418 113
        105 113
        112 113
        115 117
        116 117
        122 124
        123 124
        503 127
        98 127
        128 135
        134 135
        145 147
        146 147
        119 152
        151 152
        88 154
        143 154
        502 156
        145 156
        502 166
        164 166
        170 172
        171 172
        98 177
        146 177
        146 178
        164 178
        413 194
        193 194
        417 196
        472 196
        415 205
        193 205
        417 207
        206 207
        428 226
        216 226
        123 254
        252 254
        111 261
        252 261
        424 273
        245 273
        406 307
        472 307
        363 357
        55 357
        501 364
        44 364
        143 365
        198 365
        55 371
        286 371
        88 384
        286 384
        44 386
        53 397
        53 408
        55 419
        77 452
        77 462
        77 463
        88 464
        123 468
        129 469
        143 470
        198 473
        245 475
        12 476
        252 477
        264 478
        264 479
        264 480
        286 482
        331 483
        333 484
        333 485
        333 486
        12 487
        334 488
        334 489
        334 490
        343 492
        358 494
        358 495
        358 496
        12 498
        383 504
        383 505
        383 506
        33 509
        33 520
        33 531
        42 542
        478 16
        364 16
        484 17
        357 17
        357 39
        365 39
        454 45
        452 45
        42 45
        392 54
        504 54
        53 54
        453 56
        476 56
        397 56
        488 58
        371 58
        478 59
        384 59
        343 62
        494 62
        61 62
        386 66
        419 66
        434 79
        365 79
        44 99
        464 99
        389 107
        106 107
        459 114
        111 114
        113 114
        119 125
        122 125
        124 125
        404 130
        509 130
        388 131
        469 131
        144 148
        147 148
        417 149
        468 149
        147 149
        389 153
        151 153
        152 153
        468 157
        155 157
        163 167
        166 167
        510 179
        111 179
        178 179
        457 191
        496 191
        429 197
        196 197
        498 208
        207 208
        386 209
        198 209
        480 210
        205 210
        418 212
        506 212
        490 222
        218 222
        226 228
        227 228
        429 233
        194 233
        498 237
        408 237
        495 255
        245 255
        437 257
        475 257
        331 271
        505 271
        497 275
        473 275
        273 276
        274 276
        495 281
        397 281
        426 292
        194 292
        473 297
        482 297
        485 310
        205 310
        419 329
        470 329
        458 336
        483 336
        486 336
        501 338
        482 338
        497 344
        464 344
        501 362
        470 362
        485 366
        364 366
        11 385
        509 387
        520 420
        520 421
        61 430
        531 449
        11 465
        154 471
        357 493
        365 499
        371 500
        452 530
        462 532
        463 533
        478 534
        479 535
        484 536
        488 537
        489 538
        490 539
        494 540
        495 541
        496 543
        504 544
        505 545
        509 552
        536 13
        499 13
        66 14
        476 14
        484 18
        16 18
        17 18
        534 21
        338 21
        99 23
        504 23
        433 31
        209 31
        385 34
        471 34
        479 40
        39 40
        454 43
        537 43
        42 43
        297 50
        540 50
        275 51
        544 51
        54 57
        56 57
        534 60
        58 60
        59 60
        541 74
        362 74
        500 74
        493 76
        430 76
        79 81
        80 81
        362 82
        371 82
        101 108
        106 108
        107 108
        398 126
        124 126
        125 126
        389 133
        130 133
        131 133
        552 136
        129 136
        148 150
        149 150
        388 158
        157 158
        388 168
        420 168
        166 168
        385 173
        172 173
        456 174
        465 174
        129 174
        178 180
        179 180
        419 192
        191 192
        197 200
        199 200
        480 211
        208 211
        210 211
        506 213
        204 213
        212 213
        457 219
        532 219
        471 220
        209 220
        216 223
        222 223
        473 225
        191 225
        539 230
        207 230
        228 230
        233 235
        234 235
        543 236
        216 236
        421 248
        247 248
        538 249
        397 249
        130 251
        134 251
        541 256
        254 256
        255 256
        257 259
        258 259
        530 260
        542 260
        535 270
        542 270
        488 277
        540 277
        552 282
        280 282
        274 293
        292 293
        532 294
        291 294
        455 299
        544 299
        292 303
        302 303
        545 309
        307 309
        420 319
        297 319
        458 335
        483 335
        539 335
        329 339
        485 339
        385 340
        537 340
        154 345
        537 345
        552 346
        344 346
        456 348
        530 348
        452 367
        499 367
        535 372
        329 372
        66 441
        99 466
        99 467
        209 474
        275 481
        338 491
        66 15
        13 15
        14 15
        154 19
        494 19
        18 19
        466 24
        21 24
        23 24
        176 32
        31 32
        487 35
        34 35
        31 38
        37 38
        43 46
        45 46
        275 52
        50 52
        51 52
        60 63
        61 63
        62 63
        496 75
        74 75
        505 78
        430 78
        76 78
        476 83
        82 83
        531 110
        441 110
        463 121
        466 121
        416 137
        136 137
        126 140
        127 140
        133 140
        156 159
        157 159
        158 159
        438 165
        466 165
        167 169
        168 169
        173 175
        174 175
        108 189
        114 189
        117 189
        192 201
        200 201
        498 202
        192 202
        194 202
        211 214
        212 214
        213 214
        503 221
        219 221
        225 229
        228 229
        520 231
        220 231
        408 238
        236 238
        237 238
        490 250
        248 250
        249 250
        477 262
        260 262
        261 262
        251 265
        256 265
        259 265
        331 272
        270 272
        271 272
        492 278
        277 278
        387 283
        281 283
        282 283
        205 295
        294 295
        299 301
        300 301
        538 305
        298 305
        303 305
        462 308
        481 308
        486 311
        309 311
        310 311
        335 337
        336 337
        465 341
        339 341
        340 341
        387 347
        345 347
        346 347
        462 349
        492 349
        348 349
        486 359
        491 359
        441 360
        543 360
        530 368
        366 368
        367 368
        474 373
        538 373
        18 20
        19 20
        11 26
        540 26
        24 26
        32 36
        34 36
        35 36
        38 41
        39 41
        40 41
        297 48
        489 48
        46 48
        57 64
        63 64
        536 65
        384 65
        63 65
        81 84
        82 84
        83 84
        467 132
        110 132
        121 132
        135 138
        136 138
        137 138
        153 160
        159 160
        398 161
        449 161
        159 161
        175 181
        180 181
        169 182
        175 182
        177 182
        165 187
        176 187
        201 203
        202 203
        221 224
        222 224
        223 224
        229 232
        230 232
        256 263
        262 263
        276 279
        277 279
        278 279
        492 285
        487 285
        283 285
        293 296
        294 296
        295 296
        301 304
        303 304
        469 313
        477 313
        311 313
        421 322
        308 322
        319 322
        347 350
        348 350
        349 350
        441 361
        359 361
        360 361
        420 369
        362 369
        368 369
        474 375
        372 375
        373 375
        20 25
        24 25
        41 47
        46 47
        64 67
        65 67
        78 85
        84 85
        344 86
        487 86
        84 86
        127 139
        138 139
        160 162
        161 162
        181 183
        182 183
        232 239
        238 239
        224 240
        232 240
        235 240
        187 242
        220 242
        231 242
        263 266
        265 266
        279 284
        283 284
        304 306
        305 306
        341 351
        350 351
        463 352
        338 352
        350 352
        368 370
        369 370
        25 27
        26 27
        47 49
        48 49
        52 68
        67 68
        489 69
        344 69
        67 69
        85 87
        86 87
        139 141
        140 141
        150 184
        183 184
        239 241
        240 241
        250 267
        266 267
        244 268
        475 268
        266 268
        284 287
        285 287
        306 312
        311 312
        242 323
        322 323
        467 324
        242 324
        480 324
        351 353
        352 353
        370 376
        375 376
        531 377
        370 377
        500 377
        15 28
        27 28
        479 29
        481 29
        27 29
        68 70
        69 70
        75 89
        87 89
        491 90
        545 90
        87 90
        141 185
        150 185
        162 185
        267 269
        268 269
        272 288
        287 288
        449 289
        477 289
        287 289
        312 314
        313 314
        203 320
        214 320
        241 320
        323 325
        324 325
        337 354
        353 354
        533 355
        329 355
        353 355
        376 378
        377 378
        28 30
        29 30
        36 71
        70 71
        89 91
        90 91
        184 186
        185 186
        288 290
        289 290
        132 326
        325 326
        465 327
        449 327
        325 327
        354 356
        355 356
        361 379
        378 379
        533 380
        493 380
        378 380
        30 72
        36 72
        49 72
        506 93
        384 93
        91 93
        114 188
        186 188
        290 315
        314 315
        269 316
        290 316
        296 316
        326 328
        327 328
        379 381
        380 381
        71 73
        72 73
        328 96
        356 96
        381 96
        188 190
        189 190
        315 317
        316 317
        73 92
        91 92
        214 318
        317 318
        92 94
        93 94
        318 321
        320 321
        356 95
        94 95
        95 97
        96 97
        97 8
        190 9
        321 10
    ]
]
