circuit_name:routernew_processed
[
    node:
    [
        1 x0 0 PI
        2 x1 0 PI
        3 x2 0 PI
        4 x3 0 PI
        5 x4 0 PI
        6 x5 0 PI
        7 x6 0 PI
        8 x7 0 PI
        9 x8 0 PI
        10 x9 0 PI
        11 x10 0 PI
        12 x11 0 PI
        13 x12 0 PI
        14 x13 0 PI
        15 x14 0 PI
        16 x15 0 PI
        17 x16 0 PI
        18 x17 0 PI
        19 x18 0 PI
        20 x19 0 PI
        21 x20 0 PI
        22 x21 0 PI
        23 x22 0 PI
        24 x23 0 PI
        25 x24 0 PI
        26 x25 0 PI
        27 x26 0 PI
        28 x27 0 PI
        29 x28 0 PI
        30 x29 0 PI
        31 x30 0 PI
        32 x31 0 PI
        33 x32 0 PI
        34 x33 0 PI
        35 x34 0 PI
        36 x35 0 PI
        37 x36 0 PI
        38 x37 0 PI
        39 x38 0 PI
        40 x39 0 PI
        41 x40 0 PI
        42 x41 0 PI
        43 x42 0 PI
        44 x43 0 PI
        45 x44 0 PI
        46 x45 0 PI
        47 x46 0 PI
        48 x47 0 PI
        49 x48 0 PI
        50 x49 0 PI
        51 x50 0 PI
        52 x51 0 PI
        53 x52 0 PI
        54 x53 0 PI
        55 x54 0 PI
        56 x55 0 PI
        57 x56 0 PI
        58 x57 0 PI
        59 x58 0 PI
        60 x59 0 PI
        61 y0 41 PO_1
        62 y1 43 PO_1
        63 y2 42 PO_0
        64 n100 24 MAJ_0
        65 n101 25 AND_1
        66 n102 9 MAJ_1
        67 n103 10 XOR_0
        68 n104 26 AND_0
        69 n105 6 MAJ_1
        70 n106 7 XOR_0
        71 n107 27 AND_0
        72 n108 6 XOR_0
        73 n109 28 MAJ_1
        74 n110 29 AND_0
        75 n111 5 XOR_0
        76 n112 30 AND_1
        77 n113 3 AND_0
        78 n114 4 XOR_0
        79 n115 31 AND_1
        80 n116 2 MAJ_0
        81 n117 3 XOR_0
        82 n118 32 AND_0
        83 n119 33 AND_0
        84 n120 1 MAJ_1
        85 n121 34 AND_0
        86 n122 35 AND_0
        87 n123 1 MAJ_1
        88 n124 36 AND_0
        89 n125 37 AND_0
        90 n126 1 AND_0
        91 n127 38 AND_0
        92 n128 2 AND_1
        93 n129 17 MAJ_0
        94 n130 39 MAJ_1
        95 n131 10 OR_0
        96 n132 6 MAJ_0
        97 n133 7 OR_0
        98 n134 1 OR_0
        99 n135 1 MAJ_1
        100 n136 2 OR_0
        101 n137 3 OR_0
        102 n138 1 MAJ_1
        103 n139 4 OR_0
        104 n140 2 XOR_0
        105 n141 5 MAJ_1
        106 n142 6 AND_1
        107 n143 3 MAJ_1
        108 n144 4 XOR_0
        109 n145 7 AND_0
        110 n146 8 MAJ_1
        111 n147 9 AND_0
        112 n148 7 MAJ_1
        113 n149 8 XOR_0
        114 n150 10 AND_0
        115 n151 8 MAJ_1
        116 n152 9 XOR_0
        117 n153 11 AND_0
        118 n154 11 MAJ_1
        119 n155 12 XOR_0
        120 n156 13 AND_1
        121 n157 12 AND_0
        122 n158 13 XOR_0
        123 n159 14 AND_0
        124 n160 13 XOR_0
        125 n161 15 AND_0
        126 n162 13 MAJ_1
        127 n163 14 XOR_0
        128 n164 16 AND_1
        129 n165 15 AND_0
        130 n166 16 XOR_0
        131 n167 17 AND_1
        132 n168 15 XOR_0
        133 n169 18 AND_0
        134 n170 16 MAJ_1
        135 n171 17 XOR_0
        136 n172 19 AND_1
        137 n173 20 AND_0
        138 n174 21 AND_1
        139 n175 17 MAJ_1
        140 n176 22 AND_0
        141 n177 40 AND_1
        142 n178 1 OR_0
        143 n179 2 AND_1
        144 n180 3 MAJ_1
        145 n181 4 MAJ_0
        146 n182 5 AND_0
        147 n183 6 AND_0
        148 n184 7 AND_1
        149 n185 8 MAJ_0
        150 n186 9 MAJ_0
        151 n187 10 AND_0
        152 n188 1 OR_0
        153 n189 11 MAJ_0
        154 n190 12 OR_0
        155 n191 13 AND_0
        156 n192 1 AND_1
        157 n193 14 MAJ_0
        158 n194 15 MAJ_1
        159 n195 16 AND_0
        160 n196 1 AND_0
        161 n197 17 AND_0
        162 n198 2 AND_0
        163 n199 5 MAJ_0
        164 n200 6 AND_0
        165 n201 11 MAJ_0
        166 n202 12 OR_0
        167 n203 2 AND_0
        168 n204 14 AND_0
        169 n205 17 XOR_0
        170 n206 18 AND_1
        171 n207 2 MAJ_0
        172 n208 19 AND_0
        173 n209 15 MAJ_1
        174 n210 16 XOR_0
        175 n211 20 AND_0
        176 n212 15 XOR_0
        177 n213 21 MAJ_1
        178 n214 22 AND_0
        179 n215 13 MAJ_1
        180 n216 14 XOR_0
        181 n217 23 AND_0
        182 n218 12 XOR_0
        183 n219 24 MAJ_0
        184 n220 25 AND_1
        185 n221 9 MAJ_1
        186 n222 10 XOR_0
        187 n223 26 AND_0
        188 n224 7 MAJ_1
        189 n225 8 XOR_0
        190 n226 27 AND_0
        191 n227 7 XOR_0
        192 n228 28 AND_0
        193 n229 5 MAJ_1
        194 n230 6 XOR_0
        195 n231 29 AND_0
        196 n232 3 AND_0
        197 n233 4 XOR_0
        198 n234 30 AND_1
        199 n235 2 MAJ_0
        200 n236 3 XOR_0
        201 n237 31 AND_0
        202 n238 32 AND_0
        203 n239 1 MAJ_1
        204 n240 33 AND_0
        205 n241 34 AND_0
        206 n242 1 MAJ_1
        207 n243 35 AND_0
        208 n244 36 AND_0
        209 n245 10 OR_0
        210 n246 6 MAJ_0
        211 n247 7 OR_0
        212 n248 1 OR_0
        213 n249 1 MAJ_1
        214 n250 2 OR_0
        215 n251 3 OR_0
        216 n252 1 MAJ_1
        217 n253 4 OR_0
        218 n254 2 XOR_0
        219 n255 5 MAJ_1
        220 n256 6 AND_1
        221 n257 3 MAJ_1
        222 n258 4 XOR_0
        223 n259 7 AND_0
        224 n260 4 XOR_0
        225 n261 8 MAJ_1
        226 n262 9 AND_0
        227 n263 7 MAJ_1
        228 n264 8 XOR_0
        229 n265 10 AND_0
        230 n266 8 MAJ_1
        231 n267 9 XOR_0
        232 n268 11 AND_0
        233 n269 11 MAJ_1
        234 n270 12 XOR_0
        235 n271 13 AND_1
        236 n272 12 AND_0
        237 n273 13 XOR_0
        238 n274 14 AND_0
        239 n275 13 XOR_0
        240 n276 15 AND_0
        241 n277 13 MAJ_1
        242 n278 14 XOR_0
        243 n279 16 AND_1
        244 n280 15 AND_0
        245 n281 16 XOR_0
        246 n282 17 AND_1
        247 n283 15 XOR_0
        248 n284 18 AND_0
        249 n285 16 MAJ_1
        250 n286 17 XOR_0
        251 n287 19 AND_1
        252 n288 20 AND_0
        253 n289 21 AND_1
        254 n290 37 MAJ_0
        255 n291 38 OR_0
        256 n292 1 OR_0
        257 n293 18 AND_1
        258 n294 39 MAJ_1
        259 n295 40 AND_0
        260 n296 19 AND_1
        261 n297 41 OR_0
        262 n298 42 MAJ_1
        263 n299 2 AND_1
        264 n300 19 MAJ_0
        265 n301 22 MAJ_1
        266 n302 41 AND_0
        267 n61 1 OR_0
        268 n62 2 AND_1
        269 n63 3 MAJ_1
        270 n64 4 MAJ_0
        271 n65 5 AND_0
        272 n66 6 AND_0
        273 n67 7 AND_1
        274 n68 8 MAJ_0
        275 n69 9 MAJ_0
        276 n70 10 AND_0
        277 n71 1 OR_0
        278 n72 11 MAJ_0
        279 n73 12 OR_0
        280 n74 13 AND_0
        281 n75 1 AND_1
        282 n76 14 MAJ_0
        283 n77 15 MAJ_1
        284 n78 16 AND_0
        285 n79 5 OR_0
        286 n80 2 AND_0
        287 n81 4 MAJ_0
        288 n82 5 AND_0
        289 n83 11 MAJ_0
        290 n84 12 OR_0
        291 n85 2 AND_0
        292 n86 14 AND_0
        293 n87 17 XOR_0
        294 n88 18 MAJ_0
        295 n89 19 AND_1
        296 n90 15 MAJ_1
        297 n91 16 XOR_0
        298 n92 20 AND_0
        299 n93 15 XOR_0
        300 n94 21 MAJ_1
        301 n95 22 AND_0
        302 n96 13 MAJ_1
        303 n97 14 XOR_0
        304 n98 23 AND_0
        305 n99 12 XOR_0
        306 v1 2 VIR
        307 v10 6 VIR
        308 v11 9 VIR
        309 v12 11 VIR
        310 v13 14 VIR
        311 v14 1 VIR
        312 v15 1 VIR
        313 v16 1 VIR
        314 v17 1 VIR
        315 v18 1 VIR
        316 v19 1 VIR
        317 v2 4 VIR
        318 v20 1 VIR
        319 v21 1 VIR
        320 v22 1 VIR
        321 v23 1 VIR
        322 v24 1 VIR
        323 v25 1 VIR
        324 v26 1 VIR
        325 v27 1 VIR
        326 v28 1 VIR
        327 v29 1 VIR
        328 v3 6 VIR
        329 v30 1 VIR
        330 v31 1 VIR
        331 v32 1 VIR
        332 v33 1 VIR
        333 v34 1 VIR
        334 v35 1 VIR
        335 v36 1 VIR
        336 v37 1 VIR
        337 v38 1 VIR
        338 v39 1 VIR
        339 v4 9 VIR
        340 v40 1 VIR
        341 v41 1 VIR
        342 v42 1 VIR
        343 v43 1 VIR
        344 v44 1 VIR
        345 v45 1 VIR
        346 v46 1 VIR
        347 v47 1 VIR
        348 v48 1 VIR
        349 v49 1 VIR
        350 v5 11 VIR
        351 v50 1 VIR
        352 v51 1 VIR
        353 v52 1 VIR
        354 v53 1 VIR
        355 v54 1 VIR
        356 v55 1 VIR
        357 v56 1 VIR
        358 v57 1 VIR
        359 v6 14 VIR
        360 v7 18 VIR
        361 v8 2 VIR
        362 v9 4 VIR
    ]
    edge:
    [
        7 84
        8 84
        9 84
        4 87
        5 87
        6 87
        1 90
        2 90
        3 98
        5 98
        2 99
        3 99
        4 99
        6 102
        7 102
        8 102
        40 142
        41 142
        52 152
        53 152
        55 156
        56 156
        59 160
        60 160
        37 203
        38 203
        39 203
        34 206
        35 206
        36 206
        33 212
        35 212
        32 213
        33 213
        34 213
        36 216
        37 216
        38 216
        1 256
        31 256
        10 267
        11 267
        22 277
        23 277
        25 281
        26 281
        1 311
        12 312
        12 313
        14 314
        15 315
        15 316
        16 318
        16 319
        17 320
        18 321
        19 322
        20 323
        21 324
        22 325
        22 326
        23 327
        25 329
        26 330
        26 331
        29 332
        30 333
        31 334
        40 335
        40 336
        42 337
        42 338
        44 340
        45 341
        45 342
        46 343
        46 344
        47 345
        48 346
        49 347
        50 348
        51 349
        52 351
        52 352
        53 353
        55 354
        56 355
        56 356
        10 357
        10 358
        358 80
        11 80
        313 80
        332 92
        30 92
        98 100
        99 100
        11 104
        357 104
        42 143
        142 143
        341 162
        343 162
        55 167
        355 167
        31 171
        335 171
        60 171
        336 199
        41 199
        338 199
        212 214
        213 214
        41 218
        335 218
        311 263
        334 263
        12 268
        267 268
        315 286
        318 286
        25 291
        330 291
        142 306
        267 361
        312 77
        361 77
        80 81
        313 81
        7 101
        100 101
        312 107
        13 107
        361 107
        43 144
        142 144
        143 144
        337 196
        306 196
        199 200
        338 200
        37 215
        214 215
        337 221
        43 221
        306 221
        13 269
        267 269
        268 269
        77 78
        13 78
        101 103
        102 103
        107 108
        312 108
        44 145
        45 145
        144 145
        196 197
        43 197
        215 217
        216 217
        221 222
        337 222
        144 224
        44 224
        14 270
        15 270
        269 270
        14 287
        318 287
        269 287
        144 317
        269 362
        362 75
        314 75
        9 105
        103 105
        104 105
        341 146
        145 146
        340 163
        343 163
        317 163
        340 193
        342 193
        317 193
        39 219
        217 219
        218 219
        315 271
        270 271
        314 285
        362 285
        286 288
        287 288
        17 69
        18 69
        288 69
        285 72
        315 72
        318 96
        320 96
        271 96
        9 106
        105 106
        46 147
        146 147
        162 164
        163 164
        193 194
        340 194
        343 210
        47 210
        146 210
        39 220
        219 220
        16 272
        271 272
        271 307
        146 328
        69 70
        288 70
        320 97
        96 97
        106 109
        108 109
        319 112
        320 112
        307 112
        47 148
        147 148
        345 188
        346 188
        164 188
        328 191
        344 191
        345 211
        210 211
        220 223
        222 223
        344 227
        345 227
        328 227
        17 273
        272 273
        316 110
        75 110
        109 110
        112 113
        307 113
        321 115
        322 115
        97 115
        48 149
        147 149
        148 149
        188 189
        164 189
        341 225
        223 225
        224 225
        227 228
        328 228
        48 230
        347 230
        211 230
        18 274
        272 274
        273 274
        19 66
        323 66
        274 66
        316 111
        110 111
        115 116
        321 116
        49 150
        50 150
        149 150
        49 185
        348 185
        149 185
        342 226
        225 226
        230 231
        346 231
        19 275
        20 275
        274 275
        274 308
        149 339
        66 67
        308 67
        322 95
        308 95
        111 114
        113 114
        50 151
        150 151
        185 186
        339 186
        347 209
        339 209
        226 229
        228 229
        20 276
        275 276
        114 117
        116 117
        323 118
        324 118
        95 118
        51 153
        53 153
        151 153
        51 165
        351 165
        151 165
        229 232
        231 232
        348 233
        349 233
        209 233
        21 278
        23 278
        276 278
        21 289
        325 289
        276 289
        276 309
        151 350
        118 119
        95 119
        324 121
        309 121
        152 154
        153 154
        351 166
        165 166
        350 182
        349 182
        233 234
        209 234
        349 236
        350 236
        277 279
        278 279
        325 290
        289 290
        309 305
        324 305
        117 120
        119 120
        121 122
        326 122
        290 124
        327 124
        24 126
        329 126
        279 126
        54 155
        154 155
        353 179
        54 179
        166 179
        232 235
        234 235
        236 237
        352 237
        166 239
        353 239
        54 241
        354 241
        154 241
        24 280
        279 280
        327 302
        24 302
        290 302
        120 123
        122 123
        126 127
        279 127
        355 157
        155 157
        156 157
        155 168
        167 168
        179 180
        353 180
        235 238
        237 238
        241 242
        154 242
        330 282
        280 282
        281 282
        280 292
        291 292
        302 303
        327 303
        280 310
        155 359
        123 125
        124 125
        329 129
        310 129
        292 132
        27 132
        57 158
        156 158
        157 158
        57 173
        58 173
        168 173
        359 176
        354 176
        238 240
        239 240
        354 244
        359 244
        168 247
        57 247
        27 283
        281 283
        282 283
        27 296
        28 296
        292 296
        310 299
        329 299
        125 128
        127 128
        129 130
        331 130
        28 134
        29 134
        283 134
        58 159
        158 159
        173 174
        168 174
        240 243
        242 243
        244 245
        356 245
        58 249
        59 249
        158 249
        28 284
        283 284
        296 297
        292 297
        333 93
        284 93
        92 93
        128 131
        130 131
        134 135
        283 135
        332 139
        333 139
        284 139
        159 161
        160 161
        159 169
        59 169
        243 246
        245 246
        249 250
        158 250
        284 293
        29 293
        131 133
        132 133
        335 170
        169 170
        246 248
        247 248
        161 257
        256 257
        357 294
        30 294
        293 294
        161 360
        133 136
        135 136
        170 172
        171 172
        248 251
        250 251
        311 260
        360 260
        334 264
        360 264
        263 264
        357 295
        294 295
        358 137
        136 137
        172 175
        174 175
        336 252
        251 252
        295 298
        297 298
        333 138
        137 138
        355 177
        175 177
        176 177
        161 253
        252 253
        330 300
        298 300
        299 300
        138 140
        139 140
        356 178
        177 178
        253 265
        263 265
        264 265
        331 301
        300 301
        178 181
        180 181
        301 304
        303 304
        325 64
        304 64
        305 64
        351 183
        181 183
        182 183
        326 65
        64 65
        352 184
        183 184
        65 68
        67 68
        184 187
        186 187
        68 71
        70 71
        187 190
        189 190
        319 73
        71 73
        72 73
        190 192
        191 192
        319 74
        73 74
        192 195
        194 195
        74 76
        75 76
        195 198
        197 198
        76 79
        78 79
        198 201
        200 201
        79 82
        81 82
        38 202
        201 202
        8 83
        82 83
        202 204
        203 204
        83 85
        84 85
        35 205
        204 205
        5 86
        85 86
        205 207
        206 207
        86 88
        87 88
        33 208
        207 208
        3 89
        88 89
        32 254
        208 254
        253 254
        89 91
        90 91
        253 255
        254 255
        91 94
        92 94
        93 94
        255 258
        256 258
        257 258
        94 141
        140 141
        94 259
        258 259
        259 261
        260 261
        141 266
        265 266
        140 262
        260 262
        261 262
        141 61
        262 62
        266 63
    ]
]
