circuit_name:sao2new_processed
[
    node:
    [
        1 x0 0 PI
        2 x1 0 PI
        3 x2 0 PI
        4 x3 0 PI
        5 x4 0 PI
        6 x5 0 PI
        7 x6 0 PI
        8 x7 0 PI
        9 x8 0 PI
        10 x9 0 PI
        11 y0 15 PO_0
        12 y1 14 PO_1
        13 y2 15 PO_0
        14 y3 15 PO_0
        15 n100 8 AND_0
        16 n101 9 MAJ_0
        17 n102 10 MAJ_1
        18 n103 11 OR_0
        19 n104 11 MAJ_1
        20 n105 12 OR_0
        21 n106 13 OR_0
        22 n107 13 MAJ_1
        23 n108 14 OR_0
        24 n109 3 AND_1
        25 n11 2 AND_1
        26 n110 3 MAJ_1
        27 n111 4 AND_1
        28 n112 3 OR_0
        29 n113 4 OR_0
        30 n114 3 MAJ_1
        31 n115 5 AND_1
        32 n116 3 OR_0
        33 n117 4 AND_1
        34 n118 6 OR_0
        35 n119 7 MAJ_0
        36 n12 3 AND_1
        37 n120 8 MAJ_1
        38 n121 3 AND_1
        39 n122 5 AND_1
        40 n123 3 MAJ_1
        41 n124 6 AND_1
        42 n125 4 OR_0
        43 n126 5 OR_0
        44 n127 3 MAJ_1
        45 n128 6 AND_1
        46 n129 4 AND_1
        47 n13 4 AND_1
        48 n130 3 MAJ_1
        49 n131 5 AND_1
        50 n132 7 OR_0
        51 n133 8 OR_0
        52 n134 3 MAJ_1
        53 n135 6 AND_1
        54 n136 4 AND_1
        55 n137 3 MAJ_0
        56 n138 5 AND_1
        57 n139 5 OR_0
        58 n14 3 MAJ_1
        59 n140 3 MAJ_1
        60 n141 6 AND_1
        61 n142 7 OR_0
        62 n143 9 MAJ_1
        63 n144 10 OR_0
        64 n145 5 AND_1
        65 n146 3 MAJ_0
        66 n147 6 AND_1
        67 n148 3 MAJ_0
        68 n149 5 AND_1
        69 n15 5 AND_1
        70 n150 5 AND_1
        71 n151 3 MAJ_1
        72 n152 6 AND_1
        73 n153 7 OR_0
        74 n154 8 OR_0
        75 n155 4 OR_0
        76 n156 4 MAJ_1
        77 n157 5 AND_1
        78 n158 6 OR_0
        79 n159 3 MAJ_1
        80 n16 3 OR_0
        81 n160 7 AND_1
        82 n161 8 OR_0
        83 n162 8 MAJ_1
        84 n163 9 OR_0
        85 n164 6 OR_0
        86 n165 3 MAJ_1
        87 n166 7 AND_1
        88 n167 5 OR_0
        89 n168 3 MAJ_1
        90 n169 6 AND_1
        91 n17 4 OR_0
        92 n170 8 OR_0
        93 n171 7 MAJ_1
        94 n172 9 AND_1
        95 n173 4 OR_0
        96 n174 5 AND_1
        97 n175 3 MAJ_0
        98 n176 6 AND_1
        99 n177 4 AND_1
        100 n178 3 MAJ_0
        101 n179 5 AND_1
        102 n18 3 AND_1
        103 n180 5 AND_1
        104 n181 3 MAJ_1
        105 n182 6 AND_1
        106 n183 3 MAJ_0
        107 n184 6 AND_1
        108 n185 7 OR_0
        109 n186 7 MAJ_1
        110 n187 8 OR_0
        111 n188 10 OR_0
        112 n189 10 MAJ_1
        113 n19 4 AND_1
        114 n190 11 AND_1
        115 n191 12 AND_1
        116 n192 11 MAJ_1
        117 n193 13 AND_1
        118 n194 3 OR_0
        119 n195 3 OR_0
        120 n196 4 OR_0
        121 n197 4 AND_1
        122 n198 5 AND_1
        123 n199 6 AND_1
        124 n20 6 AND_1
        125 n200 5 MAJ_1
        126 n201 7 AND_1
        127 n202 5 AND_1
        128 n203 3 MAJ_1
        129 n204 6 AND_1
        130 n205 7 AND_0
        131 n206 3 MAJ_1
        132 n207 8 AND_0
        133 n208 3 AND_1
        134 n209 6 MAJ_0
        135 n21 3 MAJ_1
        136 n210 7 AND_0
        137 n211 6 AND_0
        138 n212 6 MAJ_1
        139 n213 7 AND_0
        140 n214 4 AND_1
        141 n215 8 MAJ_0
        142 n216 9 MAJ_1
        143 n217 6 AND_1
        144 n218 3 MAJ_1
        145 n219 7 AND_0
        146 n22 7 AND_1
        147 n220 5 OR_0
        148 n221 6 MAJ_1
        149 n222 7 AND_1
        150 n223 6 AND_1
        151 n224 7 MAJ_0
        152 n225 8 MAJ_1
        153 n226 5 OR_0
        154 n227 3 MAJ_1
        155 n228 6 OR_0
        156 n229 7 OR_0
        157 n23 3 AND_1
        158 n230 3 MAJ_1
        159 n231 8 AND_1
        160 n232 5 AND_0
        161 n233 4 MAJ_1
        162 n234 6 AND_1
        163 n235 5 AND_0
        164 n236 5 MAJ_1
        165 n237 6 AND_1
        166 n238 7 AND_0
        167 n239 3 MAJ_1
        168 n24 4 AND_1
        169 n240 8 AND_1
        170 n241 9 OR_0
        171 n242 9 MAJ_0
        172 n243 10 OR_0
        173 n244 11 OR_0
        174 n245 11 MAJ_0
        175 n246 12 OR_0
        176 n247 13 OR_0
        177 n248 10 MAJ_1
        178 n249 14 OR_0
        179 n25 3 AND_1
        180 n250 3 MAJ_0
        181 n251 6 AND_1
        182 n252 7 OR_0
        183 n253 8 OR_0
        184 n254 9 OR_0
        185 n255 7 MAJ_1
        186 n256 10 OR_0
        187 n257 11 OR_0
        188 n258 7 MAJ_1
        189 n259 12 OR_0
        190 n26 6 AND_0
        191 n260 4 AND_1
        192 n261 3 MAJ_1
        193 n262 5 AND_1
        194 n263 5 AND_1
        195 n264 3 MAJ_0
        196 n265 6 AND_1
        197 n266 7 OR_0
        198 n267 7 MAJ_1
        199 n268 8 OR_0
        200 n269 5 AND_1
        201 n27 6 MAJ_1
        202 n270 3 MAJ_0
        203 n271 6 AND_1
        204 n272 3 AND_1
        205 n273 6 MAJ_1
        206 n274 7 MAJ_1
        207 n275 9 OR_0
        208 n276 8 MAJ_1
        209 n277 10 OR_0
        210 n278 11 OR_0
        211 n279 8 MAJ_1
        212 n28 7 AND_1
        213 n280 12 OR_0
        214 n281 7 AND_1
        215 n282 8 AND_0
        216 n283 5 AND_1
        217 n284 6 MAJ_1
        218 n285 7 MAJ_1
        219 n286 8 OR_0
        220 n287 7 MAJ_1
        221 n288 9 OR_0
        222 n289 10 OR_0
        223 n29 8 AND_1
        224 n290 9 MAJ_1
        225 n291 11 OR_0
        226 n292 13 OR_0
        227 n293 14 OR_0
        228 n30 9 AND_1
        229 n31 10 MAJ_1
        230 n32 6 AND_0
        231 n33 7 MAJ_1
        232 n34 11 MAJ_1
        233 n35 3 MAJ_1
        234 n36 7 AND_0
        235 n37 8 AND_1
        236 n38 3 MAJ_1
        237 n39 9 AND_0
        238 n40 3 AND_0
        239 n41 4 AND_0
        240 n42 3 OR_0
        241 n43 4 AND_1
        242 n44 5 AND_0
        243 n45 6 AND_0
        244 n46 7 AND_0
        245 n47 10 AND_1
        246 n48 11 MAJ_1
        247 n49 5 AND_0
        248 n50 9 MAJ_0
        249 n51 12 MAJ_1
        250 n52 3 AND_1
        251 n53 4 AND_0
        252 n54 6 AND_1
        253 n55 3 MAJ_0
        254 n56 7 AND_0
        255 n57 4 AND_0
        256 n58 5 AND_0
        257 n59 6 AND_1
        258 n60 7 AND_1
        259 n61 6 MAJ_1
        260 n62 8 AND_0
        261 n63 6 AND_0
        262 n64 8 MAJ_0
        263 n65 9 MAJ_1
        264 n66 6 AND_0
        265 n67 7 AND_0
        266 n68 8 AND_1
        267 n69 5 AND_1
        268 n70 7 MAJ_1
        269 n71 8 AND_0
        270 n72 9 MAJ_1
        271 n73 10 OR_0
        272 n74 4 AND_0
        273 n75 6 AND_1
        274 n76 7 AND_0
        275 n77 6 AND_0
        276 n78 7 AND_0
        277 n79 6 AND_1
        278 n80 8 MAJ_0
        279 n81 9 AND_0
        280 n82 8 AND_0
        281 n83 9 MAJ_0
        282 n84 10 MAJ_1
        283 n85 3 MAJ_1
        284 n86 6 AND_1
        285 n87 6 AND_0
        286 n88 6 MAJ_1
        287 n89 7 AND_1
        288 n90 8 MAJ_0
        289 n91 9 MAJ_1
        290 n92 6 AND_0
        291 n93 7 MAJ_0
        292 n94 10 MAJ_1
        293 n95 3 AND_0
        294 n96 4 AND_1
        295 n97 6 AND_0
        296 n98 6 MAJ_1
        297 n99 7 AND_1
        298 v1 4 VIR
        299 v10 5 VIR
        300 v100 2 VIR
        301 v101 2 VIR
        302 v102 2 VIR
        303 v103 2 VIR
        304 v104 2 VIR
        305 v105 2 VIR
        306 v106 2 VIR
        307 v107 2 VIR
        308 v108 2 VIR
        309 v109 2 VIR
        310 v11 6 VIR
        311 v110 2 VIR
        312 v111 2 VIR
        313 v112 2 VIR
        314 v113 2 VIR
        315 v114 2 VIR
        316 v115 2 VIR
        317 v116 2 VIR
        318 v117 2 VIR
        319 v118 2 VIR
        320 v119 2 VIR
        321 v12 5 VIR
        322 v120 2 VIR
        323 v121 2 VIR
        324 v122 2 VIR
        325 v123 2 VIR
        326 v124 2 VIR
        327 v125 2 VIR
        328 v126 2 VIR
        329 v127 2 VIR
        330 v128 2 VIR
        331 v129 2 VIR
        332 v13 5 VIR
        333 v130 2 VIR
        334 v131 2 VIR
        335 v132 2 VIR
        336 v133 3 VIR
        337 v134 3 VIR
        338 v135 3 VIR
        339 v136 3 VIR
        340 v137 3 VIR
        341 v138 3 VIR
        342 v14 5 VIR
        343 v15 4 VIR
        344 v16 5 VIR
        345 v17 5 VIR
        346 v18 8 VIR
        347 v19 5 VIR
        348 v2 4 VIR
        349 v20 5 VIR
        350 v21 5 VIR
        351 v22 5 VIR
        352 v23 6 VIR
        353 v24 5 VIR
        354 v25 5 VIR
        355 v26 5 VIR
        356 v27 5 VIR
        357 v28 7 VIR
        358 v29 1 VIR
        359 v3 4 VIR
        360 v30 1 VIR
        361 v31 1 VIR
        362 v32 1 VIR
        363 v33 1 VIR
        364 v34 1 VIR
        365 v35 1 VIR
        366 v36 1 VIR
        367 v37 1 VIR
        368 v38 1 VIR
        369 v39 1 VIR
        370 v4 5 VIR
        371 v40 1 VIR
        372 v41 1 VIR
        373 v42 1 VIR
        374 v43 1 VIR
        375 v44 1 VIR
        376 v45 1 VIR
        377 v46 1 VIR
        378 v47 1 VIR
        379 v48 1 VIR
        380 v49 1 VIR
        381 v5 4 VIR
        382 v50 1 VIR
        383 v51 1 VIR
        384 v52 1 VIR
        385 v53 1 VIR
        386 v54 1 VIR
        387 v55 1 VIR
        388 v56 1 VIR
        389 v57 1 VIR
        390 v58 1 VIR
        391 v59 2 VIR
        392 v6 4 VIR
        393 v60 2 VIR
        394 v61 2 VIR
        395 v62 2 VIR
        396 v63 2 VIR
        397 v64 2 VIR
        398 v65 2 VIR
        399 v66 2 VIR
        400 v67 2 VIR
        401 v68 2 VIR
        402 v69 2 VIR
        403 v7 5 VIR
        404 v70 2 VIR
        405 v71 2 VIR
        406 v72 2 VIR
        407 v73 2 VIR
        408 v74 2 VIR
        409 v75 2 VIR
        410 v76 2 VIR
        411 v77 2 VIR
        412 v78 2 VIR
        413 v79 2 VIR
        414 v8 5 VIR
        415 v80 2 VIR
        416 v81 2 VIR
        417 v82 2 VIR
        418 v83 2 VIR
        419 v84 2 VIR
        420 v85 2 VIR
        421 v86 2 VIR
        422 v87 2 VIR
        423 v88 2 VIR
        424 v89 2 VIR
        425 v9 6 VIR
        426 v90 2 VIR
        427 v91 2 VIR
        428 v92 2 VIR
        429 v93 2 VIR
        430 v94 2 VIR
        431 v95 2 VIR
        432 v96 2 VIR
        433 v97 2 VIR
        434 v98 2 VIR
        435 v99 2 VIR
    ]
    edge:
    [
        1 358
        1 360
        1 361
        2 362
        2 363
        2 364
        3 365
        3 366
        3 367
        4 368
        4 369
        4 371
        5 372
        5 373
        5 374
        6 375
        6 376
        6 377
        7 378
        7 379
        7 380
        8 382
        8 383
        8 384
        9 385
        9 386
        9 387
        10 388
        10 389
        10 390
        362 25
        365 25
        375 300
        376 301
        376 302
        377 303
        377 304
        378 305
        378 306
        378 307
        379 308
        379 309
        380 311
        380 312
        382 313
        382 314
        382 315
        383 316
        383 317
        383 318
        384 319
        384 320
        384 322
        385 323
        385 324
        386 325
        386 326
        387 327
        387 328
        388 329
        388 330
        389 331
        389 333
        390 334
        390 335
        358 391
        358 393
        358 394
        360 395
        360 396
        360 397
        361 398
        361 399
        361 400
        362 401
        362 402
        363 404
        363 405
        364 406
        364 407
        365 408
        365 409
        366 410
        366 411
        367 412
        367 413
        368 415
        368 416
        368 417
        369 418
        369 419
        369 420
        371 421
        371 422
        371 423
        372 424
        372 426
        372 427
        373 428
        373 429
        373 430
        374 431
        374 432
        374 433
        375 434
        375 435
        433 24
        320 24
        400 26
        433 26
        304 26
        391 28
        415 28
        377 30
        312 30
        319 30
        393 32
        408 32
        424 36
        25 36
        391 38
        408 38
        421 40
        317 40
        387 40
        417 44
        426 44
        307 44
        417 48
        307 48
        313 48
        418 52
        315 52
        329 52
        302 55
        318 55
        327 55
        416 58
        435 58
        306 58
        405 59
        421 59
        430 59
        420 65
        430 65
        326 65
        301 67
        317 67
        333 67
        406 71
        422 71
        319 71
        418 79
        309 79
        386 79
        314 80
        323 80
        420 86
        326 86
        333 86
        420 89
        301 89
        317 89
        419 97
        311 97
        325 97
        380 100
        325 100
        331 100
        415 102
        434 102
        419 104
        430 104
        316 104
        419 106
        429 106
        311 106
        303 118
        328 118
        415 119
        424 119
        398 128
        407 128
        413 128
        304 131
        322 131
        335 131
        304 133
        328 133
        401 135
        408 135
        426 135
        423 144
        432 144
        303 144
        393 154
        402 154
        409 154
        313 157
        323 157
        302 158
        327 158
        390 158
        302 167
        319 167
        334 167
        404 179
        412 179
        423 180
        432 180
        334 180
        435 192
        308 192
        314 192
        417 195
        300 195
        388 195
        418 202
        376 202
        324 202
        393 204
        427 204
        402 233
        410 233
        427 233
        316 236
        324 236
        330 236
        314 238
        323 238
        416 240
        434 240
        313 250
        385 250
        363 253
        410 253
        427 253
        404 283
        412 283
        428 283
        404 293
        411 293
        391 336
        395 337
        398 338
        424 339
        428 340
        431 341
        24 27
        26 27
        306 29
        28 29
        416 33
        339 33
        336 42
        401 42
        306 46
        38 46
        434 47
        36 47
        316 54
        28 54
        340 75
        331 75
        395 76
        340 76
        309 76
        331 91
        80 91
        336 95
        339 95
        325 99
        28 99
        305 113
        102 113
        305 120
        119 120
        337 121
        405 121
        320 140
        133 140
        337 161
        406 161
        431 161
        329 168
        157 168
        315 191
        240 191
        330 239
        238 239
        308 241
        240 241
        329 251
        250 251
        305 255
        102 255
        389 272
        157 272
        428 294
        293 294
        32 298
        135 343
        32 348
        32 359
        38 381
        38 392
        29 31
        30 31
        315 39
        381 39
        426 43
        42 43
        46 49
        48 49
        54 56
        55 56
        421 57
        348 57
        429 64
        298 64
        54 68
        67 68
        47 69
        58 69
        422 70
        392 70
        75 77
        76 77
        301 88
        298 88
        311 96
        95 96
        99 101
        100 101
        429 103
        381 103
        412 122
        121 122
        320 125
        118 125
        120 125
        406 127
        120 127
        91 147
        348 147
        401 153
        120 153
        364 160
        241 160
        379 163
        381 163
        402 164
        308 164
        33 164
        29 193
        192 193
        435 194
        95 194
        300 200
        298 200
        312 216
        348 216
        367 242
        241 242
        394 247
        168 247
        409 256
        255 256
        394 267
        251 267
        91 299
        113 321
        113 332
        113 342
        168 344
        168 345
        239 347
        239 349
        239 350
        241 351
        251 353
        251 354
        255 355
        255 356
        33 370
        42 403
        42 414
        334 34
        370 34
        39 41
        40 41
        43 45
        44 45
        39 53
        52 53
        57 60
        59 60
        64 66
        65 66
        70 72
        71 72
        309 78
        403 78
        326 85
        403 85
        88 90
        89 90
        96 98
        97 98
        103 105
        104 105
        64 107
        106 107
        118 123
        122 123
        366 124
        321 124
        127 129
        128 129
        407 134
        312 134
        370 134
        345 137
        392 137
        433 138
        345 138
        356 138
        432 143
        122 143
        341 148
        91 148
        342 148
        353 150
        355 150
        153 155
        154 155
        160 162
        161 162
        163 165
        164 165
        64 181
        180 181
        332 190
        179 190
        194 196
        195 196
        341 201
        332 201
        344 201
        200 203
        202 203
        431 205
        351 205
        204 205
        359 217
        33 217
        216 217
        338 230
        69 230
        343 243
        242 243
        413 252
        351 252
        233 257
        256 257
        399 259
        344 259
        350 259
        399 261
        354 261
        135 264
        256 264
        410 273
        355 273
        411 275
        321 275
        396 277
        347 277
        256 284
        283 284
        36 285
        355 285
        395 286
        36 286
        353 286
        397 290
        347 290
        321 295
        294 295
        396 296
        332 296
        272 296
        101 310
        247 352
        69 425
        335 35
        359 35
        34 35
        41 50
        45 50
        53 61
        60 61
        66 73
        68 73
        78 81
        79 81
        85 87
        86 87
        303 93
        414 93
        90 93
        101 108
        107 108
        98 109
        101 109
        105 109
        123 126
        125 126
        322 130
        129 130
        46 136
        134 136
        137 139
        138 139
        143 145
        144 145
        124 146
        343 146
        147 149
        148 149
        356 151
        122 151
        150 151
        327 156
        155 156
        318 166
        165 166
        45 182
        49 182
        56 185
        60 185
        66 185
        31 188
        41 188
        181 188
        193 197
        196 197
        403 198
        191 198
        196 198
        203 206
        204 206
        205 206
        190 212
        201 212
        399 214
        425 214
        98 218
        216 218
        217 218
        90 220
        310 220
        105 220
        425 231
        299 231
        230 231
        124 234
        233 234
        349 244
        243 244
        252 254
        253 254
        338 258
        257 258
        324 265
        264 265
        394 268
        69 268
        264 268
        253 274
        273 274
        135 276
        275 276
        285 287
        286 287
        349 291
        284 291
        290 291
        295 297
        296 297
        264 357
        397 15
        234 15
        31 37
        34 37
        35 37
        49 51
        50 51
        72 74
        73 74
        77 82
        81 82
        398 83
        422 83
        81 83
        87 92
        90 92
        108 110
        109 110
        130 132
        131 132
        133 141
        136 141
        140 141
        149 152
        150 152
        151 152
        156 159
        158 159
        166 169
        167 169
        53 183
        182 183
        197 199
        198 199
        342 208
        414 208
        206 208
        68 211
        72 211
        81 211
        354 215
        214 215
        310 219
        218 219
        299 223
        146 223
        328 235
        234 235
        258 260
        259 260
        354 262
        254 262
        261 262
        236 266
        265 266
        267 269
        268 269
        347 278
        274 278
        276 278
        396 280
        357 280
        344 288
        247 288
        276 288
        234 346
        346 16
        349 16
        15 16
        51 62
        53 62
        56 62
        82 84
        83 84
        92 94
        93 94
        139 142
        140 142
        141 142
        159 170
        169 170
        353 171
        159 171
        162 171
        60 184
        183 184
        199 207
        206 207
        219 221
        220 221
        87 224
        126 224
        215 224
        212 228
        223 228
        235 237
        236 237
        345 248
        346 248
        352 248
        260 263
        261 263
        262 263
        397 270
        266 270
        269 270
        277 279
        278 279
        357 281
        272 281
        280 281
        247 289
        287 289
        288 289
        297 17
        15 17
        16 17
        61 63
        62 63
        84 111
        110 111
        74 112
        84 112
        94 112
        170 172
        171 172
        126 177
        132 177
        142 177
        184 186
        185 186
        207 209
        208 209
        87 222
        221 222
        400 229
        223 229
        228 229
        237 245
        244 245
        269 271
        270 271
        279 282
        280 282
        281 282
        289 292
        290 292
        291 292
        282 18
        17 18
        271 19
        282 19
        292 19
        111 114
        112 114
        27 116
        37 116
        63 116
        152 173
        172 173
        350 174
        145 174
        172 174
        181 187
        186 187
        72 210
        209 210
        222 225
        224 225
        229 232
        230 232
        231 232
        400 246
        244 246
        245 246
        18 20
        19 20
        37 115
        114 115
        173 175
        174 175
        187 189
        188 189
        210 213
        211 213
        246 249
        352 249
        248 249
        249 21
        20 21
        232 22
        249 22
        263 22
        115 117
        116 117
        132 176
        175 176
        189 226
        213 226
        21 23
        22 23
        176 178
        177 178
        225 227
        226 227
        23 11
        117 12
        178 13
        227 14
    ]
]
