circuit_name:sctnew_processed
[
    node:
    [
        1 x0 0 PI
        2 x1 0 PI
        3 x2 0 PI
        4 x3 0 PI
        5 x4 0 PI
        6 x5 0 PI
        7 x6 0 PI
        8 x7 0 PI
        9 x8 0 PI
        10 x9 0 PI
        11 x10 0 PI
        12 x11 0 PI
        13 x12 0 PI
        14 x13 0 PI
        15 x14 0 PI
        16 x15 0 PI
        17 x16 0 PI
        18 x17 0 PI
        19 x18 0 PI
        20 y0 11 PO_1
        21 y1 12 PO_1
        22 y2 12 PO_1
        23 y3 9 PO_0
        24 y4 3 PO_1
        25 y5 2 PO_0
        26 y6 5 PO_1
        27 y7 7 PO_0
        28 y8 7 PO_0
        29 y9 3 PO_0
        30 y10 9 PO_0
        31 y11 4 PO_0
        32 y12 9 PO_0
        33 y13 11 PO_1
        34 y14 12 PO_1
        35 n100 6 MAJ_0
        36 n101 2 OR_0
        37 n102 3 MAJ_0
        38 n103 5 AND_1
        39 n104 3 AND_0
        40 n105 5 MAJ_1
        41 n106 6 MAJ_1
        42 n107 3 AND_0
        43 n108 3 AND_1
        44 n109 4 MAJ_1
        45 n110 5 AND_1
        46 n111 5 MAJ_1
        47 n112 6 AND_1
        48 n113 7 MAJ_0
        49 n114 8 AND_0
        50 n115 3 AND_0
        51 n116 4 MAJ_0
        52 n117 5 MAJ_1
        53 n118 6 AND_1
        54 n119 6 MAJ_0
        55 n120 7 AND_1
        56 n121 3 AND_0
        57 n122 4 AND_1
        58 n123 8 MAJ_0
        59 n124 5 MAJ_1
        60 n125 4 MAJ_0
        61 n126 6 MAJ_1
        62 n127 3 AND_1
        63 n128 3 MAJ_1
        64 n129 4 AND_1
        65 n130 4 AND_1
        66 n131 4 AND_1
        67 n132 5 AND_1
        68 n133 3 AND_1
        69 n134 4 AND_0
        70 n135 5 OR_0
        71 n136 6 MAJ_1
        72 n137 7 OR_0
        73 n138 8 AND_1
        74 n139 9 MAJ_1
        75 n140 10 MAJ_1
        76 n141 3 OR_0
        77 n142 5 MAJ_1
        78 n143 5 MAJ_1
        79 n144 6 AND_0
        80 n145 7 AND_1
        81 n146 8 MAJ_0
        82 n147 9 MAJ_1
        83 n148 3 AND_1
        84 n149 5 AND_0
        85 n150 10 AND_1
        86 n151 6 MAJ_1
        87 n152 11 AND_0
        88 n20 3 AND_1
        89 n21 2 OR_0
        90 n22 3 OR_0
        91 n23 3 OR_0
        92 n24 4 OR_0
        93 n25 5 MAJ_1
        94 n26 3 MAJ_0
        95 n27 4 OR_0
        96 n28 2 MAJ_0
        97 n29 3 OR_0
        98 n30 3 OR_0
        99 n31 4 AND_0
        100 n32 4 MAJ_1
        101 n33 5 AND_0
        102 n34 6 AND_1
        103 n35 7 MAJ_0
        104 n36 8 MAJ_1
        105 n37 4 AND_1
        106 n38 3 MAJ_1
        107 n39 5 AND_0
        108 n40 9 AND_1
        109 n41 6 MAJ_1
        110 n42 10 AND_0
        111 n43 1 OR_0
        112 n44 2 MAJ_1
        113 n45 3 OR_0
        114 n46 4 OR_0
        115 n47 5 MAJ_1
        116 n48 5 MAJ_1
        117 n49 6 AND_0
        118 n50 7 AND_1
        119 n51 8 MAJ_0
        120 n52 9 MAJ_1
        121 n53 4 AND_1
        122 n54 5 AND_0
        123 n55 10 AND_1
        124 n56 6 MAJ_1
        125 n57 11 AND_0
        126 n58 1 OR_0
        127 n59 2 MAJ_1
        128 n60 3 OR_0
        129 n61 3 OR_0
        130 n62 4 OR_0
        131 n63 5 MAJ_1
        132 n64 2 AND_0
        133 n65 3 MAJ_0
        134 n66 4 MAJ_1
        135 n67 3 OR_0
        136 n68 4 MAJ_1
        137 n69 5 AND_0
        138 n70 4 MAJ_1
        139 n71 6 AND_0
        140 n72 7 AND_1
        141 n73 8 MAJ_0
        142 n74 9 MAJ_1
        143 n75 4 AND_1
        144 n76 5 AND_0
        145 n77 10 AND_1
        146 n78 6 MAJ_1
        147 n79 11 AND_0
        148 n80 3 AND_0
        149 n81 4 AND_1
        150 n82 3 MAJ_1
        151 n83 4 AND_0
        152 n84 5 AND_1
        153 n85 4 MAJ_1
        154 n86 6 AND_0
        155 n87 3 AND_1
        156 n88 4 AND_1
        157 n89 3 MAJ_1
        158 n90 5 AND_0
        159 n91 5 AND_1
        160 n92 7 MAJ_0
        161 n93 8 MAJ_1
        162 n94 1 XOR_0
        163 n95 2 MAJ_0
        164 n96 1 AND_1
        165 n97 3 XOR_0
        166 n98 4 MAJ_1
        167 n99 5 AND_1
        168 v1 4 VIR
        169 v10 4 VIR
        170 v11 1 VIR
        171 v12 1 VIR
        172 v13 1 VIR
        173 v14 1 VIR
        174 v15 1 VIR
        175 v16 1 VIR
        176 v17 1 VIR
        177 v18 1 VIR
        178 v19 1 VIR
        179 v2 4 VIR
        180 v20 1 VIR
        181 v21 1 VIR
        182 v22 1 VIR
        183 v23 1 VIR
        184 v24 1 VIR
        185 v25 1 VIR
        186 v26 1 VIR
        187 v27 1 VIR
        188 v28 1 VIR
        189 v29 1 VIR
        190 v3 4 VIR
        191 v30 1 VIR
        192 v31 1 VIR
        193 v32 1 VIR
        194 v33 1 VIR
        195 v34 1 VIR
        196 v35 1 VIR
        197 v36 2 VIR
        198 v37 2 VIR
        199 v38 2 VIR
        200 v39 2 VIR
        201 v4 4 VIR
        202 v40 2 VIR
        203 v41 2 VIR
        204 v42 2 VIR
        205 v43 2 VIR
        206 v44 2 VIR
        207 v45 2 VIR
        208 v46 2 VIR
        209 v47 2 VIR
        210 v48 2 VIR
        211 v49 2 VIR
        212 v5 4 VIR
        213 v50 2 VIR
        214 v51 2 VIR
        215 v52 2 VIR
        216 v53 2 VIR
        217 v54 2 VIR
        218 v55 2 VIR
        219 v56 2 VIR
        220 v57 2 VIR
        221 v58 2 VIR
        222 v59 2 VIR
        223 v6 3 VIR
        224 v60 2 VIR
        225 v61 2 VIR
        226 v62 2 VIR
        227 v7 4 VIR
        228 v8 5 VIR
        229 v9 4 VIR
    ]
    edge:
    [
        15 111
        17 111
        16 126
        18 126
        19 162
        6 162
        1 164
        4 164
        2 170
        2 171
        2 172
        11 173
        11 174
        11 175
        12 176
        12 177
        12 178
        13 180
        13 181
        13 182
        14 183
        14 184
        14 185
        15 186
        16 187
        7 188
        7 189
        8 191
        8 192
        8 193
        9 194
        9 195
        9 196
        193 36
        174 36
        183 89
        15 89
        191 96
        173 96
        176 96
        183 112
        186 112
        16 112
        186 127
        187 127
        17 127
        180 132
        183 132
        189 163
        19 163
        162 163
        170 197
        170 198
        170 199
        171 200
        171 202
        172 203
        172 204
        173 205
        174 206
        176 207
        176 208
        177 209
        178 210
        191 211
        191 213
        192 214
        192 215
        193 216
        194 217
        194 218
        194 219
        195 220
        195 221
        195 222
        196 224
        196 225
        196 226
        7 37
        192 37
        217 37
        203 39
        217 39
        202 42
        193 42
        205 43
        208 43
        3 50
        226 50
        175 56
        210 56
        198 62
        217 62
        218 63
        209 63
        182 63
        214 68
        184 68
        198 76
        89 76
        210 83
        185 83
        202 88
        188 88
        187 90
        89 90
        211 91
        181 91
        197 94
        205 94
        207 94
        211 97
        96 97
        197 98
        180 98
        206 106
        209 106
        182 106
        111 113
        112 113
        126 128
        127 128
        214 129
        207 129
        173 133
        180 133
        132 133
        197 135
        207 135
        208 148
        181 148
        200 150
        188 150
        215 150
        188 155
        216 155
        204 157
        220 157
        19 157
        10 165
        224 165
        89 223
        177 44
        42 44
        43 44
        177 51
        181 51
        43 51
        182 57
        56 57
        219 60
        184 60
        39 60
        62 64
        63 64
        174 65
        62 65
        129 66
        37 66
        37 69
        68 69
        199 92
        90 92
        199 95
        94 95
        97 99
        98 99
        213 100
        90 100
        98 100
        209 105
        223 105
        198 114
        113 114
        178 121
        90 121
        200 130
        128 130
        200 134
        132 134
        133 134
        211 136
        132 136
        133 136
        214 138
        128 138
        135 138
        178 143
        113 143
        184 149
        148 149
        203 151
        150 151
        5 153
        218 153
        128 153
        219 156
        155 156
        225 166
        164 166
        165 166
        37 168
        106 169
        39 179
        43 190
        88 201
        88 212
        91 227
        98 229
        36 38
        168 38
        224 40
        175 40
        179 40
        219 45
        44 45
        204 46
        189 46
        44 46
        88 52
        190 52
        51 52
        185 59
        190 59
        51 59
        91 67
        168 67
        66 70
        69 70
        202 77
        227 77
        76 77
        215 78
        223 78
        229 78
        169 84
        83 84
        172 93
        227 93
        92 93
        99 101
        100 101
        105 107
        106 107
        171 115
        91 115
        114 115
        213 116
        229 116
        113 116
        106 122
        121 122
        203 131
        129 131
        130 131
        135 137
        136 137
        169 144
        143 144
        218 152
        151 152
        156 158
        157 158
        206 159
        149 159
        216 167
        212 167
        95 228
        225 35
        212 35
        167 35
        38 41
        179 41
        40 41
        45 47
        46 47
        220 53
        52 53
        204 54
        216 54
        52 54
        38 61
        39 61
        60 61
        65 71
        66 71
        67 71
        99 79
        78 79
        225 86
        186 86
        84 86
        95 102
        101 102
        221 109
        187 109
        107 109
        99 117
        116 117
        221 124
        17 124
        122 124
        137 139
        138 139
        222 146
        18 146
        144 146
        152 154
        153 154
        175 48
        210 48
        47 48
        53 55
        54 55
        70 72
        71 72
        77 80
        79 80
        93 103
        95 103
        102 103
        115 118
        117 118
        134 140
        139 140
        149 160
        154 160
        159 160
        47 49
        48 49
        55 58
        56 58
        57 58
        64 73
        72 73
        228 81
        77 81
        80 81
        201 104
        102 104
        103 104
        228 119
        115 119
        118 119
        131 141
        134 141
        140 141
        158 161
        159 161
        160 161
        61 74
        64 74
        73 74
        212 82
        80 82
        81 82
        220 108
        104 108
        201 120
        118 120
        119 120
        201 142
        140 142
        141 142
        59 75
        73 75
        74 75
        224 85
        82 85
        108 110
        109 110
        221 123
        120 123
        222 145
        142 145
        85 87
        86 87
        123 125
        124 125
        145 147
        146 147
        110 20
        125 21
        147 22
        161 23
        163 24
        189 25
        166 26
        35 27
        41 28
        226 29
        49 30
        50 31
        58 32
        75 33
        87 34
    ]
]
