circuit_name:sqrt8new_processed
[
    node:
    [
        1 x0 0 PI
        2 x1 0 PI
        3 x2 0 PI
        4 x3 0 PI
        5 x4 0 PI
        6 x5 0 PI
        7 x6 0 PI
        8 x7 0 PI
        9 y0 4 PO_0
        10 y1 5 PO_0
        11 y2 11 PO_0
        12 y3 13 PO_0
        13 n10 3 OR_0
        14 n100 5 MAJ_1
        15 n101 7 MAJ_1
        16 n102 8 OR_0
        17 n103 8 MAJ_0
        18 n104 9 OR_0
        19 n105 10 OR_0
        20 n106 11 MAJ_1
        21 n107 12 OR_0
        22 n11 3 XOR_0
        23 n12 4 MAJ_1
        24 n13 3 AND_1
        25 n14 3 MAJ_0
        26 n15 4 MAJ_0
        27 n16 5 XOR_0
        28 n17 3 AND_1
        29 n18 3 MAJ_1
        30 n19 4 AND_0
        31 n20 3 OR_0
        32 n21 4 OR_0
        33 n22 3 AND_1
        34 n23 6 OR_0
        35 n24 7 MAJ_1
        36 n25 3 AND_1
        37 n26 4 AND_1
        38 n27 3 AND_0
        39 n28 4 AND_0
        40 n29 5 AND_1
        41 n30 6 OR_0
        42 n31 7 MAJ_1
        43 n32 8 OR_0
        44 n33 8 MAJ_1
        45 n34 9 OR_0
        46 n35 3 AND_0
        47 n36 4 MAJ_0
        48 n37 10 MAJ_1
        49 n38 4 AND_0
        50 n39 3 AND_1
        51 n40 4 AND_1
        52 n41 5 AND_0
        53 n42 3 MAJ_0
        54 n43 6 AND_0
        55 n44 7 MAJ_0
        56 n45 8 OR_0
        57 n46 3 AND_1
        58 n47 4 AND_0
        59 n48 4 AND_0
        60 n49 5 XOR_0
        61 n50 6 MAJ_0
        62 n51 7 MAJ_0
        63 n52 3 AND_1
        64 n53 4 AND_0
        65 n54 5 AND_1
        66 n55 3 MAJ_1
        67 n56 6 AND_0
        68 n57 3 AND_0
        69 n58 3 MAJ_1
        70 n59 4 AND_1
        71 n60 2 AND_1
        72 n61 5 MAJ_0
        73 n62 6 MAJ_1
        74 n63 8 OR_0
        75 n64 9 MAJ_1
        76 n65 10 OR_0
        77 n66 2 AND_1
        78 n67 6 AND_1
        79 n68 5 OR_0
        80 n69 7 AND_1
        81 n70 8 MAJ_1
        82 n71 2 AND_1
        83 n72 2 AND_1
        84 n73 3 MAJ_0
        85 n74 4 AND_1
        86 n75 3 AND_1
        87 n76 5 MAJ_0
        88 n77 6 MAJ_1
        89 n78 5 AND_0
        90 n79 6 MAJ_0
        91 n80 7 MAJ_1
        92 n81 3 AND_1
        93 n82 4 AND_0
        94 n83 6 AND_1
        95 n84 5 AND_1
        96 n85 7 MAJ_1
        97 n86 8 OR_0
        98 n87 8 MAJ_0
        99 n88 9 OR_0
        100 n89 3 AND_0
        101 n9 3 OR_0
        102 n90 4 AND_0
        103 n91 6 AND_1
        104 n92 7 MAJ_1
        105 n93 2 OR_0
        106 n94 3 AND_1
        107 n95 4 MAJ_1
        108 n96 5 AND_1
        109 n97 5 XOR_0
        110 n98 6 MAJ_0
        111 n99 3 AND_1
        112 v1 5 VIR
        113 v10 1 VIR
        114 v11 1 VIR
        115 v12 1 VIR
        116 v13 1 VIR
        117 v14 1 VIR
        118 v15 1 VIR
        119 v16 1 VIR
        120 v17 1 VIR
        121 v18 1 VIR
        122 v19 1 VIR
        123 v2 6 VIR
        124 v20 1 VIR
        125 v21 1 VIR
        126 v22 1 VIR
        127 v23 1 VIR
        128 v24 2 VIR
        129 v25 2 VIR
        130 v26 2 VIR
        131 v27 2 VIR
        132 v28 2 VIR
        133 v29 2 VIR
        134 v3 1 VIR
        135 v30 2 VIR
        136 v31 2 VIR
        137 v32 2 VIR
        138 v33 2 VIR
        139 v34 2 VIR
        140 v35 2 VIR
        141 v36 2 VIR
        142 v37 2 VIR
        143 v38 2 VIR
        144 v39 2 VIR
        145 v4 1 VIR
        146 v40 2 VIR
        147 v41 2 VIR
        148 v42 2 VIR
        149 v43 2 VIR
        150 v44 2 VIR
        151 v5 1 VIR
        152 v6 1 VIR
        153 v7 1 VIR
        154 v8 1 VIR
        155 v9 1 VIR
    ]
    edge:
    [
        3 113
        3 114
        4 115
        4 116
        4 117
        5 118
        5 119
        5 120
        6 121
        6 122
        6 124
        7 125
        8 126
        8 127
        1 134
        1 145
        1 151
        2 152
        2 153
        2 154
        3 155
        114 71
        8 71
        120 77
        127 77
        119 82
        125 82
        153 83
        116 83
        152 105
        155 105
        113 128
        113 129
        114 130
        114 131
        115 132
        115 133
        116 135
        117 136
        118 137
        119 138
        120 139
        121 140
        122 141
        124 142
        152 143
        152 144
        153 146
        153 147
        154 148
        155 149
        155 150
        131 13
        136 13
        148 22
        151 22
        151 24
        147 24
        147 25
        130 25
        135 25
        130 28
        142 28
        154 29
        130 29
        117 29
        134 31
        149 31
        154 33
        135 33
        144 36
        150 36
        145 38
        143 38
        143 46
        115 46
        134 50
        143 50
        113 53
        118 53
        140 53
        134 57
        149 57
        145 63
        149 63
        138 66
        142 66
        126 66
        129 68
        122 68
        146 69
        129 69
        119 69
        145 84
        146 84
        128 84
        128 86
        7 86
        144 92
        150 92
        146 100
        128 100
        151 101
        148 101
        132 106
        105 106
        137 111
        140 111
        148 23
        13 23
        22 23
        136 26
        24 26
        25 26
        28 30
        29 30
        132 32
        31 32
        116 37
        36 37
        131 39
        38 39
        136 47
        139 47
        46 47
        135 49
        38 49
        132 51
        50 51
        133 58
        57 58
        121 59
        46 59
        133 64
        63 64
        68 70
        69 70
        83 85
        84 85
        122 93
        92 93
        117 102
        100 102
        118 107
        121 107
        106 107
        141 14
        37 14
        111 14
        26 27
        24 27
        32 40
        37 40
        150 52
        51 52
        59 60
        58 60
        124 65
        64 65
        126 72
        51 72
        71 72
        58 79
        59 79
        7 87
        51 87
        86 87
        141 89
        64 89
        126 95
        93 95
        140 108
        32 108
        107 109
        137 109
        32 112
        112 34
        33 34
        138 41
        40 41
        52 54
        53 54
        141 61
        59 61
        60 61
        65 67
        66 67
        70 73
        71 73
        72 73
        112 78
        77 78
        85 88
        86 88
        87 88
        64 90
        82 90
        89 90
        112 94
        82 94
        125 103
        79 103
        107 110
        108 110
        109 110
        79 123
        110 15
        111 15
        14 15
        142 35
        33 35
        34 35
        39 42
        40 42
        41 42
        124 55
        49 55
        54 55
        120 62
        58 62
        61 62
        127 80
        123 80
        88 91
        89 91
        90 91
        127 96
        94 96
        95 96
        79 104
        102 104
        103 104
        104 16
        15 16
        125 17
        93 17
        15 17
        30 43
        42 43
        27 44
        30 44
        35 44
        54 56
        55 56
        62 74
        73 74
        78 81
        123 81
        80 81
        91 97
        96 97
        139 98
        49 98
        96 98
        16 18
        17 18
        43 45
        44 45
        56 75
        62 75
        67 75
        97 99
        98 99
        81 19
        18 19
        45 48
        46 48
        47 48
        74 76
        75 76
        76 20
        81 20
        99 20
        19 21
        20 21
        101 9
        23 10
        48 11
        21 12
    ]
]
