circuit_name:sqrt8mlnew_processed
[
    node:
    [
        1 x0 0 PI
        2 x1 0 PI
        3 x2 0 PI
        4 x3 0 PI
        5 x4 0 PI
        6 x5 0 PI
        7 x6 0 PI
        8 x7 0 PI
        9 y0 4 PO_0
        10 y1 5 PO_0
        11 y2 9 PO_0
        12 y3 16 PO_0
        13 n10 1 XOR_0
        14 n11 3 MAJ_1
        15 n12 3 XOR_0
        16 n13 4 AND_1
        17 n14 2 OR_0
        18 n15 1 OR_0
        19 n16 4 XOR_0
        20 n17 5 MAJ_1
        21 n18 2 MAJ_1
        22 n19 2 MAJ_1
        23 n20 3 AND_1
        24 n21 4 XOR_0
        25 n22 6 MAJ_1
        26 n23 7 OR_0
        27 n24 2 XOR_0
        28 n25 5 MAJ_1
        29 n26 6 MAJ_1
        30 n27 7 OR_0
        31 n28 2 AND_1
        32 n29 3 MAJ_0
        33 n30 3 MAJ_1
        34 n31 4 XOR_0
        35 n32 5 XOR_0
        36 n33 6 XOR_0
        37 n34 9 XOR_0
        38 n35 10 MAJ_1
        39 n36 1 OR_0
        40 n37 9 XOR_0
        41 n38 10 MAJ_1
        42 n39 9 AND_1
        43 n40 10 XOR_0
        44 n41 11 MAJ_1
        45 n42 9 XOR_0
        46 n43 10 MAJ_1
        47 n44 11 XOR_0
        48 n45 12 MAJ_1
        49 n46 13 OR_0
        50 n47 9 AND_1
        51 n48 10 XOR_0
        52 n49 14 OR_0
        53 n50 9 AND_1
        54 n51 15 OR_0
        55 n9 2 OR_0
        56 v1 4 VIR
        57 v10 1 VIR
        58 v11 1 VIR
        59 v12 1 VIR
        60 v13 1 VIR
        61 v14 1 VIR
        62 v15 1 VIR
        63 v16 1 VIR
        64 v2 4 VIR
        65 v3 3 VIR
        66 v4 2 VIR
        67 v5 5 VIR
        68 v6 8 VIR
        69 v7 8 VIR
        70 v8 8 VIR
        71 v9 1 VIR
    ]
    edge:
    [
        2 13
        1 13
        5 18
        6 18
        7 39
        8 39
        1 57
        2 58
        2 59
        3 60
        3 61
        3 62
        4 63
        1 71
        71 17
        58 17
        71 21
        58 21
        60 21
        71 22
        60 22
        4 22
        18 27
        62 27
        57 31
        61 31
        60 55
        4 55
        18 66
        58 14
        55 14
        13 14
        55 15
        57 15
        21 23
        22 23
        61 32
        63 32
        31 32
        57 33
        59 33
        31 33
        17 65
        59 16
        15 16
        14 19
        61 19
        23 24
        63 24
        33 34
        31 34
        14 56
        14 64
        56 20
        18 20
        19 20
        56 28
        66 28
        27 28
        34 35
        32 35
        24 67
        17 25
        20 25
        24 25
        17 29
        67 29
        28 29
        35 36
        28 36
        16 26
        25 26
        16 30
        29 30
        26 68
        26 69
        26 70
        69 37
        24 37
        68 40
        5 40
        5 42
        68 42
        68 45
        66 45
        69 50
        29 50
        70 53
        30 53
        67 38
        36 38
        37 38
        69 41
        39 41
        40 41
        42 43
        6 43
        56 46
        66 46
        45 46
        50 51
        16 51
        64 44
        41 44
        43 44
        46 47
        62 47
        65 48
        44 48
        47 48
        38 49
        48 49
        49 52
        51 52
        52 54
        53 54
        65 9
        64 10
        70 11
        54 12
    ]
]
