circuit_name:squar5new_processed
[
    node:
    [
        1 x0 0 PI
        2 x1 0 PI
        3 x2 0 PI
        4 x3 0 PI
        5 x4 0 PI
        6 y0 10 PO_0
        7 y1 12 PO_0
        8 y2 9 PO_0
        9 y3 5 PO_0
        10 y4 11 PO_0
        11 y5 10 PO_0
        12 y6 10 PO_0
        13 y7 10 PO_0
        14 n10 4 MAJ_0
        15 n100 6 MAJ_0
        16 n101 5 AND_1
        17 n102 6 AND_1
        18 n103 7 MAJ_0
        19 n104 5 AND_0
        20 n105 6 AND_1
        21 n106 7 MAJ_0
        22 n107 8 OR_0
        23 n108 8 MAJ_1
        24 n109 9 OR_0
        25 n11 5 AND_0
        26 n12 3 OR_0
        27 n13 5 AND_1
        28 n14 2 AND_1
        29 n15 3 AND_0
        30 n16 3 XOR_0
        31 n17 5 AND_0
        32 n18 4 AND_1
        33 n19 4 XOR_0
        34 n20 5 MAJ_1
        35 n21 6 OR_0
        36 n22 6 MAJ_1
        37 n23 7 OR_0
        38 n24 8 MAJ_1
        39 n25 9 OR_0
        40 n26 3 AND_1
        41 n27 2 AND_1
        42 n28 3 AND_0
        43 n29 5 AND_0
        44 n30 6 AND_1
        45 n31 7 MAJ_0
        46 n32 3 AND_1
        47 n33 4 AND_1
        48 n34 2 MAJ_0
        49 n35 5 AND_0
        50 n36 5 XOR_0
        51 n37 6 MAJ_1
        52 n38 8 OR_0
        53 n39 8 MAJ_1
        54 n40 9 OR_0
        55 n41 10 MAJ_1
        56 n42 11 OR_0
        57 n43 5 AND_1
        58 n44 5 XOR_0
        59 n45 6 MAJ_1
        60 n46 5 AND_0
        61 n47 6 MAJ_0
        62 n48 7 OR_0
        63 n49 8 OR_0
        64 n50 3 AND_1
        65 n51 3 AND_0
        66 n52 4 AND_1
        67 n53 5 AND_0
        68 n54 2 AND_1
        69 n55 3 AND_1
        70 n56 4 AND_0
        71 n57 3 AND_1
        72 n58 5 AND_1
        73 n59 4 XOR_0
        74 n6 2 OR_0
        75 n60 6 MAJ_1
        76 n61 5 OR_0
        77 n62 7 MAJ_1
        78 n63 8 OR_0
        79 n64 6 MAJ_1
        80 n65 9 OR_0
        81 n66 5 OR_0
        82 n67 10 MAJ_1
        83 n68 2 MAJ_1
        84 n69 5 AND_0
        85 n7 3 AND_1
        86 n70 5 OR_0
        87 n71 6 AND_1
        88 n72 7 MAJ_1
        89 n73 5 MAJ_0
        90 n74 5 MAJ_1
        91 n75 6 AND_0
        92 n76 3 OR_0
        93 n77 4 MAJ_0
        94 n78 4 MAJ_1
        95 n79 5 AND_1
        96 n8 2 AND_0
        97 n80 8 OR_0
        98 n81 8 MAJ_1
        99 n82 9 OR_0
        100 n83 5 MAJ_1
        101 n84 6 MAJ_1
        102 n85 5 AND_0
        103 n86 6 AND_1
        104 n87 7 MAJ_0
        105 n88 6 MAJ_0
        106 n89 5 AND_0
        107 n9 3 AND_0
        108 n90 6 AND_1
        109 n91 7 MAJ_0
        110 n92 8 OR_0
        111 n93 8 MAJ_1
        112 n94 9 OR_0
        113 n95 5 AND_1
        114 n96 6 AND_1
        115 n97 7 MAJ_0
        116 n98 5 MAJ_1
        117 n99 5 AND_0
        118 v1 4 VIR
        119 v10 4 VIR
        120 v11 4 VIR
        121 v12 4 VIR
        122 v13 4 VIR
        123 v14 4 VIR
        124 v15 4 VIR
        125 v16 1 VIR
        126 v17 1 VIR
        127 v18 1 VIR
        128 v19 1 VIR
        129 v2 4 VIR
        130 v20 1 VIR
        131 v21 1 VIR
        132 v22 1 VIR
        133 v23 1 VIR
        134 v24 1 VIR
        135 v25 1 VIR
        136 v26 1 VIR
        137 v27 1 VIR
        138 v28 1 VIR
        139 v29 1 VIR
        140 v3 4 VIR
        141 v30 2 VIR
        142 v31 2 VIR
        143 v32 2 VIR
        144 v33 2 VIR
        145 v34 2 VIR
        146 v35 2 VIR
        147 v36 2 VIR
        148 v37 2 VIR
        149 v38 2 VIR
        150 v39 2 VIR
        151 v4 4 VIR
        152 v40 2 VIR
        153 v41 2 VIR
        154 v42 2 VIR
        155 v43 2 VIR
        156 v44 2 VIR
        157 v5 4 VIR
        158 v6 4 VIR
        159 v7 4 VIR
        160 v8 4 VIR
        161 v9 4 VIR
    ]
    edge:
    [
        1 125
        1 126
        1 127
        2 128
        2 130
        2 131
        3 132
        3 133
        4 134
        4 135
        4 136
        5 137
        5 138
        5 139
        132 28
        135 28
        3 41
        134 41
        133 48
        135 48
        138 48
        126 68
        130 68
        132 74
        134 74
        133 83
        136 83
        139 83
        132 96
        134 96
        125 141
        125 142
        125 143
        126 144
        126 145
        127 146
        127 147
        128 148
        128 149
        128 150
        130 152
        130 153
        131 154
        131 155
        137 156
        141 26
        148 26
        156 29
        28 29
        149 30
        142 30
        138 40
        96 40
        137 42
        41 42
        141 46
        148 46
        139 64
        28 64
        143 65
        150 65
        136 69
        68 69
        138 71
        41 71
        156 85
        74 85
        139 92
        74 92
        137 107
        96 107
        142 14
        149 14
        107 14
        149 32
        29 32
        85 33
        141 33
        135 47
        46 47
        136 66
        65 66
        48 70
        69 70
        71 73
        150 73
        145 93
        153 93
        64 93
        127 94
        153 94
        92 94
        29 118
        46 119
        71 120
        71 121
        85 122
        107 123
        107 124
        29 129
        40 140
        40 151
        40 157
        42 158
        42 159
        42 160
        46 161
        145 16
        129 16
        144 19
        120 19
        123 25
        14 25
        123 27
        26 27
        118 31
        30 31
        85 34
        32 34
        33 34
        148 43
        158 43
        47 49
        48 49
        140 50
        142 50
        152 57
        124 57
        158 58
        145 58
        154 60
        129 60
        48 67
        66 67
        143 72
        140 72
        118 76
        161 76
        161 81
        64 81
        66 84
        83 84
        124 86
        118 86
        146 89
        153 89
        151 89
        146 90
        131 90
        121 90
        93 95
        94 95
        154 100
        26 100
        151 100
        144 102
        158 102
        152 106
        151 106
        152 113
        120 113
        154 116
        129 116
        159 116
        30 117
        159 117
        30 15
        116 15
        117 15
        122 17
        16 17
        157 20
        19 20
        27 35
        34 35
        25 36
        27 36
        31 36
        123 44
        43 44
        32 51
        140 51
        50 51
        159 59
        57 59
        58 59
        160 61
        58 61
        60 61
        120 75
        72 75
        73 75
        27 79
        67 79
        70 79
        68 87
        86 87
        89 91
        90 91
        26 101
        121 101
        100 101
        124 103
        102 103
        32 105
        160 105
        58 105
        122 108
        106 108
        64 114
        113 114
        155 18
        16 18
        17 18
        155 21
        19 21
        20 21
        35 37
        36 37
        144 45
        43 45
        44 45
        25 62
        59 62
        161 77
        75 77
        76 77
        67 88
        86 88
        87 88
        155 104
        102 104
        103 104
        146 109
        106 109
        108 109
        147 115
        113 115
        114 115
        15 22
        21 22
        115 23
        15 23
        18 23
        147 38
        122 38
        37 38
        45 52
        51 52
        31 53
        45 53
        49 53
        61 63
        62 63
        67 78
        77 78
        88 97
        95 97
        84 98
        88 98
        91 98
        104 110
        109 110
        101 111
        104 111
        105 111
        22 24
        23 24
        37 39
        38 39
        52 54
        53 54
        78 80
        79 80
        97 99
        98 99
        110 112
        111 112
        147 55
        157 55
        54 55
        119 82
        80 82
        81 82
        54 56
        55 56
        39 6
        56 7
        63 8
        119 9
        82 10
        99 11
        112 12
        24 13
    ]
]
