circuit_name:term1new_processed
[
    node:
    [
        1 x0 0 PI
        2 x1 0 PI
        3 x2 0 PI
        4 x3 0 PI
        5 x4 0 PI
        6 x5 0 PI
        7 x6 0 PI
        8 x7 0 PI
        9 x8 0 PI
        10 x9 0 PI
        11 x10 0 PI
        12 x11 0 PI
        13 x12 0 PI
        14 x13 0 PI
        15 x14 0 PI
        16 x15 0 PI
        17 x16 0 PI
        18 x17 0 PI
        19 x18 0 PI
        20 x19 0 PI
        21 x20 0 PI
        22 x21 0 PI
        23 x22 0 PI
        24 x23 0 PI
        25 x24 0 PI
        26 x25 0 PI
        27 x26 0 PI
        28 x27 0 PI
        29 x28 0 PI
        30 x29 0 PI
        31 x30 0 PI
        32 x31 0 PI
        33 x32 0 PI
        34 x33 0 PI
        35 y0 1 PO_1
        36 y1 5 PO_1
        37 y2 16 PO_0
        38 y3 13 PO_0
        39 y4 19 PO_0
        40 y5 22 PO_0
        41 y6 24 PO_0
        42 y7 18 PO_1
        43 y8 20 PO_0
        44 y9 23 PO_0
        45 n100 3 MAJ_1
        46 n101 12 AND_1
        47 n102 4 OR_0
        48 n103 3 OR_0
        49 n104 5 AND_0
        50 n105 4 MAJ_0
        51 n106 6 AND_0
        52 n107 7 AND_0
        53 n108 7 AND_0
        54 n109 8 AND_1
        55 n110 9 MAJ_0
        56 n111 3 AND_1
        57 n112 5 MAJ_0
        58 n113 7 AND_0
        59 n114 3 MAJ_0
        60 n115 8 AND_0
        61 n116 6 AND_0
        62 n117 6 MAJ_0
        63 n118 7 AND_0
        64 n119 9 AND_1
        65 n120 10 MAJ_0
        66 n121 10 OR_0
        67 n122 11 AND_1
        68 n123 12 MAJ_0
        69 n124 7 AND_0
        70 n125 8 AND_0
        71 n126 7 AND_0
        72 n127 7 MAJ_0
        73 n128 8 AND_0
        74 n129 9 AND_1
        75 n130 10 MAJ_0
        76 n131 11 MAJ_0
        77 n132 12 OR_0
        78 n133 14 MAJ_0
        79 n134 13 AND_1
        80 n135 15 XOR_0
        81 n136 16 MAJ_1
        82 n137 17 AND_0
        83 n138 2 MAJ_1
        84 n139 18 AND_1
        85 n140 4 AND_0
        86 n141 4 AND_1
        87 n142 5 MAJ_1
        88 n143 4 AND_0
        89 n144 3 AND_1
        90 n145 4 MAJ_0
        91 n146 5 MAJ_1
        92 n147 4 AND_0
        93 n148 4 AND_1
        94 n149 5 MAJ_1
        95 n150 4 AND_0
        96 n151 4 AND_1
        97 n152 5 MAJ_1
        98 n153 6 OR_0
        99 n154 6 MAJ_1
        100 n155 7 OR_0
        101 n156 8 AND_0
        102 n157 8 MAJ_0
        103 n158 9 AND_0
        104 n159 3 AND_0
        105 n160 4 AND_0
        106 n161 4 AND_1
        107 n162 5 MAJ_0
        108 n163 6 MAJ_1
        109 n164 3 AND_0
        110 n165 4 AND_0
        111 n166 3 AND_1
        112 n167 4 MAJ_0
        113 n168 5 MAJ_1
        114 n169 4 AND_0
        115 n170 5 AND_0
        116 n171 4 AND_1
        117 n172 5 MAJ_0
        118 n173 6 MAJ_1
        119 n174 4 AND_0
        120 n175 5 AND_0
        121 n176 3 AND_1
        122 n177 4 MAJ_0
        123 n178 6 MAJ_1
        124 n179 7 OR_0
        125 n180 7 MAJ_1
        126 n181 8 OR_0
        127 n182 9 AND_0
        128 n183 9 MAJ_0
        129 n184 10 AND_0
        130 n185 10 OR_0
        131 n186 11 AND_1
        132 n187 12 MAJ_0
        133 n188 3 AND_1
        134 n189 13 AND_1
        135 n190 3 OR_0
        136 n191 5 AND_0
        137 n192 4 MAJ_0
        138 n193 6 AND_0
        139 n194 7 AND_0
        140 n195 7 AND_0
        141 n196 8 AND_1
        142 n197 9 MAJ_0
        143 n198 11 OR_0
        144 n199 10 AND_1
        145 n200 12 MAJ_0
        146 n201 14 AND_1
        147 n202 14 AND_1
        148 n203 15 AND_0
        149 n204 15 OR_0
        150 n205 16 MAJ_1
        151 n206 3 AND_1
        152 n207 14 AND_1
        153 n208 15 OR_0
        154 n209 17 MAJ_1
        155 n210 14 OR_0
        156 n211 15 XOR_0
        157 n212 16 MAJ_0
        158 n213 17 MAJ_1
        159 n214 14 AND_1
        160 n215 15 AND_1
        161 n216 18 MAJ_0
        162 n217 19 AND_1
        163 n218 20 AND_0
        164 n219 21 AND_1
        165 n220 3 AND_0
        166 n221 3 MAJ_0
        167 n222 4 AND_0
        168 n223 3 AND_1
        169 n224 4 MAJ_0
        170 n225 5 MAJ_1
        171 n226 6 OR_0
        172 n227 7 OR_0
        173 n228 4 XOR_0
        174 n229 7 MAJ_1
        175 n230 8 MAJ_0
        176 n231 5 XOR_0
        177 n232 8 MAJ_1
        178 n233 9 MAJ_0
        179 n234 10 AND_0
        180 n235 11 AND_0
        181 n236 11 AND_0
        182 n237 3 XOR_0
        183 n238 12 MAJ_0
        184 n239 13 MAJ_0
        185 n240 3 AND_0
        186 n241 4 AND_0
        187 n242 5 AND_1
        188 n243 11 MAJ_0
        189 n244 12 OR_0
        190 n245 14 MAJ_1
        191 n246 15 AND_1
        192 n247 3 OR_0
        193 n248 4 OR_0
        194 n249 3 MAJ_0
        195 n250 5 OR_0
        196 n251 6 AND_0
        197 n252 6 MAJ_0
        198 n253 7 AND_0
        199 n254 3 OR_0
        200 n255 3 AND_1
        201 n256 4 MAJ_0
        202 n257 3 MAJ_0
        203 n258 4 OR_0
        204 n259 5 AND_0
        205 n260 5 MAJ_0
        206 n261 6 AND_0
        207 n262 5 AND_0
        208 n263 4 MAJ_0
        209 n264 6 AND_0
        210 n265 3 AND_0
        211 n266 4 MAJ_0
        212 n267 5 AND_0
        213 n268 7 OR_0
        214 n269 8 MAJ_0
        215 n270 9 OR_0
        216 n271 6 OR_0
        217 n272 3 AND_1
        218 n273 6 MAJ_1
        219 n274 7 MAJ_0
        220 n275 16 AND_1
        221 n276 17 AND_0
        222 n277 16 AND_1
        223 n278 17 AND_0
        224 n279 18 OR_0
        225 n280 19 MAJ_1
        226 n281 3 AND_0
        227 n282 4 AND_1
        228 n283 14 AND_1
        229 n284 18 OR_0
        230 n285 20 MAJ_1
        231 n286 16 OR_0
        232 n287 17 XOR_0
        233 n288 18 MAJ_0
        234 n289 19 MAJ_1
        235 n290 17 AND_1
        236 n291 20 MAJ_0
        237 n292 21 AND_1
        238 n293 22 AND_0
        239 n294 23 AND_1
        240 n295 5 OR_0
        241 n296 6 MAJ_1
        242 n297 7 MAJ_1
        243 n298 8 AND_1
        244 n299 3 MAJ_1
        245 n300 9 AND_1
        246 n301 10 AND_0
        247 n302 11 AND_1
        248 n303 3 AND_0
        249 n304 4 AND_0
        250 n305 11 AND_0
        251 n306 12 AND_0
        252 n307 3 XOR_0
        253 n308 12 MAJ_1
        254 n309 13 MAJ_1
        255 n310 4 AND_0
        256 n311 3 AND_1
        257 n312 4 MAJ_0
        258 n313 5 MAJ_1
        259 n314 4 AND_0
        260 n315 5 AND_0
        261 n316 3 AND_1
        262 n317 4 MAJ_0
        263 n318 7 MAJ_1
        264 n319 6 AND_0
        265 n320 3 AND_1
        266 n321 4 MAJ_0
        267 n322 7 MAJ_1
        268 n323 3 AND_0
        269 n324 4 AND_0
        270 n325 4 AND_1
        271 n326 5 MAJ_0
        272 n327 6 MAJ_1
        273 n328 8 OR_0
        274 n329 8 MAJ_1
        275 n330 9 OR_0
        276 n331 13 XOR_0
        277 n332 14 MAJ_1
        278 n333 15 MAJ_1
        279 n334 3 MAJ_0
        280 n335 4 AND_0
        281 n336 6 AND_1
        282 n337 7 MAJ_1
        283 n338 10 MAJ_1
        284 n339 3 XOR_0
        285 n340 8 MAJ_1
        286 n341 11 MAJ_0
        287 n342 7 XOR_0
        288 n343 11 MAJ_1
        289 n344 12 MAJ_0
        290 n345 7 AND_0
        291 n346 6 MAJ_1
        292 n347 8 AND_0
        293 n348 12 AND_1
        294 n349 13 MAJ_0
        295 n35 3 MAJ_0
        296 n350 14 MAJ_1
        297 n351 16 MAJ_1
        298 n352 17 AND_1
        299 n353 4 AND_0
        300 n354 3 OR_0
        301 n355 3 AND_0
        302 n356 5 AND_0
        303 n357 6 AND_1
        304 n358 5 MAJ_1
        305 n359 7 AND_0
        306 n36 3 MAJ_1
        307 n360 8 MAJ_1
        308 n361 9 MAJ_1
        309 n362 9 MAJ_1
        310 n363 10 AND_1
        311 n364 5 MAJ_0
        312 n365 11 MAJ_1
        313 n366 4 OR_0
        314 n367 5 MAJ_1
        315 n368 11 MAJ_1
        316 n369 4 AND_1
        317 n37 4 MAJ_1
        318 n370 5 AND_0
        319 n371 12 XOR_0
        320 n372 13 MAJ_0
        321 n373 14 MAJ_0
        322 n374 4 MAJ_0
        323 n375 5 XOR_0
        324 n376 12 OR_0
        325 n377 12 AND_1
        326 n378 13 MAJ_0
        327 n379 5 AND_0
        328 n38 1 AND_1
        329 n380 3 AND_1
        330 n381 4 AND_0
        331 n382 7 AND_0
        332 n383 7 MAJ_0
        333 n384 8 AND_0
        334 n385 15 MAJ_0
        335 n386 16 OR_0
        336 n387 5 AND_1
        337 n388 6 MAJ_1
        338 n389 3 AND_1
        339 n39 2 XOR_0
        340 n390 3 MAJ_1
        341 n391 4 AND_0
        342 n392 4 MAJ_0
        343 n393 5 MAJ_1
        344 n394 6 AND_1
        345 n395 3 AND_0
        346 n396 4 AND_1
        347 n397 7 MAJ_0
        348 n398 8 AND_0
        349 n399 9 AND_0
        350 n40 3 XOR_0
        351 n400 9 AND_0
        352 n401 4 MAJ_1
        353 n402 10 AND_0
        354 n403 3 XOR_0
        355 n404 10 MAJ_1
        356 n405 11 MAJ_1
        357 n406 5 XOR_0
        358 n407 11 MAJ_1
        359 n408 12 MAJ_1
        360 n409 3 XOR_0
        361 n41 4 XOR_0
        362 n410 4 MAJ_1
        363 n411 5 MAJ_1
        364 n412 4 AND_1
        365 n413 5 AND_0
        366 n414 4 AND_0
        367 n415 5 MAJ_0
        368 n416 6 MAJ_1
        369 n417 7 AND_0
        370 n418 7 MAJ_0
        371 n419 8 AND_0
        372 n42 1 OR_0
        373 n420 4 AND_0
        374 n421 9 XOR_0
        375 n422 10 MAJ_1
        376 n423 13 MAJ_0
        377 n424 14 AND_0
        378 n425 17 AND_0
        379 n426 15 XOR_0
        380 n427 18 MAJ_1
        381 n428 2 AND_1
        382 n429 19 AND_0
        383 n43 2 OR_0
        384 n430 3 AND_0
        385 n431 3 MAJ_0
        386 n432 4 AND_0
        387 n433 7 OR_0
        388 n434 5 AND_1
        389 n435 8 MAJ_1
        390 n436 3 AND_0
        391 n437 3 MAJ_0
        392 n438 4 AND_0
        393 n439 3 OR_0
        394 n44 3 MAJ_1
        395 n440 7 MAJ_1
        396 n441 8 MAJ_1
        397 n442 3 OR_0
        398 n443 5 AND_0
        399 n444 9 MAJ_1
        400 n445 5 AND_1
        401 n446 10 MAJ_0
        402 n447 3 AND_1
        403 n448 3 MAJ_1
        404 n449 4 AND_0
        405 n45 4 MAJ_1
        406 n450 11 AND_1
        407 n451 7 MAJ_1
        408 n452 12 AND_0
        409 n453 6 AND_0
        410 n454 4 MAJ_1
        411 n455 7 AND_1
        412 n456 6 AND_0
        413 n457 6 OR_0
        414 n458 8 AND_1
        415 n459 9 MAJ_0
        416 n46 5 AND_0
        417 n460 13 MAJ_0
        418 n461 13 MAJ_1
        419 n462 14 AND_1
        420 n463 15 AND_1
        421 n464 3 AND_1
        422 n465 7 AND_0
        423 n466 8 MAJ_1
        424 n467 9 AND_1
        425 n468 5 MAJ_1
        426 n469 6 MAJ_1
        427 n47 6 MAJ_1
        428 n470 7 AND_0
        429 n471 3 MAJ_1
        430 n472 4 MAJ_1
        431 n473 4 MAJ_1
        432 n474 5 AND_0
        433 n475 8 AND_1
        434 n476 9 MAJ_0
        435 n477 7 XOR_0
        436 n478 8 MAJ_1
        437 n479 9 AND_0
        438 n48 7 AND_1
        439 n480 10 MAJ_1
        440 n481 11 AND_0
        441 n482 4 MAJ_0
        442 n483 4 MAJ_1
        443 n484 5 AND_0
        444 n485 5 AND_0
        445 n486 6 AND_1
        446 n487 7 MAJ_1
        447 n488 8 AND_1
        448 n489 8 MAJ_1
        449 n49 8 AND_1
        450 n490 9 AND_1
        451 n491 10 AND_1
        452 n492 3 MAJ_1
        453 n493 11 AND_0
        454 n494 12 OR_0
        455 n495 16 MAJ_1
        456 n496 17 OR_0
        457 n497 16 OR_0
        458 n498 3 AND_0
        459 n499 3 MAJ_0
        460 n50 2 AND_1
        461 n500 4 AND_1
        462 n501 17 AND_1
        463 n502 18 AND_1
        464 n503 19 MAJ_1
        465 n504 9 AND_1
        466 n505 18 AND_1
        467 n506 20 MAJ_0
        468 n507 16 AND_1
        469 n508 6 XOR_0
        470 n509 17 MAJ_1
        471 n51 3 XOR_0
        472 n510 18 MAJ_1
        473 n511 9 AND_1
        474 n512 17 OR_0
        475 n513 19 MAJ_1
        476 n514 21 AND_0
        477 n515 22 AND_0
        478 n52 4 XOR_0
        479 n53 3 AND_1
        480 n54 4 OR_0
        481 n55 8 AND_1
        482 n56 9 AND_0
        483 n57 9 OR_0
        484 n58 10 MAJ_1
        485 n59 9 MAJ_0
        486 n60 10 AND_0
        487 n61 8 OR_0
        488 n62 9 XOR_0
        489 n63 10 MAJ_0
        490 n64 11 MAJ_1
        491 n65 9 MAJ_1
        492 n66 10 OR_0
        493 n67 11 AND_1
        494 n68 12 MAJ_1
        495 n69 13 AND_1
        496 n70 5 MAJ_1
        497 n71 14 MAJ_0
        498 n72 15 AND_1
        499 n73 2 AND_1
        500 n74 3 AND_0
        501 n75 3 AND_0
        502 n76 5 AND_0
        503 n77 5 AND_1
        504 n78 6 MAJ_1
        505 n79 3 AND_0
        506 n80 5 AND_0
        507 n81 5 AND_1
        508 n82 6 MAJ_1
        509 n83 3 AND_0
        510 n84 5 AND_0
        511 n85 5 AND_1
        512 n86 6 MAJ_1
        513 n87 5 AND_0
        514 n88 5 AND_1
        515 n89 6 MAJ_1
        516 n90 7 OR_0
        517 n91 7 MAJ_1
        518 n92 8 OR_0
        519 n93 3 OR_0
        520 n94 3 AND_1
        521 n95 5 MAJ_0
        522 n96 2 AND_0
        523 n97 9 AND_1
        524 n98 10 MAJ_1
        525 n99 11 AND_1
        526 v1 4 VIR
        527 v10 6 VIR
        528 v100 2 VIR
        529 v101 2 VIR
        530 v102 2 VIR
        531 v103 2 VIR
        532 v104 2 VIR
        533 v105 2 VIR
        534 v106 2 VIR
        535 v107 2 VIR
        536 v108 2 VIR
        537 v109 2 VIR
        538 v11 6 VIR
        539 v110 2 VIR
        540 v111 2 VIR
        541 v112 2 VIR
        542 v113 2 VIR
        543 v114 2 VIR
        544 v115 2 VIR
        545 v116 2 VIR
        546 v117 2 VIR
        547 v118 2 VIR
        548 v119 2 VIR
        549 v12 6 VIR
        550 v120 2 VIR
        551 v121 2 VIR
        552 v122 2 VIR
        553 v123 2 VIR
        554 v124 2 VIR
        555 v125 2 VIR
        556 v126 2 VIR
        557 v127 2 VIR
        558 v128 2 VIR
        559 v129 2 VIR
        560 v13 4 VIR
        561 v130 2 VIR
        562 v131 2 VIR
        563 v132 2 VIR
        564 v133 2 VIR
        565 v134 2 VIR
        566 v135 2 VIR
        567 v136 2 VIR
        568 v137 2 VIR
        569 v138 2 VIR
        570 v139 2 VIR
        571 v14 4 VIR
        572 v140 2 VIR
        573 v141 2 VIR
        574 v142 2 VIR
        575 v143 2 VIR
        576 v144 2 VIR
        577 v145 2 VIR
        578 v146 2 VIR
        579 v147 2 VIR
        580 v148 2 VIR
        581 v149 2 VIR
        582 v15 4 VIR
        583 v150 2 VIR
        584 v151 2 VIR
        585 v152 2 VIR
        586 v153 2 VIR
        587 v154 2 VIR
        588 v155 2 VIR
        589 v156 2 VIR
        590 v157 2 VIR
        591 v158 2 VIR
        592 v159 2 VIR
        593 v16 11 VIR
        594 v160 2 VIR
        595 v161 2 VIR
        596 v162 2 VIR
        597 v163 2 VIR
        598 v164 2 VIR
        599 v165 2 VIR
        600 v166 2 VIR
        601 v167 2 VIR
        602 v168 2 VIR
        603 v169 2 VIR
        604 v17 5 VIR
        605 v170 2 VIR
        606 v171 2 VIR
        607 v172 2 VIR
        608 v173 2 VIR
        609 v174 2 VIR
        610 v175 2 VIR
        611 v176 2 VIR
        612 v177 2 VIR
        613 v178 2 VIR
        614 v179 2 VIR
        615 v18 6 VIR
        616 v180 2 VIR
        617 v181 2 VIR
        618 v182 2 VIR
        619 v183 2 VIR
        620 v184 2 VIR
        621 v185 2 VIR
        622 v186 2 VIR
        623 v187 2 VIR
        624 v188 2 VIR
        625 v189 2 VIR
        626 v19 5 VIR
        627 v190 2 VIR
        628 v191 2 VIR
        629 v192 2 VIR
        630 v193 2 VIR
        631 v194 2 VIR
        632 v195 2 VIR
        633 v196 2 VIR
        634 v197 2 VIR
        635 v198 2 VIR
        636 v199 2 VIR
        637 v2 6 VIR
        638 v20 9 VIR
        639 v200 2 VIR
        640 v201 2 VIR
        641 v202 2 VIR
        642 v203 2 VIR
        643 v204 2 VIR
        644 v205 2 VIR
        645 v206 2 VIR
        646 v207 2 VIR
        647 v208 3 VIR
        648 v209 3 VIR
        649 v21 4 VIR
        650 v210 3 VIR
        651 v211 3 VIR
        652 v212 3 VIR
        653 v213 3 VIR
        654 v214 3 VIR
        655 v215 3 VIR
        656 v216 3 VIR
        657 v217 3 VIR
        658 v218 3 VIR
        659 v219 3 VIR
        660 v22 4 VIR
        661 v220 3 VIR
        662 v221 3 VIR
        663 v222 3 VIR
        664 v223 3 VIR
        665 v23 4 VIR
        666 v24 4 VIR
        667 v25 4 VIR
        668 v26 4 VIR
        669 v27 4 VIR
        670 v28 6 VIR
        671 v29 6 VIR
        672 v3 13 VIR
        673 v30 6 VIR
        674 v31 1 VIR
        675 v32 1 VIR
        676 v33 1 VIR
        677 v34 1 VIR
        678 v35 1 VIR
        679 v36 1 VIR
        680 v37 1 VIR
        681 v38 1 VIR
        682 v39 1 VIR
        683 v4 13 VIR
        684 v40 1 VIR
        685 v41 1 VIR
        686 v42 1 VIR
        687 v43 1 VIR
        688 v44 1 VIR
        689 v45 1 VIR
        690 v46 1 VIR
        691 v47 1 VIR
        692 v48 1 VIR
        693 v49 1 VIR
        694 v5 5 VIR
        695 v50 1 VIR
        696 v51 1 VIR
        697 v52 1 VIR
        698 v53 1 VIR
        699 v54 1 VIR
        700 v55 1 VIR
        701 v56 1 VIR
        702 v57 1 VIR
        703 v58 1 VIR
        704 v59 1 VIR
        705 v6 4 VIR
        706 v60 1 VIR
        707 v61 1 VIR
        708 v62 1 VIR
        709 v63 1 VIR
        710 v64 1 VIR
        711 v65 1 VIR
        712 v66 1 VIR
        713 v67 1 VIR
        714 v68 1 VIR
        715 v69 1 VIR
        716 v7 15 VIR
        717 v70 1 VIR
        718 v71 1 VIR
        719 v72 1 VIR
        720 v73 1 VIR
        721 v74 1 VIR
        722 v75 1 VIR
        723 v76 1 VIR
        724 v77 1 VIR
        725 v78 1 VIR
        726 v79 1 VIR
        727 v8 5 VIR
        728 v80 1 VIR
        729 v81 1 VIR
        730 v82 1 VIR
        731 v83 1 VIR
        732 v84 1 VIR
        733 v85 1 VIR
        734 v86 1 VIR
        735 v87 1 VIR
        736 v88 1 VIR
        737 v89 1 VIR
        738 v9 5 VIR
        739 v90 1 VIR
        740 v91 1 VIR
        741 v92 1 VIR
        742 v93 1 VIR
        743 v94 1 VIR
        744 v95 5 VIR
        745 v96 5 VIR
        746 v97 5 VIR
        747 v98 2 VIR
        748 v99 2 VIR
    ]
    edge:
    [
        28 328
        29 328
        24 372
        27 372
        1 674
        1 675
        1 676
        2 677
        11 678
        11 679
        11 680
        12 681
        12 682
        12 684
        13 685
        13 686
        13 687
        14 688
        14 689
        14 690
        16 691
        16 692
        16 693
        17 695
        18 696
        18 697
        18 698
        19 699
        19 700
        3 701
        3 702
        3 703
        21 704
        21 706
        22 707
        22 708
        22 709
        23 710
        23 711
        23 712
        24 713
        26 714
        26 715
        27 717
        30 718
        4 719
        4 720
        4 721
        31 722
        32 723
        5 724
        5 725
        5 726
        6 728
        6 729
        6 730
        7 731
        7 732
        7 733
        8 734
        8 735
        8 736
        9 737
        9 739
        9 740
        10 741
        10 742
        10 743
        677 83
        700 83
        706 83
        717 339
        713 339
        677 381
        20 381
        707 383
        26 383
        711 460
        25 460
        2 499
        699 499
        709 522
        712 522
        674 528
        675 529
        675 530
        675 531
        676 532
        676 533
        676 534
        678 535
        678 536
        679 537
        679 539
        680 540
        680 541
        681 542
        681 543
        681 544
        682 545
        682 546
        682 547
        684 548
        684 550
        685 551
        686 552
        687 553
        688 554
        688 555
        689 556
        689 557
        690 558
        690 559
        691 561
        691 562
        691 563
        692 564
        692 565
        693 566
        693 567
        701 568
        701 569
        701 570
        702 572
        702 573
        702 574
        703 575
        703 576
        703 577
        707 578
        707 579
        708 580
        709 581
        710 583
        711 584
        712 585
        719 586
        719 587
        719 588
        720 589
        720 590
        720 591
        721 592
        721 594
        721 595
        724 596
        724 597
        724 598
        725 599
        725 600
        725 601
        726 602
        726 603
        726 605
        728 606
        728 607
        728 608
        729 609
        729 610
        729 611
        730 612
        730 613
        730 614
        731 616
        731 617
        732 618
        732 619
        733 620
        733 621
        734 622
        734 623
        734 624
        735 625
        735 627
        735 628
        736 629
        736 630
        736 631
        737 632
        737 633
        737 634
        739 635
        739 636
        740 639
        740 640
        741 641
        741 642
        742 643
        742 644
        743 645
        743 646
        674 747
        674 748
        605 45
        706 45
        499 45
        592 48
        690 48
        587 56
        556 56
        748 59
        572 59
        642 59
        542 89
        554 89
        569 104
        641 104
        747 109
        568 109
        741 111
        543 111
        747 121
        569 121
        636 133
        710 133
        748 135
        642 135
        620 151
        639 151
        688 165
        561 165
        622 166
        561 166
        696 166
        596 168
        731 168
        643 182
        528 182
        597 185
        617 185
        597 192
        624 192
        617 194
        624 194
        633 194
        633 199
        556 199
        617 200
        565 200
        597 202
        732 202
        557 202
        613 210
        558 210
        575 217
        547 217
        620 226
        639 226
        699 244
        578 244
        583 244
        598 248
        634 248
        550 252
        646 252
        629 256
        558 256
        558 261
        566 261
        594 265
        630 265
        594 268
        566 268
        614 279
        559 279
        567 279
        684 284
        595 284
        15 295
        581 295
        585 295
        596 300
        616 300
        748 301
        34 301
        695 306
        581 306
        585 306
        530 329
        576 329
        588 338
        718 338
        570 340
        588 340
        610 340
        590 345
        627 345
        339 350
        709 350
        539 354
        639 354
        34 360
        607 360
        537 384
        552 384
        600 385
        733 385
        687 385
        632 390
        678 390
        596 391
        616 391
        535 391
        570 393
        30 393
        578 394
        372 394
        383 394
        535 397
        685 397
        633 402
        685 402
        598 403
        618 403
        551 403
        574 421
        722 421
        589 429
        612 429
        627 429
        576 452
        539 452
        552 452
        631 458
        718 458
        532 459
        631 459
        17 459
        460 471
        717 471
        578 479
        714 479
        568 500
        554 500
        542 501
        554 501
        568 505
        586 505
        586 509
        542 509
        622 519
        696 519
        606 520
        561 520
        606 647
        607 648
        608 650
        609 651
        610 652
        611 653
        612 654
        613 655
        614 656
        622 657
        623 658
        625 659
        627 661
        629 662
        630 663
        747 664
        651 47
        564 47
        574 50
        546 50
        48 50
        562 85
        509 85
        648 86
        501 86
        648 88
        505 88
        555 90
        562 90
        89 90
        563 92
        505 92
        608 93
        500 93
        562 95
        500 95
        648 96
        509 96
        564 105
        104 105
        664 106
        543 106
        608 110
        109 110
        543 112
        563 112
        111 112
        569 114
        647 114
        664 116
        607 116
        647 119
        641 119
        570 122
        692 122
        121 122
        572 137
        545 137
        135 137
        165 167
        166 167
        616 169
        632 169
        168 169
        555 173
        650 173
        632 186
        185 186
        696 193
        192 193
        618 201
        199 201
        200 201
        557 203
        202 203
        592 208
        654 208
        565 208
        613 211
        662 211
        697 211
        540 227
        226 227
        540 249
        248 249
        698 255
        210 255
        559 257
        567 257
        256 257
        586 259
        647 259
        566 262
        697 262
        261 262
        663 266
        567 266
        265 266
        698 269
        268 269
        655 270
        629 270
        501 280
        279 280
        723 299
        109 299
        587 313
        651 313
        595 316
        656 316
        581 317
        295 317
        306 317
        600 322
        636 322
        168 322
        722 330
        329 330
        338 341
        340 341
        590 342
        661 342
        551 342
        655 346
        345 346
        589 352
        653 352
        625 352
        350 361
        712 361
        33 362
        34 362
        360 362
        653 364
        31 364
        659 366
        723 366
        340 373
        345 373
        384 386
        385 386
        390 392
        391 392
        402 404
        403 404
        710 405
        25 405
        394 405
        652 410
        623 410
        32 410
        591 430
        654 430
        429 430
        628 431
        31 431
        429 431
        588 441
        652 441
        623 441
        611 442
        657 442
        32 442
        458 461
        459 461
        471 478
        713 478
        339 480
        479 480
        48 526
        300 560
        300 571
        300 582
        500 649
        501 660
        505 665
        509 666
        519 667
        519 668
        519 669
        121 705
        47 49
        48 49
        589 57
        47 57
        56 57
        609 87
        85 87
        86 87
        88 91
        89 91
        90 91
        651 94
        92 94
        93 94
        609 97
        95 97
        96 97
        544 107
        564 107
        106 107
        110 113
        111 113
        112 113
        641 115
        114 115
        650 117
        545 117
        116 117
        544 120
        119 120
        47 136
        135 136
        167 170
        168 170
        169 170
        667 176
        555 176
        104 187
        186 187
        668 195
        194 195
        201 204
        203 204
        598 205
        693 205
        203 205
        592 207
        668 207
        210 212
        211 212
        551 240
        186 240
        255 258
        256 258
        257 258
        657 260
        259 260
        630 271
        559 271
        270 271
        88 302
        301 302
        625 304
        535 304
        560 304
        576 311
        33 311
        705 311
        614 314
        663 314
        313 314
        631 318
        316 318
        322 323
        540 323
        718 327
        705 327
        739 336
        560 336
        661 343
        686 343
        341 343
        582 357
        680 357
        611 363
        658 363
        362 363
        352 365
        364 365
        612 367
        628 367
        366 367
        640 388
        386 388
        392 398
        397 398
        624 400
        259 400
        394 416
        405 416
        591 425
        628 425
        352 425
        430 432
        431 432
        441 443
        442 443
        410 444
        441 444
        704 496
        328 496
        361 496
        743 502
        649 502
        531 503
        660 503
        644 506
        660 506
        531 507
        665 507
        645 510
        665 510
        532 511
        666 511
        644 513
        666 513
        531 514
        649 514
        606 521
        667 521
        520 521
        352 604
        461 626
        88 694
        186 727
        259 738
        667 744
        668 745
        669 746
        49 51
        50 51
        545 61
        57 61
        528 62
        642 62
        57 62
        91 98
        97 98
        87 99
        91 99
        94 99
        105 108
        106 108
        107 108
        115 118
        116 118
        117 118
        120 123
        121 123
        122 123
        136 138
        137 138
        587 171
        170 171
        193 196
        195 196
        634 197
        565 197
        195 197
        204 206
        205 206
        207 209
        208 209
        135 216
        727 216
        547 218
        727 218
        217 218
        536 241
        686 241
        240 241
        698 264
        738 264
        269 272
        270 272
        271 272
        745 281
        280 281
        577 291
        645 291
        746 291
        659 303
        302 303
        536 337
        560 337
        336 337
        342 344
        343 344
        594 368
        366 368
        367 368
        658 409
        363 409
        591 412
        363 412
        574 413
        365 413
        654 426
        722 426
        604 426
        24 427
        27 427
        416 427
        443 445
        444 445
        461 469
        694 469
        533 504
        502 504
        503 504
        532 508
        506 508
        507 508
        533 512
        510 512
        511 512
        533 515
        513 515
        514 515
        260 527
        260 538
        260 549
        363 615
        57 637
        521 670
        521 671
        521 673
        530 52
        51 52
        644 53
        51 53
        572 58
        637 58
        61 63
        62 63
        573 69
        671 69
        546 71
        670 71
        529 72
        643 72
        670 72
        98 100
        99 100
        113 124
        123 124
        108 125
        113 125
        118 125
        662 139
        138 139
        697 140
        138 140
        670 172
        170 172
        689 174
        171 174
        173 174
        196 198
        197 198
        209 213
        212 213
        216 219
        217 219
        218 219
        2 242
        240 242
        241 242
        538 263
        261 263
        262 263
        264 267
        265 267
        266 267
        577 282
        669 282
        281 282
        671 287
        548 287
        645 290
        637 290
        303 305
        304 305
        549 331
        323 331
        549 332
        327 332
        330 332
        344 347
        345 347
        346 347
        615 369
        368 369
        575 370
        615 370
        365 370
        687 387
        337 387
        30 395
        527 395
        393 395
        573 407
        527 407
        404 407
        409 411
        410 411
        538 422
        421 422
        425 428
        426 428
        527 435
        575 435
        416 438
        427 438
        248 446
        444 446
        445 446
        508 516
        515 516
        504 517
        508 517
        512 517
        52 54
        53 54
        58 60
        59 60
        59 70
        69 70
        71 73
        72 73
        744 101
        100 101
        528 102
        742 102
        100 102
        124 126
        125 126
        139 141
        140 141
        610 175
        172 175
        174 175
        556 177
        172 177
        176 177
        198 214
        206 214
        212 214
        19 243
        242 243
        263 273
        272 273
        258 274
        263 274
        267 274
        548 285
        282 285
        284 285
        290 292
        291 292
        635 307
        536 307
        305 307
        331 333
        332 333
        337 348
        347 348
        369 371
        370 371
        640 389
        387 389
        388 389
        313 396
        393 396
        395 396
        411 414
        412 414
        571 423
        336 423
        422 423
        428 433
        432 433
        538 436
        369 436
        435 436
        412 447
        446 447
        619 448
        635 448
        446 448
        584 449
        438 449
        438 481
        480 481
        25 487
        438 487
        516 518
        517 518
        669 55
        53 55
        54 55
        60 64
        63 64
        70 74
        73 74
        101 103
        102 103
        744 127
        126 127
        590 128
        557 128
        126 128
        526 142
        140 142
        141 142
        744 178
        171 178
        177 178
        213 215
        214 215
        243 245
        244 245
        273 275
        274 275
        635 308
        679 308
        307 308
        571 309
        305 309
        307 309
        577 349
        348 349
        656 351
        348 351
        371 374
        534 374
        396 399
        397 399
        398 399
        412 415
        413 415
        414 415
        397 424
        423 424
        571 434
        432 434
        433 434
        384 437
        436 437
        447 450
        448 450
        694 465
        389 465
        389 473
        626 473
        449 482
        478 482
        714 483
        481 483
        708 485
        478 485
        481 485
        487 488
        449 488
        714 491
        478 491
        487 491
        518 523
        673 523
        487 638
        745 65
        63 65
        64 65
        584 66
        55 66
        526 75
        73 75
        74 75
        127 129
        128 129
        618 130
        103 130
        599 144
        142 144
        175 179
        178 179
        21 246
        245 246
        746 283
        275 283
        281 283
        308 310
        309 310
        351 353
        604 353
        541 355
        349 355
        354 355
        371 375
        373 375
        374 375
        738 401
        399 401
        400 401
        636 439
        384 439
        434 439
        537 451
        450 451
        715 484
        482 484
        483 484
        481 486
        485 486
        715 489
        638 489
        488 489
        638 492
        491 492
        673 524
        522 524
        523 524
        580 67
        65 67
        579 76
        711 76
        75 76
        599 131
        129 131
        619 143
        65 143
        573 180
        179 180
        546 181
        179 181
        104 188
        179 188
        187 188
        553 247
        246 247
        620 250
        246 250
        595 286
        283 286
        285 286
        548 288
        283 288
        287 288
        705 312
        310 312
        311 312
        310 315
        313 315
        314 315
        640 356
        353 356
        355 356
        541 358
        353 358
        357 358
        401 406
        404 406
        437 440
        439 440
        451 453
        452 453
        580 490
        449 490
        489 490
        486 493
        492 493
        704 525
        524 525
        310 593
        525 46
        45 46
        580 68
        66 68
        67 68
        75 77
        76 77
        599 132
        130 132
        131 132
        600 145
        143 145
        144 145
        643 183
        180 183
        182 183
        583 189
        188 189
        249 251
        250 251
        550 253
        247 253
        252 253
        671 289
        282 289
        288 289
        534 293
        286 293
        318 319
        315 319
        312 324
        318 324
        593 325
        323 325
        582 359
        349 359
        358 359
        406 408
        407 408
        424 454
        453 454
        484 494
        486 494
        490 494
        621 79
        68 79
        132 134
        133 134
        529 184
        181 184
        183 184
        646 254
        251 254
        253 254
        251 276
        247 276
        286 294
        289 294
        293 294
        312 320
        318 320
        319 320
        593 326
        324 326
        325 326
        356 376
        359 376
        375 376
        529 417
        373 417
        408 417
        530 418
        408 418
        415 418
        493 495
        494 495
        77 672
        77 683
        603 78
        621 78
        683 78
        134 146
        145 146
        579 147
        134 147
        672 152
        151 152
        740 155
        134 155
        602 159
        672 159
        537 190
        583 190
        184 190
        683 228
        227 228
        550 277
        251 277
        276 277
        292 296
        293 296
        294 296
        299 321
        315 321
        320 321
        375 377
        376 377
        417 419
        418 419
        704 497
        328 497
        495 497
        78 80
        605 80
        77 148
        147 148
        601 149
        146 149
        146 153
        152 153
        155 156
        147 156
        155 160
        159 160
        189 191
        190 191
        247 278
        275 278
        277 278
        321 334
        326 334
        333 334
        377 379
        15 379
        17 420
        419 420
        496 498
        497 498
        159 716
        78 81
        79 81
        80 81
        603 150
        148 150
        149 150
        601 157
        155 157
        156 157
        191 220
        215 220
        708 222
        191 222
        539 231
        191 231
        254 297
        278 297
        296 297
        333 335
        334 335
        420 455
        424 455
        440 455
        534 457
        420 457
        695 468
        420 468
        699 82
        81 82
        150 154
        152 154
        153 154
        147 158
        151 158
        157 158
        219 221
        220 221
        672 223
        222 223
        231 232
        222 232
        159 235
        231 235
        296 298
        297 298
        553 378
        335 378
        454 456
        455 456
        389 462
        457 462
        626 470
        468 470
        469 470
        468 474
        473 474
        82 84
        83 84
        158 161
        716 161
        160 161
        602 224
        221 224
        221 229
        228 229
        602 233
        231 233
        232 233
        377 380
        378 380
        379 380
        456 463
        461 463
        456 466
        465 466
        694 472
        457 472
        470 472
        154 162
        161 162
        603 225
        223 225
        224 225
        222 234
        227 234
        233 234
        380 382
        381 382
        456 464
        462 464
        463 464
        472 475
        473 475
        474 475
        700 163
        162 163
        225 230
        228 230
        229 230
        716 236
        234 236
        235 236
        464 467
        465 467
        466 467
        83 164
        163 164
        230 237
        236 237
        467 476
        475 476
        700 238
        237 238
        381 477
        476 477
        83 239
        238 239
        15 35
        317 36
        498 37
        46 38
        84 39
        164 40
        239 41
        298 42
        382 43
        477 44
    ]
]
