circuit_name:ttt2new_processed
[
    node:
    [
        1 x0 0 PI
        2 x1 0 PI
        3 x2 0 PI
        4 x3 0 PI
        5 x4 0 PI
        6 x5 0 PI
        7 x6 0 PI
        8 x7 0 PI
        9 x8 0 PI
        10 x9 0 PI
        11 x10 0 PI
        12 x11 0 PI
        13 x12 0 PI
        14 x13 0 PI
        15 x14 0 PI
        16 x15 0 PI
        17 x16 0 PI
        18 x17 0 PI
        19 x18 0 PI
        20 x19 0 PI
        21 x20 0 PI
        22 x21 0 PI
        23 x22 0 PI
        24 x23 0 PI
        25 y0 15 PO_0
        26 y1 9 PO_0
        27 y2 19 PO_0
        28 y3 8 PO_0
        29 y4 11 PO_1
        30 y5 4 PO_1
        31 y6 7 PO_0
        32 y7 6 PO_0
        33 y8 9 PO_0
        34 y9 14 PO_0
        35 y10 10 PO_1
        36 y11 14 PO_0
        37 y12 14 PO_0
        38 y13 17 PO_0
        39 y14 12 PO_0
        40 y15 13 PO_0
        41 y16 12 PO_0
        42 y17 13 PO_0
        43 y18 12 PO_0
        44 y19 5 PO_0
        45 y20 4 PO_0
        46 n100 13 MAJ_1
        47 n101 6 AND_1
        48 n102 9 MAJ_1
        49 n103 10 AND_1
        50 n104 11 OR_0
        51 n105 12 AND_0
        52 n106 14 MAJ_1
        53 n107 15 OR_0
        54 n108 13 MAJ_1
        55 n109 16 OR_0
        56 n110 7 AND_0
        57 n111 8 AND_0
        58 n112 8 AND_0
        59 n113 9 AND_0
        60 n114 10 MAJ_0
        61 n115 11 AND_0
        62 n116 4 AND_1
        63 n117 9 OR_0
        64 n118 12 MAJ_1
        65 n119 6 AND_0
        66 n120 8 AND_0
        67 n121 9 AND_0
        68 n122 12 OR_0
        69 n123 13 MAJ_1
        70 n124 8 AND_1
        71 n125 3 MAJ_1
        72 n126 9 AND_0
        73 n127 14 OR_0
        74 n128 12 MAJ_0
        75 n129 15 OR_0
        76 n130 9 AND_0
        77 n131 3 MAJ_1
        78 n132 9 AND_0
        79 n133 3 AND_0
        80 n134 10 MAJ_0
        81 n135 11 MAJ_1
        82 n136 12 OR_0
        83 n137 12 MAJ_0
        84 n138 13 OR_0
        85 n139 3 AND_1
        86 n140 9 AND_0
        87 n141 4 MAJ_1
        88 n142 10 AND_1
        89 n143 9 AND_1
        90 n144 9 AND_0
        91 n145 10 AND_1
        92 n146 11 MAJ_1
        93 n147 12 OR_0
        94 n148 12 MAJ_1
        95 n149 13 OR_0
        96 n150 7 AND_1
        97 n151 8 MAJ_1
        98 n152 9 AND_1
        99 n153 11 AND_1
        100 n154 9 AND_1
        101 n155 12 MAJ_1
        102 n156 13 OR_0
        103 n157 13 MAJ_0
        104 n158 14 OR_0
        105 n159 11 AND_0
        106 n160 9 OR_0
        107 n161 12 MAJ_1
        108 n162 11 OR_0
        109 n163 12 AND_1
        110 n164 13 MAJ_1
        111 n165 14 OR_0
        112 n166 15 MAJ_1
        113 n167 16 OR_0
        114 n168 17 OR_0
        115 n169 17 MAJ_1
        116 n170 18 OR_0
        117 n171 5 MAJ_1
        118 n172 3 AND_1
        119 n173 6 MAJ_0
        120 n174 6 OR_0
        121 n175 7 AND_1
        122 n176 4 AND_1
        123 n177 4 MAJ_1
        124 n178 5 AND_1
        125 n179 5 MAJ_1
        126 n180 6 MAJ_1
        127 n181 4 AND_1
        128 n182 3 AND_1
        129 n183 5 AND_1
        130 n184 6 MAJ_1
        131 n185 7 OR_0
        132 n186 8 OR_0
        133 n187 9 MAJ_1
        134 n188 10 OR_0
        135 n189 3 OR_0
        136 n190 4 AND_1
        137 n191 3 AND_0
        138 n192 3 MAJ_0
        139 n193 4 AND_1
        140 n194 3 AND_1
        141 n195 4 AND_1
        142 n196 5 OR_0
        143 n197 6 OR_0
        144 n198 3 AND_0
        145 n199 4 XOR_0
        146 n200 5 AND_1
        147 n201 3 MAJ_1
        148 n202 4 MAJ_1
        149 n203 5 AND_1
        150 n204 6 XOR_0
        151 n205 4 AND_0
        152 n206 7 OR_0
        153 n207 5 MAJ_1
        154 n208 8 AND_1
        155 n209 3 OR_0
        156 n210 4 AND_1
        157 n211 3 AND_1
        158 n212 4 AND_1
        159 n213 5 MAJ_0
        160 n214 6 OR_0
        161 n215 3 AND_1
        162 n216 3 MAJ_1
        163 n217 4 AND_1
        164 n218 2 AND_1
        165 n219 4 AND_0
        166 n220 3 OR_0
        167 n221 7 AND_1
        168 n222 7 OR_0
        169 n223 8 MAJ_1
        170 n224 9 OR_0
        171 n225 6 AND_1
        172 n226 8 AND_0
        173 n227 7 OR_0
        174 n228 9 MAJ_1
        175 n229 7 AND_1
        176 n230 3 MAJ_0
        177 n231 8 AND_1
        178 n232 8 AND_0
        179 n233 9 OR_0
        180 n234 10 MAJ_1
        181 n235 10 OR_0
        182 n236 11 OR_0
        183 n237 5 MAJ_1
        184 n238 6 AND_0
        185 n239 3 OR_0
        186 n240 6 AND_1
        187 n241 7 MAJ_1
        188 n242 9 AND_1
        189 n243 7 AND_1
        190 n244 10 MAJ_1
        191 n245 7 AND_0
        192 n246 6 OR_0
        193 n247 8 MAJ_1
        194 n248 9 OR_0
        195 n249 12 MAJ_1
        196 n25 3 OR_0
        197 n250 13 OR_0
        198 n251 4 AND_1
        199 n252 5 MAJ_1
        200 n253 6 MAJ_1
        201 n254 7 MAJ_1
        202 n255 8 OR_0
        203 n256 6 MAJ_1
        204 n257 9 OR_0
        205 n258 4 AND_1
        206 n259 5 AND_0
        207 n26 3 AND_1
        208 n260 3 AND_1
        209 n261 4 MAJ_0
        210 n262 5 MAJ_1
        211 n263 6 MAJ_1
        212 n264 6 MAJ_0
        213 n265 7 AND_1
        214 n266 8 AND_0
        215 n267 2 AND_1
        216 n268 3 AND_0
        217 n269 8 AND_0
        218 n27 3 MAJ_1
        219 n270 10 AND_0
        220 n271 5 AND_0
        221 n272 10 OR_0
        222 n273 11 MAJ_1
        223 n274 4 MAJ_1
        224 n275 5 OR_0
        225 n276 9 XOR_0
        226 n277 10 MAJ_1
        227 n278 11 MAJ_1
        228 n279 8 AND_0
        229 n28 4 AND_0
        230 n280 10 AND_0
        231 n281 6 AND_0
        232 n282 9 OR_0
        233 n283 11 MAJ_1
        234 n284 9 XOR_0
        235 n285 10 MAJ_0
        236 n286 11 MAJ_1
        237 n287 12 OR_0
        238 n288 12 MAJ_1
        239 n289 13 OR_0
        240 n29 4 OR_0
        241 n290 4 AND_0
        242 n291 5 AND_1
        243 n292 6 MAJ_1
        244 n293 8 MAJ_1
        245 n294 8 MAJ_0
        246 n295 9 AND_1
        247 n296 3 OR_0
        248 n297 4 MAJ_1
        249 n298 5 MAJ_1
        250 n299 8 AND_1
        251 n30 4 XOR_0
        252 n300 9 AND_0
        253 n301 8 AND_1
        254 n302 9 MAJ_1
        255 n303 10 MAJ_1
        256 n304 8 AND_0
        257 n305 8 MAJ_1
        258 n306 9 AND_1
        259 n307 8 AND_1
        260 n308 9 OR_0
        261 n309 9 MAJ_0
        262 n31 4 MAJ_1
        263 n310 10 AND_0
        264 n311 11 MAJ_1
        265 n312 12 OR_0
        266 n313 11 MAJ_1
        267 n314 13 OR_0
        268 n315 3 MAJ_0
        269 n316 4 OR_0
        270 n317 5 AND_1
        271 n318 5 MAJ_0
        272 n319 6 AND_0
        273 n32 5 MAJ_1
        274 n320 7 AND_1
        275 n321 8 AND_0
        276 n322 6 AND_1
        277 n323 8 AND_0
        278 n324 3 AND_1
        279 n325 9 AND_1
        280 n326 10 MAJ_1
        281 n327 6 AND_1
        282 n328 8 AND_0
        283 n329 8 AND_1
        284 n33 6 OR_0
        285 n330 5 MAJ_1
        286 n331 9 AND_0
        287 n332 8 AND_0
        288 n333 7 MAJ_0
        289 n334 9 AND_1
        290 n335 3 AND_1
        291 n336 8 AND_0
        292 n337 9 OR_0
        293 n338 10 MAJ_1
        294 n339 11 OR_0
        295 n34 5 AND_0
        296 n340 11 MAJ_1
        297 n341 12 OR_0
        298 n342 9 AND_0
        299 n343 3 MAJ_1
        300 n344 10 AND_0
        301 n345 5 AND_1
        302 n346 8 AND_0
        303 n347 3 AND_0
        304 n348 9 OR_0
        305 n349 11 MAJ_1
        306 n35 7 MAJ_1
        307 n350 8 MAJ_1
        308 n351 9 MAJ_1
        309 n352 9 MAJ_1
        310 n353 10 AND_1
        311 n354 11 MAJ_0
        312 n355 12 AND_0
        313 n356 9 AND_0
        314 n357 3 MAJ_1
        315 n358 10 AND_0
        316 n359 13 OR_0
        317 n36 5 AND_1
        318 n360 11 MAJ_0
        319 n361 14 OR_0
        320 n362 15 OR_0
        321 n363 13 MAJ_1
        322 n364 16 OR_0
        323 n365 4 AND_1
        324 n366 4 OR_0
        325 n367 5 AND_1
        326 n368 6 AND_0
        327 n369 6 MAJ_1
        328 n37 6 MAJ_1
        329 n370 7 AND_1
        330 n371 7 AND_1
        331 n372 8 AND_1
        332 n373 9 MAJ_1
        333 n374 5 MAJ_0
        334 n375 6 AND_1
        335 n376 4 AND_1
        336 n377 5 MAJ_0
        337 n378 8 MAJ_1
        338 n379 8 AND_1
        339 n38 3 XOR_0
        340 n380 5 AND_1
        341 n381 9 MAJ_1
        342 n382 10 OR_0
        343 n383 10 MAJ_1
        344 n384 11 OR_0
        345 n385 4 AND_1
        346 n386 4 MAJ_1
        347 n387 5 AND_1
        348 n388 4 AND_1
        349 n389 7 AND_1
        350 n39 4 MAJ_1
        351 n390 8 MAJ_1
        352 n391 9 AND_0
        353 n392 6 MAJ_1
        354 n393 10 AND_1
        355 n394 4 AND_0
        356 n395 5 AND_1
        357 n396 6 AND_1
        358 n397 6 MAJ_1
        359 n398 7 AND_0
        360 n399 8 AND_1
        361 n40 5 MAJ_1
        362 n400 11 AND_1
        363 n401 12 MAJ_1
        364 n402 3 AND_1
        365 n403 4 MAJ_1
        366 n404 5 AND_0
        367 n405 3 MAJ_1
        368 n406 4 OR_0
        369 n407 3 AND_1
        370 n408 4 AND_1
        371 n409 5 MAJ_0
        372 n41 6 MAJ_1
        373 n410 6 AND_1
        374 n411 3 MAJ_1
        375 n412 7 AND_0
        376 n413 3 AND_0
        377 n414 5 AND_0
        378 n415 6 AND_1
        379 n416 7 OR_0
        380 n417 8 AND_1
        381 n418 9 MAJ_1
        382 n419 8 AND_0
        383 n42 7 OR_0
        384 n420 10 AND_1
        385 n421 11 MAJ_1
        386 n422 4 AND_1
        387 n423 3 MAJ_1
        388 n424 5 AND_0
        389 n425 6 AND_0
        390 n426 5 MAJ_1
        391 n427 7 AND_0
        392 n428 5 MAJ_1
        393 n429 6 AND_1
        394 n43 8 AND_1
        395 n430 7 AND_1
        396 n431 8 AND_0
        397 n432 9 AND_1
        398 n433 10 MAJ_1
        399 n434 8 AND_0
        400 n435 11 AND_1
        401 n436 12 MAJ_1
        402 n437 3 AND_1
        403 n438 3 OR_0
        404 n439 4 AND_1
        405 n44 8 MAJ_1
        406 n440 5 AND_0
        407 n441 4 MAJ_0
        408 n442 6 AND_1
        409 n443 5 AND_0
        410 n444 7 OR_0
        411 n445 8 MAJ_1
        412 n446 4 MAJ_1
        413 n447 5 AND_1
        414 n448 8 MAJ_1
        415 n449 9 AND_0
        416 n45 9 AND_1
        417 n450 7 AND_0
        418 n451 4 OR_0
        419 n452 8 MAJ_1
        420 n453 9 OR_0
        421 n454 10 MAJ_1
        422 n455 11 OR_0
        423 n456 3 XOR_0
        424 n457 4 AND_1
        425 n458 2 XOR_0
        426 n459 3 AND_1
        427 n46 5 AND_0
        428 n47 10 OR_0
        429 n48 11 MAJ_1
        430 n49 5 MAJ_1
        431 n50 6 AND_0
        432 n51 11 MAJ_1
        433 n52 12 AND_0
        434 n53 10 AND_0
        435 n54 5 OR_0
        436 n55 11 MAJ_1
        437 n56 12 OR_0
        438 n57 13 MAJ_1
        439 n58 14 OR_0
        440 n59 3 AND_1
        441 n60 3 MAJ_1
        442 n61 4 AND_1
        443 n62 3 MAJ_0
        444 n63 4 OR_0
        445 n64 5 AND_1
        446 n65 5 MAJ_1
        447 n66 6 AND_0
        448 n67 3 OR_0
        449 n68 4 MAJ_1
        450 n69 5 AND_1
        451 n70 7 MAJ_1
        452 n71 8 AND_0
        453 n72 3 AND_1
        454 n73 4 AND_1
        455 n74 3 MAJ_1
        456 n75 5 AND_0
        457 n76 3 AND_1
        458 n77 4 MAJ_1
        459 n78 6 MAJ_1
        460 n79 9 AND_1
        461 n80 3 MAJ_0
        462 n81 10 AND_0
        463 n82 4 XOR_0
        464 n83 5 MAJ_0
        465 n84 7 AND_1
        466 n85 9 MAJ_1
        467 n86 10 AND_1
        468 n87 8 AND_0
        469 n88 4 MAJ_1
        470 n89 9 AND_1
        471 n90 10 AND_1
        472 n91 10 AND_0
        473 n92 11 OR_0
        474 n93 12 MAJ_1
        475 n94 9 AND_0
        476 n95 10 MAJ_1
        477 n96 10 MAJ_1
        478 n97 11 AND_1
        479 n98 10 AND_1
        480 n99 12 AND_1
        481 v1 5 VIR
        482 v10 4 VIR
        483 v100 2 VIR
        484 v101 2 VIR
        485 v102 2 VIR
        486 v103 2 VIR
        487 v104 2 VIR
        488 v105 2 VIR
        489 v106 2 VIR
        490 v107 2 VIR
        491 v108 2 VIR
        492 v109 6 VIR
        493 v11 4 VIR
        494 v110 2 VIR
        495 v111 2 VIR
        496 v112 2 VIR
        497 v113 2 VIR
        498 v114 2 VIR
        499 v115 2 VIR
        500 v116 2 VIR
        501 v117 2 VIR
        502 v118 2 VIR
        503 v119 2 VIR
        504 v12 9 VIR
        505 v120 2 VIR
        506 v121 2 VIR
        507 v122 2 VIR
        508 v123 2 VIR
        509 v124 2 VIR
        510 v125 2 VIR
        511 v126 6 VIR
        512 v127 2 VIR
        513 v128 2 VIR
        514 v129 2 VIR
        515 v13 5 VIR
        516 v130 2 VIR
        517 v131 2 VIR
        518 v132 2 VIR
        519 v133 2 VIR
        520 v134 2 VIR
        521 v135 2 VIR
        522 v136 2 VIR
        523 v137 2 VIR
        524 v138 2 VIR
        525 v139 2 VIR
        526 v14 7 VIR
        527 v140 2 VIR
        528 v141 2 VIR
        529 v142 2 VIR
        530 v143 2 VIR
        531 v144 2 VIR
        532 v145 2 VIR
        533 v146 2 VIR
        534 v147 2 VIR
        535 v148 2 VIR
        536 v149 2 VIR
        537 v15 7 VIR
        538 v150 2 VIR
        539 v151 2 VIR
        540 v152 2 VIR
        541 v153 2 VIR
        542 v154 2 VIR
        543 v155 2 VIR
        544 v156 2 VIR
        545 v157 2 VIR
        546 v158 2 VIR
        547 v159 2 VIR
        548 v16 7 VIR
        549 v160 2 VIR
        550 v161 2 VIR
        551 v162 2 VIR
        552 v163 2 VIR
        553 v164 2 VIR
        554 v165 2 VIR
        555 v166 2 VIR
        556 v167 2 VIR
        557 v168 2 VIR
        558 v169 2 VIR
        559 v17 6 VIR
        560 v170 2 VIR
        561 v171 2 VIR
        562 v172 2 VIR
        563 v173 2 VIR
        564 v174 2 VIR
        565 v175 2 VIR
        566 v176 2 VIR
        567 v177 2 VIR
        568 v178 2 VIR
        569 v179 2 VIR
        570 v18 7 VIR
        571 v180 2 VIR
        572 v181 2 VIR
        573 v182 2 VIR
        574 v183 2 VIR
        575 v184 2 VIR
        576 v185 2 VIR
        577 v186 2 VIR
        578 v187 2 VIR
        579 v188 2 VIR
        580 v189 2 VIR
        581 v19 7 VIR
        582 v190 2 VIR
        583 v191 2 VIR
        584 v192 3 VIR
        585 v193 3 VIR
        586 v194 3 VIR
        587 v195 3 VIR
        588 v196 3 VIR
        589 v197 3 VIR
        590 v198 3 VIR
        591 v199 3 VIR
        592 v2 5 VIR
        593 v20 7 VIR
        594 v200 3 VIR
        595 v201 3 VIR
        596 v202 3 VIR
        597 v203 3 VIR
        598 v204 3 VIR
        599 v205 3 VIR
        600 v206 3 VIR
        601 v207 3 VIR
        602 v208 3 VIR
        603 v209 3 VIR
        604 v21 8 VIR
        605 v210 3 VIR
        606 v211 3 VIR
        607 v212 3 VIR
        608 v213 3 VIR
        609 v214 3 VIR
        610 v215 3 VIR
        611 v216 3 VIR
        612 v217 3 VIR
        613 v218 3 VIR
        614 v219 3 VIR
        615 v22 7 VIR
        616 v220 3 VIR
        617 v221 3 VIR
        618 v222 3 VIR
        619 v223 3 VIR
        620 v224 3 VIR
        621 v23 10 VIR
        622 v24 6 VIR
        623 v25 6 VIR
        624 v26 4 VIR
        625 v27 7 VIR
        626 v28 7 VIR
        627 v29 7 VIR
        628 v3 5 VIR
        629 v30 6 VIR
        630 v31 1 VIR
        631 v32 1 VIR
        632 v33 1 VIR
        633 v34 1 VIR
        634 v35 1 VIR
        635 v36 1 VIR
        636 v37 1 VIR
        637 v38 1 VIR
        638 v39 1 VIR
        639 v4 5 VIR
        640 v40 1 VIR
        641 v41 1 VIR
        642 v42 1 VIR
        643 v43 1 VIR
        644 v44 1 VIR
        645 v45 1 VIR
        646 v46 1 VIR
        647 v47 1 VIR
        648 v48 1 VIR
        649 v49 1 VIR
        650 v5 5 VIR
        651 v50 1 VIR
        652 v51 1 VIR
        653 v52 1 VIR
        654 v53 1 VIR
        655 v54 1 VIR
        656 v55 1 VIR
        657 v56 1 VIR
        658 v57 1 VIR
        659 v58 1 VIR
        660 v59 1 VIR
        661 v6 4 VIR
        662 v60 1 VIR
        663 v61 1 VIR
        664 v62 1 VIR
        665 v63 1 VIR
        666 v64 1 VIR
        667 v65 1 VIR
        668 v66 1 VIR
        669 v67 1 VIR
        670 v68 1 VIR
        671 v69 1 VIR
        672 v7 4 VIR
        673 v70 1 VIR
        674 v71 1 VIR
        675 v72 1 VIR
        676 v73 1 VIR
        677 v74 1 VIR
        678 v75 1 VIR
        679 v76 1 VIR
        680 v77 1 VIR
        681 v78 1 VIR
        682 v79 1 VIR
        683 v8 4 VIR
        684 v80 8 VIR
        685 v81 8 VIR
        686 v82 8 VIR
        687 v83 6 VIR
        688 v84 6 VIR
        689 v85 2 VIR
        690 v86 2 VIR
        691 v87 2 VIR
        692 v88 2 VIR
        693 v89 2 VIR
        694 v9 9 VIR
        695 v90 2 VIR
        696 v91 2 VIR
        697 v92 2 VIR
        698 v93 2 VIR
        699 v94 2 VIR
        700 v95 2 VIR
        701 v96 2 VIR
        702 v97 2 VIR
        703 v98 2 VIR
        704 v99 2 VIR
    ]
    edge:
    [
        1 630
        1 631
        1 632
        2 633
        2 634
        2 635
        11 636
        11 637
        11 638
        17 640
        17 641
        20 642
        20 643
        20 644
        3 645
        3 646
        3 647
        21 648
        21 649
        21 651
        22 652
        22 653
        22 654
        23 655
        23 656
        23 657
        24 658
        24 659
        24 660
        4 662
        4 663
        4 664
        5 665
        5 666
        5 667
        6 668
        6 669
        6 670
        7 671
        7 673
        7 674
        8 675
        8 676
        8 677
        9 678
        9 679
        9 680
        10 681
        10 682
        648 164
        655 164
        652 215
        655 215
        13 425
        682 425
        636 483
        636 484
        636 485
        637 486
        637 487
        637 488
        638 489
        638 490
        638 491
        642 494
        642 495
        643 496
        643 497
        644 498
        644 499
        645 500
        645 501
        646 502
        646 503
        647 505
        647 506
        648 507
        648 508
        649 509
        649 510
        651 512
        652 513
        653 514
        654 516
        658 517
        658 518
        658 519
        659 520
        659 521
        659 522
        660 523
        660 524
        660 525
        662 527
        662 528
        662 529
        663 530
        663 531
        663 532
        664 533
        664 534
        664 535
        665 536
        665 538
        665 539
        666 540
        666 541
        666 542
        667 543
        667 544
        667 545
        668 546
        668 547
        668 549
        669 550
        669 551
        669 552
        670 553
        670 554
        670 555
        671 556
        671 557
        671 558
        673 560
        673 561
        673 562
        674 563
        674 564
        674 565
        675 566
        675 567
        675 568
        676 569
        676 571
        677 572
        677 573
        678 574
        678 575
        678 576
        679 577
        679 578
        679 579
        680 580
        680 582
        680 583
        630 689
        630 690
        631 691
        631 692
        632 693
        632 695
        633 696
        633 697
        633 698
        634 699
        634 700
        634 701
        635 702
        635 703
        635 704
        701 71
        532 71
        677 71
        697 77
        528 77
        640 77
        697 79
        567 79
        567 85
        640 85
        533 118
        564 118
        552 128
        19 128
        487 135
        497 135
        644 137
        514 137
        488 138
        497 138
        509 138
        499 140
        657 140
        498 144
        510 144
        642 147
        507 147
        652 147
        574 155
        483 155
        574 157
        483 157
        484 161
        518 161
        575 162
        485 162
        655 162
        484 166
        518 166
        485 176
        656 176
        520 176
        509 185
        514 185
        563 196
        682 196
        698 207
        569 207
        689 208
        574 208
        519 216
        215 216
        698 218
        561 218
        676 218
        513 247
        164 247
        696 268
        645 268
        517 268
        494 278
        507 278
        501 290
        576 290
        506 299
        497 299
        509 299
        582 303
        523 303
        579 314
        495 314
        508 314
        15 339
        538 339
        534 364
        552 364
        576 367
        507 367
        656 367
        494 369
        653 369
        691 374
        702 374
        522 374
        530 376
        521 376
        692 387
        703 387
        506 387
        572 402
        487 402
        540 403
        561 403
        12 423
        583 423
        491 426
        425 426
        542 440
        682 440
        531 441
        542 441
        562 441
        543 443
        549 443
        562 443
        536 448
        681 448
        556 453
        10 453
        696 455
        527 455
        536 455
        546 457
        556 457
        543 461
        571 461
        641 461
        517 584
        520 585
        523 586
        527 587
        528 588
        529 589
        530 590
        531 591
        532 594
        533 595
        534 596
        535 597
        536 598
        538 599
        539 600
        540 601
        541 602
        543 603
        544 605
        546 606
        547 607
        549 608
        550 609
        551 610
        552 611
        553 612
        554 613
        555 614
        696 616
        697 617
        699 618
        700 619
        702 620
        594 62
        544 62
        698 87
        600 87
        641 87
        602 122
        561 122
        529 123
        602 123
        549 123
        603 127
        562 127
        512 136
        135 136
        137 139
        138 139
        138 141
        140 141
        144 145
        516 145
        653 148
        656 148
        147 148
        654 151
        144 151
        584 156
        155 156
        518 158
        157 158
        161 163
        162 163
        147 165
        164 165
        612 198
        118 198
        616 205
        500 205
        575 209
        517 209
        208 209
        631 223
        619 223
        502 223
        700 229
        218 229
        599 240
        547 240
        689 241
        584 241
        494 248
        513 248
        247 248
        557 251
        606 251
        606 262
        558 262
        681 262
        500 269
        268 269
        595 323
        487 323
        690 324
        618 324
        595 335
        586 335
        505 345
        603 345
        619 346
        502 346
        589 346
        610 348
        563 348
        599 350
        558 350
        339 350
        503 355
        585 355
        503 365
        589 365
        542 365
        577 368
        367 368
        577 370
        369 370
        703 386
        586 386
        681 404
        403 404
        590 407
        550 407
        486 407
        535 412
        605 412
        488 412
        612 418
        402 418
        491 424
        423 424
        440 442
        441 442
        610 444
        443 444
        587 449
        598 449
        556 449
        527 454
        453 454
        557 458
        566 458
        457 458
        546 463
        598 463
        617 469
        568 469
        641 469
        216 482
        216 493
        457 624
        196 661
        207 672
        207 683
        613 117
        18 117
        251 117
        122 124
        123 124
        563 125
        19 125
        122 125
        533 129
        127 129
        136 142
        139 142
        489 146
        145 146
        510 149
        148 149
        489 153
        657 153
        151 153
        513 159
        156 159
        158 159
        643 183
        649 183
        156 183
        14 199
        118 199
        198 199
        575 206
        205 206
        484 210
        208 210
        209 210
        496 220
        493 220
        691 224
        223 224
        699 242
        241 242
        576 249
        247 249
        248 249
        483 270
        269 270
        630 271
        500 271
        269 271
        558 273
        251 273
        262 273
        578 285
        521 285
        482 285
        528 295
        240 295
        505 301
        482 301
        15 317
        240 317
        502 325
        324 325
        488 333
        524 333
        205 333
        525 336
        205 336
        335 336
        693 340
        323 340
        345 347
        346 347
        346 356
        355 356
        587 361
        15 361
        350 361
        364 366
        365 366
        368 371
        369 371
        370 371
        365 377
        376 377
        386 388
        387 388
        534 390
        611 390
        127 390
        646 392
        588 392
        463 392
        550 406
        404 406
        661 409
        402 409
        402 413
        412 413
        196 427
        672 427
        596 430
        605 430
        672 430
        553 435
        672 435
        442 445
        444 445
        564 446
        16 446
        444 446
        448 450
        449 450
        454 456
        455 456
        538 464
        557 464
        463 464
        122 481
        240 515
        158 592
        165 628
        165 639
        165 650
        566 47
        464 47
        17 65
        450 65
        597 119
        515 119
        118 119
        573 120
        117 120
        481 126
        124 126
        125 126
        596 130
        128 130
        129 130
        141 143
        142 143
        149 150
        147 150
        158 160
        159 160
        155 171
        628 171
        156 184
        183 184
        592 186
        185 186
        498 192
        592 192
        564 200
        14 200
        481 200
        573 203
        624 203
        199 203
        690 211
        519 211
        210 211
        519 212
        206 212
        210 212
        496 231
        224 231
        486 243
        241 243
        242 243
        270 272
        271 272
        579 276
        639 276
        639 281
        482 281
        560 284
        273 284
        522 326
        325 326
        486 327
        522 327
        249 327
        515 328
        273 328
        317 328
        323 334
        333 334
        695 353
        525 353
        347 353
        692 357
        356 357
        692 358
        582 358
        650 358
        539 372
        560 372
        361 372
        703 373
        371 373
        324 378
        377 378
        611 389
        371 389
        530 393
        392 393
        406 408
        407 408
        683 431
        430 431
        445 447
        446 447
        456 459
        457 459
        458 459
        639 492
        650 511
        249 559
        450 622
        450 623
        464 629
        628 687
        628 688
        569 56
        622 56
        540 96
        629 96
        119 121
        120 121
        572 131
        126 131
        489 152
        150 152
        687 167
        166 167
        160 168
        163 168
        495 173
        171 173
        485 175
        687 175
        184 187
        185 187
        186 187
        654 189
        171 189
        651 191
        171 191
        481 201
        124 201
        200 201
        211 213
        212 213
        521 274
        492 274
        585 288
        688 288
        216 288
        588 306
        284 306
        295 306
        326 329
        327 329
        559 330
        323 330
        579 349
        492 349
        357 359
        358 359
        373 375
        374 375
        582 379
        511 379
        361 383
        372 383
        389 391
        390 391
        702 395
        393 395
        554 410
        408 410
        661 417
        408 417
        573 451
        447 451
        623 451
        609 465
        629 465
        243 526
        243 537
        243 548
        272 570
        272 581
        272 593
        408 615
        459 625
        459 626
        459 627
        627 57
        56 57
        606 58
        625 58
        626 66
        65 66
        587 70
        625 70
        699 97
        601 97
        627 97
        130 132
        131 132
        152 154
        153 154
        495 169
        163 169
        167 169
        508 172
        167 172
        175 177
        176 177
        514 178
        167 178
        499 193
        191 193
        192 193
        624 202
        201 202
        691 214
        213 214
        688 217
        213 217
        577 228
        213 228
        632 244
        704 244
        548 244
        620 245
        580 245
        526 245
        523 250
        526 250
        492 253
        537 253
        650 256
        537 256
        693 257
        524 257
        548 257
        526 259
        249 259
        593 275
        274 275
        593 277
        276 277
        581 282
        281 282
        520 283
        570 283
        687 287
        581 287
        581 291
        290 291
        593 302
        301 302
        689 307
        617 307
        570 307
        693 331
        329 331
        329 337
        335 337
        336 337
        559 338
        329 338
        511 351
        348 351
        349 351
        545 360
        359 360
        378 380
        379 380
        366 382
        375 382
        306 394
        383 394
        374 396
        395 396
        388 399
        391 399
        229 405
        306 405
        328 405
        614 411
        409 411
        410 411
        597 414
        545 414
        615 414
        555 419
        417 419
        418 419
        447 452
        451 452
        568 468
        626 468
        379 604
        625 684
        626 685
        627 686
        616 48
        566 48
        684 48
        600 59
        685 59
        57 63
        62 63
        551 67
        66 67
        70 72
        71 72
        207 76
        686 76
        70 78
        77 78
        685 86
        85 86
        464 89
        70 89
        640 90
        58 90
        96 98
        97 98
        601 100
        66 100
        529 106
        66 106
        614 133
        565 133
        132 133
        168 170
        169 170
        496 174
        172 174
        173 174
        580 179
        177 179
        524 188
        177 188
        187 194
        193 194
        202 204
        203 204
        217 225
        214 225
        228 232
        231 232
        228 234
        217 234
        244 246
        245 246
        245 252
        250 252
        537 254
        559 254
        253 254
        256 258
        257 258
        704 260
        256 260
        620 261
        580 261
        259 261
        275 279
        277 279
        283 286
        285 286
        287 289
        288 289
        278 292
        291 292
        505 298
        283 298
        302 304
        303 304
        690 308
        618 308
        307 308
        501 309
        570 309
        307 309
        578 313
        283 313
        695 332
        330 332
        331 332
        695 341
        338 341
        340 341
        525 352
        351 352
        555 381
        604 381
        380 381
        379 397
        396 397
        615 415
        414 415
        394 416
        405 416
        413 420
        419 420
        567 460
        684 460
        701 466
        609 466
        686 466
        468 470
        469 470
        622 475
        684 475
        217 504
        214 694
        47 49
        48 49
        572 60
        58 60
        59 60
        569 80
        475 80
        79 80
        59 88
        87 88
        89 91
        90 91
        132 134
        133 134
        583 180
        178 180
        179 180
        170 181
        174 181
        516 190
        188 190
        189 190
        512 219
        504 219
        694 221
        220 221
        498 226
        214 226
        225 226
        512 230
        694 230
        651 235
        504 235
        234 235
        252 255
        253 255
        254 255
        259 263
        261 263
        277 280
        278 280
        279 280
        278 293
        289 293
        292 293
        298 300
        299 300
        308 310
        309 310
        313 315
        314 315
        334 342
        341 342
        332 343
        334 343
        337 343
        352 354
        353 354
        381 384
        382 384
        565 398
        604 398
        397 398
        411 421
        413 421
        415 421
        553 428
        416 428
        196 434
        416 434
        460 462
        461 462
        465 467
        466 467
        460 471
        629 471
        623 472
        470 472
        539 476
        607 476
        475 476
        547 477
        560 477
        475 477
        571 479
        470 479
        416 621
        470 50
        49 50
        683 61
        60 61
        78 81
        79 81
        80 81
        700 92
        90 92
        91 92
        571 99
        49 99
        541 105
        471 105
        471 108
        86 108
        180 182
        181 182
        219 222
        220 222
        221 222
        504 227
        224 227
        226 227
        230 233
        231 233
        232 233
        493 236
        228 236
        235 236
        704 264
        260 264
        263 264
        246 266
        255 266
        258 266
        286 294
        293 294
        583 296
        282 296
        293 296
        300 305
        303 305
        304 305
        647 311
        578 311
        310 311
        511 318
        310 318
        315 318
        342 344
        343 344
        354 362
        360 362
        490 385
        382 385
        384 385
        398 400
        399 400
        420 422
        421 422
        613 429
        427 429
        428 429
        535 432
        544 432
        621 432
        554 436
        434 436
        435 436
        591 473
        471 473
        476 478
        477 478
        701 51
        50 51
        61 64
        62 64
        63 64
        590 68
        478 68
        545 74
        478 74
        72 74
        76 82
        81 82
        608 83
        57 83
        81 83
        88 93
        92 93
        531 94
        86 94
        92 94
        541 101
        99 101
        100 101
        591 107
        105 107
        106 107
        608 109
        108 109
        182 195
        187 195
        190 195
        227 237
        236 237
        222 238
        227 238
        233 238
        255 265
        264 265
        294 297
        296 297
        310 312
        311 312
        490 363
        360 363
        362 363
        490 401
        399 401
        400 401
        621 433
        432 433
        431 437
        436 437
        594 474
        472 474
        473 474
        607 480
        478 480
        551 46
        479 46
        480 46
        462 54
        467 54
        474 54
        532 69
        67 69
        68 69
        82 84
        83 84
        93 95
        94 95
        98 102
        101 102
        622 103
        49 103
        101 103
        107 110
        108 110
        109 110
        194 197
        195 197
        237 239
        238 239
        265 267
        266 267
        312 316
        315 316
        280 321
        297 321
        305 321
        429 438
        431 438
        433 438
        46 52
        50 52
        51 52
        69 73
        72 73
        102 104
        103 104
        95 111
        110 111
        316 319
        318 319
        437 439
        438 439
        467 53
        52 53
        73 75
        74 75
        84 112
        95 112
        104 112
        297 320
        319 320
        53 55
        54 55
        111 113
        112 113
        320 322
        321 322
        64 114
        113 114
        55 115
        64 115
        75 115
        114 116
        115 116
        439 25
        452 26
        116 27
        121 28
        134 29
        135 30
        143 31
        146 32
        154 33
        197 34
        204 35
        239 36
        267 37
        322 38
        344 39
        363 40
        385 41
        401 42
        422 43
        424 44
        426 45
    ]
]
