circuit_name:unregnew_processed
[
    node:
    [
        1 x0 0 PI
        2 x1 0 PI
        3 x2 0 PI
        4 x3 0 PI
        5 x4 0 PI
        6 x5 0 PI
        7 x6 0 PI
        8 x7 0 PI
        9 x8 0 PI
        10 x9 0 PI
        11 x10 0 PI
        12 x11 0 PI
        13 x12 0 PI
        14 x13 0 PI
        15 x14 0 PI
        16 x15 0 PI
        17 x16 0 PI
        18 x17 0 PI
        19 x18 0 PI
        20 x19 0 PI
        21 x20 0 PI
        22 x21 0 PI
        23 x22 0 PI
        24 x23 0 PI
        25 x24 0 PI
        26 x25 0 PI
        27 x26 0 PI
        28 x27 0 PI
        29 x28 0 PI
        30 x29 0 PI
        31 x30 0 PI
        32 x31 0 PI
        33 x32 0 PI
        34 x33 0 PI
        35 x34 0 PI
        36 x35 0 PI
        37 y0 7 PO_1
        38 y1 8 PO_1
        39 y2 7 PO_1
        40 y3 8 PO_1
        41 y4 7 PO_1
        42 y5 7 PO_1
        43 y6 6 PO_1
        44 y7 7 PO_1
        45 y8 6 PO_1
        46 y9 6 PO_1
        47 y10 6 PO_1
        48 y11 8 PO_1
        49 y12 8 PO_1
        50 y13 8 PO_1
        51 y14 8 PO_1
        52 y15 7 PO_1
        53 n100 6 XOR_0
        54 n101 7 MAJ_1
        55 n102 3 MAJ_0
        56 n103 4 MAJ_1
        57 n104 5 AND_1
        58 n105 6 XOR_0
        59 n106 7 MAJ_1
        60 n107 4 MAJ_1
        61 n108 3 MAJ_0
        62 n109 5 AND_1
        63 n110 6 XOR_0
        64 n111 7 MAJ_1
        65 n112 3 MAJ_1
        66 n113 3 MAJ_0
        67 n114 4 AND_1
        68 n115 5 XOR_0
        69 n116 6 MAJ_1
        70 n37 3 MAJ_1
        71 n38 3 MAJ_0
        72 n39 4 AND_1
        73 n40 5 XOR_0
        74 n41 6 MAJ_1
        75 n42 4 MAJ_1
        76 n43 4 MAJ_0
        77 n44 5 AND_1
        78 n45 6 XOR_0
        79 n46 7 MAJ_1
        80 n47 3 MAJ_1
        81 n48 3 MAJ_0
        82 n49 4 AND_1
        83 n50 5 XOR_0
        84 n51 6 MAJ_1
        85 n52 4 MAJ_1
        86 n53 4 MAJ_0
        87 n54 5 AND_1
        88 n55 6 XOR_0
        89 n56 7 MAJ_1
        90 n57 3 MAJ_1
        91 n58 3 MAJ_1
        92 n59 4 AND_1
        93 n60 5 XOR_0
        94 n61 6 MAJ_1
        95 n62 3 MAJ_1
        96 n63 3 MAJ_0
        97 n64 4 AND_1
        98 n65 5 XOR_0
        99 n66 6 MAJ_1
        100 n67 3 MAJ_1
        101 n68 3 MAJ_0
        102 n69 4 AND_1
        103 n70 2 XOR_0
        104 n71 5 MAJ_1
        105 n72 4 MAJ_1
        106 n73 4 MAJ_0
        107 n74 5 AND_1
        108 n75 2 XOR_0
        109 n76 6 MAJ_1
        110 n77 3 MAJ_1
        111 n78 3 MAJ_0
        112 n79 4 AND_1
        113 n80 3 XOR_0
        114 n81 5 MAJ_1
        115 n82 3 MAJ_1
        116 n83 3 MAJ_0
        117 n84 4 AND_1
        118 n85 3 XOR_0
        119 n86 5 MAJ_1
        120 n87 3 MAJ_1
        121 n88 3 MAJ_0
        122 n89 4 AND_1
        123 n90 3 XOR_0
        124 n91 5 MAJ_1
        125 n92 3 MAJ_1
        126 n93 4 MAJ_0
        127 n94 5 AND_1
        128 n95 6 XOR_0
        129 n96 7 MAJ_1
        130 n97 4 MAJ_1
        131 n98 3 MAJ_0
        132 n99 5 AND_1
        133 v1 1 VIR
        134 v10 2 VIR
        135 v11 2 VIR
        136 v12 2 VIR
        137 v13 2 VIR
        138 v14 2 VIR
        139 v15 2 VIR
        140 v16 2 VIR
        141 v17 2 VIR
        142 v18 2 VIR
        143 v19 2 VIR
        144 v2 1 VIR
        145 v20 2 VIR
        146 v21 2 VIR
        147 v22 2 VIR
        148 v23 2 VIR
        149 v24 2 VIR
        150 v25 2 VIR
        151 v26 2 VIR
        152 v27 2 VIR
        153 v28 2 VIR
        154 v29 2 VIR
        155 v3 1 VIR
        156 v30 2 VIR
        157 v31 2 VIR
        158 v32 3 VIR
        159 v33 3 VIR
        160 v34 3 VIR
        161 v35 3 VIR
        162 v36 3 VIR
        163 v37 3 VIR
        164 v38 3 VIR
        165 v39 3 VIR
        166 v4 1 VIR
        167 v40 3 VIR
        168 v41 3 VIR
        169 v5 1 VIR
        170 v6 1 VIR
        171 v7 1 VIR
        172 v8 1 VIR
        173 v9 1 VIR
    ]
    edge:
    [
        6 133
        6 144
        6 155
        8 166
        8 169
        8 170
        10 171
        10 172
        10 173
        172 103
        2 103
        172 108
        4 108
        133 134
        133 135
        133 136
        144 137
        144 138
        144 139
        155 140
        155 141
        155 142
        166 143
        166 145
        166 146
        169 147
        169 148
        169 149
        170 150
        170 151
        170 152
        171 153
        171 154
        172 156
        173 157
        138 55
        148 55
        17 55
        139 61
        149 61
        19 61
        139 65
        149 65
        35 65
        139 66
        149 66
        21 66
        134 70
        143 70
        34 70
        134 71
        7 71
        143 71
        135 80
        145 80
        24 80
        135 81
        145 81
        16 81
        136 90
        146 90
        22 90
        3 91
        136 91
        146 91
        136 95
        146 95
        29 95
        2 96
        137 96
        147 96
        140 100
        150 100
        28 100
        4 101
        140 101
        150 101
        141 110
        151 110
        26 110
        141 111
        151 111
        12 111
        156 113
        5 113
        141 115
        151 115
        33 115
        142 116
        152 116
        9 116
        156 118
        7 118
        142 120
        152 120
        32 120
        142 121
        152 121
        11 121
        156 123
        9 123
        137 125
        147 125
        31 125
        138 131
        148 131
        20 131
        134 158
        135 159
        137 160
        138 161
        140 162
        143 163
        145 164
        147 165
        148 167
        150 168
        1 56
        161 56
        167 56
        161 60
        167 60
        36 60
        65 67
        66 67
        70 72
        71 72
        158 75
        163 75
        25 75
        158 76
        163 76
        14 76
        80 82
        81 82
        159 85
        164 85
        23 85
        159 86
        164 86
        18 86
        90 92
        91 92
        95 97
        96 97
        100 102
        101 102
        162 105
        168 105
        27 105
        5 106
        162 106
        168 106
        110 112
        111 112
        115 117
        116 117
        120 122
        121 122
        160 126
        165 126
        13 126
        160 130
        165 130
        30 130
        55 57
        56 57
        60 62
        61 62
        67 68
        157 68
        72 73
        171 73
        75 77
        76 77
        82 83
        153 83
        85 87
        86 87
        92 93
        154 93
        97 98
        154 98
        2 104
        102 104
        103 104
        105 107
        106 107
        5 114
        112 114
        113 114
        7 119
        117 119
        118 119
        9 124
        122 124
        123 124
        125 127
        126 127
        130 132
        131 132
        132 53
        173 53
        57 58
        157 58
        62 63
        157 63
        19 69
        67 69
        68 69
        21 74
        72 74
        73 74
        77 78
        153 78
        14 84
        82 84
        83 84
        87 88
        153 88
        18 94
        92 94
        93 94
        20 99
        97 99
        98 99
        4 109
        107 109
        108 109
        127 128
        173 128
        13 54
        132 54
        53 54
        15 59
        57 59
        58 59
        17 64
        62 64
        63 64
        12 79
        77 79
        78 79
        16 89
        87 89
        88 89
        11 129
        127 129
        128 129
        74 37
        79 38
        84 39
        89 40
        94 41
        99 42
        104 43
        109 44
        114 45
        119 46
        124 47
        129 48
        54 49
        59 50
        64 51
        69 52
    ]
]
