circuit_name:x2new_processed
[
    node:
    [
        1 x0 0 PI
        2 x1 0 PI
        3 x2 0 PI
        4 x3 0 PI
        5 x4 0 PI
        6 x5 0 PI
        7 x6 0 PI
        8 x7 0 PI
        9 x8 0 PI
        10 x9 0 PI
        11 y0 8 PO_1
        12 y1 9 PO_1
        13 y2 5 PO_1
        14 y3 5 PO_0
        15 y4 4 PO_1
        16 y5 7 PO_1
        17 y6 5 PO_1
        18 n11 3 OR_0
        19 n12 3 MAJ_0
        20 n13 4 AND_1
        21 n14 3 OR_0
        22 n15 2 MAJ_1
        23 n16 4 AND_1
        24 n17 5 AND_1
        25 n18 5 MAJ_1
        26 n19 6 AND_0
        27 n20 3 AND_1
        28 n21 4 AND_0
        29 n22 3 XOR_0
        30 n23 2 AND_1
        31 n24 3 AND_0
        32 n25 4 MAJ_1
        33 n26 2 AND_1
        34 n27 5 MAJ_0
        35 n28 6 MAJ_1
        36 n29 7 AND_0
        37 n30 2 OR_0
        38 n31 3 OR_0
        39 n32 2 AND_1
        40 n33 2 MAJ_1
        41 n34 3 AND_0
        42 n35 4 AND_0
        43 n36 4 MAJ_1
        44 n37 5 AND_0
        45 n38 3 AND_1
        46 n39 2 MAJ_1
        47 n40 4 AND_0
        48 n41 3 MAJ_1
        49 n42 4 MAJ_0
        50 n43 5 OR_0
        51 n44 6 XOR_0
        52 n45 7 AND_1
        53 n46 6 MAJ_1
        54 n47 8 AND_1
        55 n48 3 AND_0
        56 n49 4 AND_1
        57 n50 3 XOR_0
        58 n51 4 OR_0
        59 n52 3 MAJ_1
        60 n53 4 OR_0
        61 n54 2 OR_0
        62 n55 3 OR_0
        63 n56 5 MAJ_1
        64 n57 6 AND_1
        65 n58 3 AND_0
        66 n59 4 AND_1
        67 v1 1 VIR
        68 v10 1 VIR
        69 v11 1 VIR
        70 v12 1 VIR
        71 v13 1 VIR
        72 v14 1 VIR
        73 v15 2 VIR
        74 v16 2 VIR
        75 v17 2 VIR
        76 v18 2 VIR
        77 v19 2 VIR
        78 v2 1 VIR
        79 v20 2 VIR
        80 v21 2 VIR
        81 v22 2 VIR
        82 v23 2 VIR
        83 v3 1 VIR
        84 v4 1 VIR
        85 v5 1 VIR
        86 v6 1 VIR
        87 v7 1 VIR
        88 v8 1 VIR
        89 v9 1 VIR
    ]
    edge:
    [
        2 67
        9 68
        9 69
        10 70
        10 71
        10 72
        2 78
        3 83
        5 84
        7 85
        8 86
        8 87
        8 88
        9 89
        1 22
        67 22
        83 22
        6 30
        87 30
        87 33
        68 33
        86 37
        89 37
        3 39
        70 39
        2 40
        3 40
        86 40
        4 46
        84 46
        68 46
        83 61
        72 61
        68 73
        69 74
        70 75
        71 76
        72 77
        86 79
        87 80
        88 81
        89 82
        5 18
        75 18
        4 19
        5 19
        79 19
        67 21
        79 21
        67 27
        75 27
        71 29
        82 29
        82 31
        30 31
        71 38
        37 38
        39 41
        40 41
        84 45
        76 45
        79 48
        89 48
        70 48
        88 55
        74 55
        77 57
        81 57
        80 59
        73 59
        76 59
        78 62
        61 62
        85 65
        81 65
        18 20
        19 20
        21 23
        22 23
        22 28
        27 28
        69 32
        29 32
        31 32
        7 42
        38 42
        1 43
        38 43
        41 43
        45 47
        46 47
        6 49
        82 49
        48 49
        77 56
        55 56
        74 58
        57 58
        72 60
        59 60
        59 66
        65 66
        7 24
        20 24
        85 25
        73 25
        23 25
        69 34
        28 34
        33 34
        42 44
        43 44
        80 50
        49 50
        1 63
        78 63
        60 63
        24 26
        25 26
        32 35
        33 35
        34 35
        50 51
        48 51
        88 53
        44 53
        47 53
        62 64
        63 64
        26 36
        35 36
        44 52
        51 52
        52 54
        53 54
        36 11
        54 12
        56 13
        58 14
        38 15
        64 16
        66 17
    ]
]
