circuit_name:z4mlnew_processed
[
    node:
    [
        1 x0 0 PI
        2 x1 0 PI
        3 x2 0 PI
        4 x3 0 PI
        5 x4 0 PI
        6 x5 0 PI
        7 x6 0 PI
        8 y0 14 PO_0
        9 y1 11 PO_0
        10 y2 12 PO_0
        11 y3 5 PO_0
        12 n10 4 AND_1
        13 n100 4 AND_1
        14 n101 3 AND_0
        15 n102 4 AND_0
        16 n103 6 OR_0
        17 n104 5 MAJ_0
        18 n105 7 OR_0
        19 n106 8 OR_0
        20 n107 10 MAJ_1
        21 n108 11 OR_0
        22 n109 12 OR_0
        23 n11 4 AND_0
        24 n110 12 MAJ_1
        25 n111 13 OR_0
        26 n112 3 AND_1
        27 n113 3 MAJ_1
        28 n114 4 AND_0
        29 n115 3 AND_1
        30 n116 3 MAJ_0
        31 n117 4 AND_1
        32 n118 4 MAJ_1
        33 n119 5 AND_0
        34 n12 3 MAJ_1
        35 n120 3 MAJ_1
        36 n121 4 XOR_0
        37 n122 5 XOR_0
        38 n123 5 MAJ_1
        39 n124 6 AND_1
        40 n125 7 OR_0
        41 n126 6 MAJ_1
        42 n127 8 OR_0
        43 n128 3 OR_0
        44 n129 3 MAJ_1
        45 n13 5 AND_0
        46 n130 4 AND_1
        47 n131 3 XOR_0
        48 n132 4 MAJ_1
        49 n133 5 AND_1
        50 n134 3 OR_0
        51 n135 3 MAJ_1
        52 n136 4 AND_1
        53 n137 3 MAJ_1
        54 n138 5 AND_1
        55 n139 3 AND_0
        56 n14 3 OR_0
        57 n140 3 MAJ_1
        58 n141 4 AND_0
        59 n142 6 OR_0
        60 n143 7 OR_0
        61 n144 8 OR_0
        62 n145 9 MAJ_1
        63 n146 10 OR_0
        64 n147 3 AND_0
        65 n148 4 AND_0
        66 n149 3 AND_0
        67 n15 4 AND_1
        68 n150 3 AND_0
        69 n151 3 MAJ_1
        70 n152 4 AND_0
        71 n153 4 MAJ_0
        72 n154 5 MAJ_1
        73 n155 4 AND_0
        74 n156 3 AND_0
        75 n157 3 MAJ_1
        76 n158 4 AND_0
        77 n159 3 MAJ_1
        78 n16 6 OR_0
        79 n160 4 AND_0
        80 n161 5 OR_0
        81 n162 6 MAJ_1
        82 n163 7 OR_0
        83 n164 4 MAJ_0
        84 n165 5 AND_0
        85 n166 4 MAJ_1
        86 n167 5 AND_0
        87 n168 4 AND_0
        88 n169 3 AND_0
        89 n17 5 XOR_0
        90 n170 4 AND_0
        91 n171 5 AND_1
        92 n172 6 MAJ_0
        93 n173 5 AND_0
        94 n174 6 AND_1
        95 n175 7 MAJ_1
        96 n176 8 OR_0
        97 n177 6 MAJ_1
        98 n178 9 OR_0
        99 n179 10 OR_0
        100 n18 7 MAJ_0
        101 n180 8 MAJ_1
        102 n181 11 OR_0
        103 n182 3 XOR_0
        104 n183 4 XOR_0
        105 n19 3 OR_0
        106 n20 4 MAJ_0
        107 n21 5 AND_1
        108 n22 3 AND_1
        109 n23 3 MAJ_1
        110 n24 4 AND_1
        111 n25 5 XOR_0
        112 n26 6 MAJ_0
        113 n27 4 AND_1
        114 n28 3 MAJ_0
        115 n29 5 AND_1
        116 n30 3 AND_1
        117 n31 4 AND_1
        118 n32 6 OR_0
        119 n33 7 AND_0
        120 n34 8 MAJ_1
        121 n35 5 AND_1
        122 n36 3 AND_1
        123 n37 3 MAJ_0
        124 n38 4 AND_0
        125 n39 3 AND_1
        126 n40 4 AND_1
        127 n41 5 MAJ_1
        128 n42 6 AND_1
        129 n43 4 AND_1
        130 n44 3 OR_0
        131 n45 3 MAJ_1
        132 n46 4 AND_1
        133 n47 3 AND_0
        134 n48 4 MAJ_1
        135 n49 5 AND_0
        136 n50 4 OR_0
        137 n51 5 OR_0
        138 n52 6 AND_1
        139 n53 6 XOR_0
        140 n54 7 MAJ_1
        141 n55 8 MAJ_1
        142 n56 8 MAJ_0
        143 n57 9 OR_0
        144 n58 10 OR_0
        145 n59 10 MAJ_1
        146 n60 11 OR_0
        147 n61 3 MAJ_1
        148 n62 4 AND_1
        149 n63 3 OR_0
        150 n64 4 OR_0
        151 n65 4 MAJ_1
        152 n66 5 AND_1
        153 n67 5 AND_0
        154 n68 6 MAJ_0
        155 n69 6 MAJ_1
        156 n70 7 OR_0
        157 n71 3 AND_0
        158 n72 4 AND_1
        159 n73 4 MAJ_1
        160 n74 5 AND_0
        161 n75 4 AND_0
        162 n76 4 MAJ_0
        163 n77 5 AND_1
        164 n78 3 AND_1
        165 n79 4 MAJ_1
        166 n8 3 AND_1
        167 n80 5 AND_1
        168 n81 4 AND_0
        169 n82 5 AND_0
        170 n83 6 AND_1
        171 n84 6 AND_1
        172 n85 7 MAJ_1
        173 n86 8 OR_0
        174 n87 8 MAJ_1
        175 n88 9 OR_0
        176 n89 5 AND_0
        177 n9 3 MAJ_1
        178 n90 3 MAJ_1
        179 n91 6 AND_0
        180 n92 4 AND_0
        181 n93 6 MAJ_1
        182 n94 5 MAJ_1
        183 n95 7 AND_0
        184 n96 3 MAJ_1
        185 n97 4 XOR_0
        186 n98 5 AND_1
        187 n99 3 MAJ_1
        188 v1 4 VIR
        189 v10 1 VIR
        190 v11 1 VIR
        191 v12 1 VIR
        192 v13 1 VIR
        193 v14 1 VIR
        194 v15 1 VIR
        195 v16 1 VIR
        196 v17 1 VIR
        197 v18 1 VIR
        198 v19 1 VIR
        199 v2 4 VIR
        200 v20 1 VIR
        201 v21 1 VIR
        202 v22 1 VIR
        203 v23 1 VIR
        204 v24 2 VIR
        205 v25 2 VIR
        206 v26 2 VIR
        207 v27 2 VIR
        208 v28 2 VIR
        209 v29 2 VIR
        210 v3 1 VIR
        211 v30 2 VIR
        212 v31 2 VIR
        213 v32 2 VIR
        214 v33 2 VIR
        215 v34 2 VIR
        216 v35 2 VIR
        217 v36 2 VIR
        218 v37 2 VIR
        219 v38 2 VIR
        220 v39 2 VIR
        221 v4 1 VIR
        222 v40 2 VIR
        223 v41 2 VIR
        224 v42 2 VIR
        225 v43 2 VIR
        226 v44 2 VIR
        227 v45 2 VIR
        228 v46 2 VIR
        229 v47 2 VIR
        230 v48 2 VIR
        231 v49 2 VIR
        232 v5 1 VIR
        233 v50 2 VIR
        234 v51 2 VIR
        235 v52 2 VIR
        236 v53 2 VIR
        237 v54 2 VIR
        238 v55 2 VIR
        239 v56 2 VIR
        240 v57 2 VIR
        241 v58 2 VIR
        242 v59 2 VIR
        243 v6 1 VIR
        244 v60 2 VIR
        245 v61 2 VIR
        246 v62 2 VIR
        247 v63 2 VIR
        248 v64 2 VIR
        249 v65 2 VIR
        250 v66 2 VIR
        251 v67 2 VIR
        252 v68 2 VIR
        253 v69 2 VIR
        254 v7 1 VIR
        255 v70 2 VIR
        256 v71 2 VIR
        257 v72 2 VIR
        258 v73 2 VIR
        259 v74 2 VIR
        260 v75 2 VIR
        261 v76 2 VIR
        262 v77 2 VIR
        263 v78 2 VIR
        264 v79 2 VIR
        265 v8 1 VIR
        266 v80 2 VIR
        267 v81 2 VIR
        268 v82 3 VIR
        269 v83 3 VIR
        270 v84 3 VIR
        271 v85 3 VIR
        272 v86 3 VIR
        273 v87 3 VIR
        274 v88 3 VIR
        275 v89 3 VIR
        276 v9 1 VIR
        277 v90 3 VIR
        278 v91 3 VIR
        279 v92 3 VIR
    ]
    edge:
    [
        3 189
        3 190
        4 191
        4 192
        4 193
        5 194
        5 195
        5 196
        6 197
        6 198
        6 200
        7 201
        7 202
        7 203
        1 210
        1 221
        1 232
        2 243
        2 254
        2 265
        3 276
        189 204
        189 205
        189 206
        190 207
        190 208
        190 209
        191 211
        191 212
        191 213
        192 214
        192 215
        192 216
        193 217
        193 218
        193 219
        194 220
        194 222
        194 223
        195 224
        195 225
        195 226
        196 227
        196 228
        196 229
        197 230
        197 231
        197 233
        198 234
        198 235
        198 236
        200 237
        200 238
        200 239
        201 240
        201 241
        201 242
        202 244
        202 245
        203 246
        203 247
        210 248
        210 249
        221 250
        221 251
        232 252
        232 253
        243 255
        243 256
        243 257
        254 258
        254 259
        254 260
        265 261
        265 262
        265 263
        276 264
        276 266
        276 267
        212 14
        231 14
        261 26
        244 26
        251 27
        261 27
        227 27
        260 29
        244 29
        251 30
        260 30
        226 30
        258 34
        207 34
        214 34
        250 35
        214 35
        224 35
        263 43
        247 43
        253 44
        263 44
        229 44
        228 47
        262 47
        215 50
        241 50
        259 51
        216 51
        225 51
        259 53
        217 53
        226 53
        259 55
        244 55
        216 56
        236 56
        252 57
        262 57
        228 57
        209 64
        245 64
        253 66
        229 66
        218 68
        245 68
        263 69
        218 69
        239 69
        227 74
        245 74
        252 75
        228 75
        238 75
        252 77
        262 77
        238 77
        249 88
        212 88
        219 103
        253 103
        267 105
        231 105
        214 108
        234 108
        267 109
        212 109
        222 109
        221 114
        204 114
        223 114
        264 116
        230 116
        205 122
        224 122
        250 123
        205 123
        213 123
        205 125
        224 125
        257 130
        233 130
        250 131
        257 131
        206 131
        266 133
        222 133
        248 147
        266 147
        220 147
        210 149
        264 149
        249 157
        256 157
        255 164
        230 164
        216 166
        237 166
        209 177
        215 177
        225 177
        208 178
        235 178
        241 178
        256 184
        267 184
        222 184
        257 187
        204 187
        223 187
        204 268
        207 269
        211 270
        230 271
        231 272
        234 273
        237 274
        255 275
        258 277
        261 278
        264 279
        166 12
        177 12
        116 13
        187 13
        109 15
        14 15
        279 23
        271 23
        26 28
        27 28
        29 31
        30 31
        232 32
        278 32
        217 32
        35 36
        251 36
        43 46
        44 46
        219 48
        247 48
        47 48
        50 52
        51 52
        55 58
        57 58
        34 65
        64 65
        177 67
        56 67
        68 70
        69 70
        239 71
        108 71
        66 71
        147 73
        64 73
        74 76
        75 76
        55 79
        77 79
        278 83
        209 83
        238 83
        218 85
        227 85
        274 85
        109 87
        68 87
        258 90
        88 90
        103 104
        247 104
        277 106
        269 106
        215 106
        108 110
        109 110
        206 113
        273 113
        34 117
        116 117
        122 124
        123 124
        123 126
        125 126
        105 129
        114 129
        130 132
        131 132
        249 134
        266 134
        270 134
        248 136
        275 136
        116 148
        147 148
        220 150
        149 150
        211 151
        220 151
        271 151
        272 158
        157 158
        268 159
        272 159
        240 159
        213 161
        157 161
        268 162
        213 162
        233 162
        248 165
        255 165
        279 165
        275 168
        211 168
        277 180
        225 180
        184 185
        256 185
        50 188
        157 199
        242 17
        13 17
        15 17
        180 33
        32 33
        36 37
        260 37
        217 38
        35 38
        36 38
        23 45
        34 45
        219 49
        48 49
        188 54
        53 54
        108 72
        70 72
        71 72
        76 80
        79 80
        180 84
        83 84
        74 86
        85 86
        67 89
        246 89
        207 91
        90 91
        269 93
        199 93
        105 107
        106 107
        110 111
        203 111
        113 115
        114 115
        106 121
        113 121
        237 127
        124 127
        126 127
        133 135
        134 135
        270 137
        136 137
        150 152
        151 152
        23 153
        147 153
        158 160
        159 160
        161 163
        162 163
        164 167
        165 167
        165 169
        168 169
        235 176
        199 176
        208 182
        236 182
        180 182
        273 186
        185 186
        186 16
        13 16
        37 39
        38 39
        28 41
        31 41
        33 41
        52 59
        54 59
        12 78
        45 78
        135 81
        73 81
        76 81
        274 92
        90 92
        91 92
        50 94
        93 94
        84 97
        86 97
        87 97
        107 112
        110 112
        111 112
        115 118
        117 118
        239 128
        127 128
        206 138
        137 138
        135 139
        234 139
        240 154
        152 154
        153 154
        241 155
        148 155
        152 155
        240 170
        167 170
        233 171
        169 171
        176 179
        178 179
        208 181
        236 181
        137 181
        16 18
        17 18
        31 40
        39 40
        58 60
        59 60
        80 82
        81 82
        188 95
        92 95
        94 95
        67 100
        78 100
        89 100
        246 119
        118 119
        135 140
        138 140
        139 140
        154 156
        155 156
        235 172
        170 172
        171 172
        181 183
        182 183
        179 19
        18 19
        40 42
        41 42
        46 61
        60 61
        86 96
        95 96
        65 101
        72 101
        82 101
        112 120
        118 120
        119 120
        242 141
        132 141
        140 141
        202 142
        129 142
        140 142
        160 173
        172 173
        156 174
        160 174
        163 174
        42 62
        46 62
        49 62
        96 98
        97 98
        141 143
        142 143
        173 175
        174 175
        175 20
        179 20
        183 20
        61 63
        62 63
        72 99
        98 99
        128 144
        143 144
        246 145
        121 145
        143 145
        19 21
        20 21
        99 102
        101 102
        144 146
        145 146
        120 22
        21 22
        100 24
        120 24
        146 24
        22 25
        24 25
        25 8
        63 9
        102 10
        104 11
    ]
]
