circuit_name:5xp1new_processed
[
    node:
    [
        1 x0 0 PI
        2 x1 0 PI
        3 x2 0 PI
        4 x3 0 PI
        5 x4 0 PI
        6 x5 0 PI
        7 x6 0 PI
        8 y0 12 PO
        9 y1 15 PO
        10 y2 12 PO
        11 y3 8 PO
        12 y4 4 PO
        13 y5 4 PO
        14 y6 6 PO
        15 y7 6 PO
        16 y8 13 PO
        17 y9 15 PO
        18 n10 6 AND
        19 n100 11 MAJ
        20 n101 14 OR
        21 n102 4 AND
        22 n103 5 AND
        23 n104 6 AND
        24 n105 3 AND
        25 n106 6 AND
        26 n107 6 AND
        27 n108 3 MAJ
        28 n109 5 AND
        29 n11 4 MAJ
        30 n110 7 OR
        31 n111 8 MAJ
        32 n112 9 OR
        33 n113 10 OR
        34 n114 8 MAJ
        35 n115 11 OR
        36 n116 3 MAJ
        37 n117 5 AND
        38 n118 6 MAJ
        39 n119 7 MAJ
        40 n12 5 AND
        41 n120 3 XOR
        42 n121 3 OR
        43 n122 4 MAJ
        44 n123 3 XOR
        45 n124 5 XOR
        46 n125 4 AND
        47 n126 5 XOR
        48 n127 5 AND
        49 n128 4 MAJ
        50 n129 5 XOR
        51 n13 3 OR
        52 n130 6 AND
        53 n131 5 AND
        54 n132 3 AND
        55 n133 4 AND
        56 n134 3 MAJ
        57 n135 5 AND
        58 n136 5 AND
        59 n137 6 MAJ
        60 n138 7 MAJ
        61 n139 5 AND
        62 n14 4 OR
        63 n140 6 MAJ
        64 n141 8 MAJ
        65 n142 9 OR
        66 n143 9 MAJ
        67 n144 10 OR
        68 n145 5 MAJ
        69 n146 6 AND
        70 n147 6 AND
        71 n148 7 OR
        72 n149 7 MAJ
        73 n15 3 OR
        74 n150 8 OR
        75 n151 5 AND
        76 n152 6 AND
        77 n153 7 OR
        78 n154 7 MAJ
        79 n155 8 OR
        80 n156 6 OR
        81 n157 7 AND
        82 n158 9 MAJ
        83 n159 10 OR
        84 n16 5 MAJ
        85 n160 11 MAJ
        86 n161 12 OR
        87 n162 4 AND
        88 n163 5 AND
        89 n164 3 AND
        90 n165 6 MAJ
        91 n166 4 MAJ
        92 n167 8 AND
        93 n168 6 AND
        94 n169 8 MAJ
        95 n17 7 MAJ
        96 n170 9 MAJ
        97 n171 3 MAJ
        98 n172 4 XOR
        99 n173 5 AND
        100 n174 10 OR
        101 n175 7 MAJ
        102 n176 11 OR
        103 n177 12 OR
        104 n178 12 MAJ
        105 n179 13 OR
        106 n18 3 OR
        107 n180 4 OR
        108 n181 5 MAJ
        109 n182 14 MAJ
        110 n19 4 OR
        111 n20 4 MAJ
        112 n21 5 AND
        113 n22 3 AND
        114 n23 4 AND
        115 n24 3 AND
        116 n25 5 MAJ
        117 n26 6 MAJ
        118 n27 5 MAJ
        119 n28 7 MAJ
        120 n29 4 AND
        121 n30 3 AND
        122 n31 4 AND
        123 n32 4 AND
        124 n33 6 AND
        125 n34 6 AND
        126 n35 7 OR
        127 n36 7 MAJ
        128 n37 8 OR
        129 n38 9 OR
        130 n39 9 MAJ
        131 n40 10 OR
        132 n41 3 MAJ
        133 n42 4 XOR
        134 n43 11 OR
        135 n44 4 AND
        136 n45 5 AND
        137 n46 4 MAJ
        138 n47 6 AND
        139 n48 3 OR
        140 n49 5 AND
        141 n50 3 MAJ
        142 n51 6 AND
        143 n52 4 AND
        144 n53 5 MAJ
        145 n54 7 MAJ
        146 n55 4 MAJ
        147 n56 6 AND
        148 n57 3 OR
        149 n58 6 MAJ
        150 n59 7 AND
        151 n60 4 AND
        152 n61 5 AND
        153 n62 4 MAJ
        154 n63 6 AND
        155 n64 4 MAJ
        156 n65 5 XOR
        157 n66 6 AND
        158 n67 8 OR
        159 n68 9 MAJ
        160 n69 10 OR
        161 n70 3 AND
        162 n71 4 MAJ
        163 n72 5 AND
        164 n73 4 MAJ
        165 n74 5 AND
        166 n75 4 AND
        167 n76 4 MAJ
        168 n77 6 AND
        169 n78 3 OR
        170 n79 5 MAJ
        171 n8 3 OR
        172 n80 6 AND
        173 n81 4 AND
        174 n82 5 AND
        175 n83 4 MAJ
        176 n84 6 AND
        177 n85 4 AND
        178 n86 5 MAJ
        179 n87 7 MAJ
        180 n88 5 MAJ
        181 n89 6 AND
        182 n9 4 MAJ
        183 n90 4 AND
        184 n91 5 MAJ
        185 n92 7 AND
        186 n93 8 OR
        187 n94 9 MAJ
        188 n95 10 OR
        189 n96 11 OR
        190 n97 7 MAJ
        191 n98 12 OR
        192 n99 13 OR
        193 v1 4 VIR
        194 v10 1 VIR
        195 v11 1 VIR
        196 v12 1 VIR
        197 v13 1 VIR
        198 v14 1 VIR
        199 v15 1 VIR
        200 v16 1 VIR
        201 v17 1 VIR
        202 v18 1 VIR
        203 v19 1 VIR
        204 v2 5 VIR
        205 v20 1 VIR
        206 v21 1 VIR
        207 v22 1 VIR
        208 v23 1 VIR
        209 v24 1 VIR
        210 v25 1 VIR
        211 v26 1 VIR
        212 v27 1 VIR
        213 v28 1 VIR
        214 v29 1 VIR
        215 v3 5 VIR
        216 v30 1 VIR
        217 v31 2 VIR
        218 v32 2 VIR
        219 v33 2 VIR
        220 v34 2 VIR
        221 v35 2 VIR
        222 v36 2 VIR
        223 v37 2 VIR
        224 v38 2 VIR
        225 v39 2 VIR
        226 v4 4 VIR
        227 v40 2 VIR
        228 v41 2 VIR
        229 v42 2 VIR
        230 v43 2 VIR
        231 v44 2 VIR
        232 v45 2 VIR
        233 v46 2 VIR
        234 v47 2 VIR
        235 v48 2 VIR
        236 v49 2 VIR
        237 v5 5 VIR
        238 v50 2 VIR
        239 v51 2 VIR
        240 v52 2 VIR
        241 v53 2 VIR
        242 v54 2 VIR
        243 v55 2 VIR
        244 v56 2 VIR
        245 v57 2 VIR
        246 v58 2 VIR
        247 v59 2 VIR
        248 v6 5 VIR
        249 v60 2 VIR
        250 v61 2 VIR
        251 v62 2 VIR
        252 v63 2 VIR
        253 v64 2 VIR
        254 v65 2 VIR
        255 v66 2 VIR
        256 v67 2 VIR
        257 v68 2 VIR
        258 v69 2 VIR
        259 v7 5 VIR
        260 v70 2 VIR
        261 v71 2 VIR
        262 v72 2 VIR
        263 v73 2 VIR
        264 v74 2 VIR
        265 v75 2 VIR
        266 v76 2 VIR
        267 v77 2 VIR
        268 v78 2 VIR
        269 v79 2 VIR
        270 v8 5 VIR
        271 v80 2 VIR
        272 v81 2 VIR
        273 v82 2 VIR
        274 v83 2 VIR
        275 v84 2 VIR
        276 v85 2 VIR
        277 v86 2 VIR
        278 v87 3 VIR
        279 v88 3 VIR
        280 v89 3 VIR
        281 v9 4 VIR
        282 v90 3 VIR
        283 v91 3 VIR
        284 v92 3 VIR
        285 v93 3 VIR
        286 v94 3 VIR
        287 v95 3 VIR
        288 not1 3 INV
        289 not2 3 INV
        290 not3 3 INV
        291 not4 2 INV
        292 not5 2 INV
        293 not6 3 INV
        294 not7 3 INV
        295 not8 3 INV
        296 not9 3 INV
        297 not10 3 INV
        298 not11 3 INV
        299 not12 3 INV
        300 not13 3 INV
        301 not14 3 INV
        302 not15 3 INV
        303 not16 4 INV
        304 not17 3 INV
        305 not18 3 INV
        306 not19 4 INV
        307 not20 4 INV
        308 not21 4 INV
        309 not22 4 INV
        310 not23 4 INV
        311 not24 3 INV
        312 not25 5 INV
        313 not26 3 INV
        314 not27 4 INV
        315 not28 3 INV
        316 not29 4 INV
        317 not30 3 INV
        318 not31 3 INV
        319 not32 3 INV
        320 not33 3 INV
        321 not34 3 INV
        322 not35 4 INV
        323 not36 3 INV
        324 not37 4 INV
        325 not38 3 INV
        326 not39 5 INV
        327 not40 3 INV
        328 not41 5 INV
        329 not42 4 INV
        330 not43 2 INV
        331 not44 4 INV
        332 not45 3 INV
        333 not46 5 INV
        334 not47 7 INV
        335 not48 5 INV
        336 not49 3 INV
        337 not50 4 INV
        338 not51 4 INV
        339 not52 5 INV
        340 not53 5 INV
        341 not54 5 INV
        342 not55 4 INV
        343 not56 5 INV
        344 not57 6 INV
        345 not58 6 INV
        346 not59 6 INV
        347 not60 7 INV
        348 not61 6 INV
        349 not62 6 INV
        350 not63 5 INV
        351 not64 5 INV
        352 not65 5 INV
        353 not66 5 INV
        354 not67 3 INV
        355 not68 3 INV
        356 not69 5 INV
        357 not70 6 INV
        358 not71 6 INV
        359 not72 7 INV
        360 not73 7 INV
        361 not74 6 INV
        362 not75 5 INV
        363 not76 3 INV
        364 not77 6 INV
        365 not78 4 INV
        366 not79 8 INV
        367 not80 3 INV
        368 not81 8 INV
        369 not82 8 INV
        370 not83 8 INV
        371 not84 8 INV
        372 not85 9 INV
        373 not86 4 INV
        374 not87 6 INV
        375 not88 3 INV
    ]
    edge:
    [
        1 194
        1 195
        1 196
        2 197
        2 198
        2 199
        3 200
        3 201
        3 202
        4 203
        4 205
        4 206
        5 207
        5 208
        5 209
        6 210
        6 211
        6 212
        7 213
        7 214
        7 216
        194 217
        194 218
        194 219
        195 220
        195 221
        195 222
        196 223
        196 224
        196 225
        197 227
        197 228
        197 229
        198 230
        198 231
        198 232
        199 233
        199 234
        199 235
        200 236
        200 238
        201 239
        201 240
        202 241
        202 242
        203 243
        203 244
        203 245
        205 246
        205 247
        205 249
        206 250
        206 251
        206 252
        207 253
        207 254
        207 255
        208 256
        208 257
        208 258
        209 260
        209 261
        209 262
        210 263
        210 264
        211 265
        211 266
        212 267
        212 268
        213 269
        213 271
        213 272
        214 273
        214 274
        214 275
        216 276
        216 277
        231 24
        257 24
        231 27
        249 27
        258 27
        225 36
        235 36
        277 36
        268 41
        242 41
        238 42
        264 42
        277 44
        241 44
        267 288
        288 46
        241 46
        229 289
        289 49
        219 49
        256 49
        253 51
        210 51
        239 54
        264 54
        218 56
        239 56
        273 56
        220 73
        244 73
        267 290
        290 87
        260 87
        202 291
        291 89
        260 89
        211 292
        292 97
        239 97
        255 97
        236 106
        254 106
        256 293
        293 111
        218 111
        229 111
        200 113
        253 113
        217 115
        243 115
        220 294
        294 120
        245 120
        253 121
        263 121
        224 132
        235 132
        252 132
        221 139
        230 139
        241 141
        251 141
        212 141
        260 295
        295 143
        233 143
        232 148
        247 148
        217 296
        296 151
        227 151
        257 297
        297 153
        249 153
        266 153
        245 161
        274 161
        246 298
        298 164
        230 164
        256 164
        275 299
        299 166
        246 166
        236 169
        272 169
        228 171
        273 171
        254 300
        300 173
        263 173
        227 301
        301 177
        254 177
        243 302
        302 183
        228 183
        227 278
        228 279
        229 280
        230 282
        231 283
        232 284
        233 285
        234 286
        235 287
        222 21
        285 21
        27 303
        303 28
        166 28
        240 304
        304 29
        220 29
        280 29
        261 305
        305 43
        267 43
        42 43
        46 47
        262 47
        51 306
        306 48
        276 48
        49 50
        258 50
        42 307
        307 53
        274 53
        201 55
        121 55
        273 58
        151 58
        280 308
        308 61
        219 61
        269 62
        51 62
        283 309
        309 68
        222 68
        266 68
        284 310
        310 75
        275 75
        277 311
        311 88
        87 88
        173 312
        312 90
        285 90
        276 90
        234 313
        313 91
        276 91
        89 91
        97 98
        240 98
        287 107
        261 107
        269 110
        106 110
        171 314
        314 112
        111 112
        272 114
        113 114
        269 122
        121 122
        278 123
        271 123
        132 133
        225 133
        263 135
        113 135
        251 315
        315 137
        223 137
        286 137
        139 316
        316 140
        250 140
        261 317
        317 144
        120 144
        143 144
        221 318
        318 146
        283 146
        249 146
        257 319
        319 152
        151 152
        274 320
        320 155
        219 155
        279 155
        246 321
        321 162
        282 162
        265 162
        161 165
        164 165
        282 167
        247 167
        265 167
        278 322
        322 170
        238 170
        244 170
        271 323
        323 174
        173 174
        236 175
        271 175
        115 175
        255 178
        115 178
        177 178
        278 324
        324 180
        217 180
        244 180
        265 325
        325 182
        218 182
        279 182
        73 193
        115 226
        120 237
        171 281
        281 326
        326 18
        182 18
        252 327
        327 22
        21 22
        146 328
        328 25
        24 25
        226 37
        36 37
        252 38
        237 38
        135 38
        171 329
        329 40
        29 40
        44 45
        43 45
        216 330
        330 52
        50 52
        56 331
        331 57
        55 57
        151 59
        54 59
        58 59
        232 332
        332 63
        53 63
        61 63
        49 333
        333 76
        75 76
        250 84
        62 84
        73 84
        90 334
        334 92
        91 92
        122 335
        335 93
        135 93
        233 336
        336 99
        98 99
        262 108
        268 108
        107 108
        245 116
        114 116
        226 116
        250 118
        73 118
        110 118
        286 337
        337 136
        135 136
        141 338
        338 142
        140 142
        281 339
        339 147
        146 147
        153 340
        340 154
        152 154
        155 156
        221 156
        161 163
        162 163
        167 341
        341 168
        166 168
        169 342
        342 172
        170 172
        174 176
        175 176
        123 181
        180 181
        243 184
        62 184
        110 184
        110 204
        114 215
        122 248
        123 259
        123 270
        141 23
        22 23
        146 343
        343 26
        259 26
        25 30
        28 30
        237 344
        344 39
        37 39
        38 39
        58 345
        345 60
        57 60
        59 60
        270 69
        68 69
        270 70
        49 70
        18 77
        76 77
        204 346
        346 78
        224 78
        18 78
        215 80
        248 80
        93 347
        347 94
        114 94
        122 94
        84 348
        348 95
        40 95
        193 95
        204 349
        349 101
        234 101
        99 101
        226 350
        350 117
        112 117
        116 117
        182 351
        351 124
        259 124
        111 352
        352 125
        259 125
        136 138
        137 138
        143 353
        353 145
        142 145
        144 145
        247 354
        354 149
        215 149
        248 149
        251 355
        355 157
        156 157
        177 356
        356 179
        176 179
        178 179
        184 357
        357 185
        183 185
        165 358
        358 190
        163 190
        168 190
        25 359
        359 31
        237 31
        26 31
        172 360
        360 34
        168 34
        23 34
        61 361
        361 64
        60 64
        63 64
        69 71
        70 71
        62 362
        362 72
        223 72
        70 72
        77 79
        78 79
        223 363
        363 81
        80 81
        284 96
        93 96
        94 96
        118 364
        364 119
        193 119
        117 119
        124 126
        125 126
        120 127
        248 127
        125 127
        148 365
        365 150
        149 150
        179 186
        185 186
        179 366
        366 187
        172 187
        181 187
        30 32
        31 32
        52 65
        64 65
        224 367
        367 66
        48 66
        64 66
        71 74
        72 74
        81 368
        368 82
        40 82
        80 82
        96 100
        99 100
        126 128
        127 128
        95 369
        369 130
        18 130
        119 130
        150 158
        157 158
        150 370
        370 159
        147 159
        154 159
        186 188
        187 188
        172 33
        32 33
        65 67
        66 67
        74 83
        82 83
        100 102
        101 102
        95 129
        128 129
        158 160
        159 160
        165 189
        188 189
        145 371
        371 19
        138 19
        160 19
        33 35
        34 35
        74 372
        372 85
        67 85
        79 85
        92 103
        102 103
        287 373
        373 104
        88 104
        102 104
        129 131
        130 131
        189 191
        190 191
        83 86
        85 86
        103 105
        104 105
        131 134
        133 134
        145 192
        191 192
        192 20
        19 20
        108 374
        374 109
        105 109
        107 109
        134 8
        20 9
        35 10
        39 11
        41 12
        242 375
        375 13
        45 14
        47 15
        86 16
        109 17
    ]
]
