circuit_name:9symmlnew_processed
[
    node:
    [
        1 x0 0 PI
        2 x1 0 PI
        3 x2 0 PI
        4 x3 0 PI
        5 x4 0 PI
        6 x5 0 PI
        7 x6 0 PI
        8 x7 0 PI
        9 x8 0 PI
        10 y0 20 PO
        11 n10 3 XOR
        12 n100 6 MAJ
        13 n101 4 MAJ
        14 n102 4 MAJ
        15 n103 6 AND
        16 n104 3 AND
        17 n105 7 MAJ
        18 n106 8 AND
        19 n107 9 AND
        20 n108 13 MAJ
        21 n109 14 MAJ
        22 n11 4 MAJ
        23 n110 16 MAJ
        24 n111 17 OR
        25 n112 4 MAJ
        26 n113 4 MAJ
        27 n114 6 AND
        28 n115 4 AND
        29 n116 4 MAJ
        30 n117 5 AND
        31 n118 4 MAJ
        32 n119 4 MAJ
        33 n12 3 MAJ
        34 n120 6 AND
        35 n121 7 MAJ
        36 n122 8 OR
        37 n123 7 AND
        38 n124 9 AND
        39 n125 10 MAJ
        40 n126 4 MAJ
        41 n127 3 MAJ
        42 n128 6 AND
        43 n129 3 XOR
        44 n13 6 AND
        45 n130 4 MAJ
        46 n131 4 AND
        47 n132 5 AND
        48 n133 3 XOR
        49 n134 4 AND
        50 n135 5 OR
        51 n136 3 AND
        52 n137 6 MAJ
        53 n138 7 MAJ
        54 n139 7 AND
        55 n14 4 AND
        56 n140 9 AND
        57 n141 10 MAJ
        58 n142 4 XOR
        59 n143 5 MAJ
        60 n144 6 AND
        61 n145 11 OR
        62 n146 11 MAJ
        63 n147 12 OR
        64 n148 5 MAJ
        65 n149 3 MAJ
        66 n15 8 MAJ
        67 n150 7 AND
        68 n151 3 AND
        69 n152 4 MAJ
        70 n153 6 AND
        71 n154 4 MAJ
        72 n155 4 MAJ
        73 n156 6 AND
        74 n157 7 MAJ
        75 n158 8 OR
        76 n159 8 AND
        77 n16 4 AND
        78 n160 10 AND
        79 n161 11 MAJ
        80 n162 3 XOR
        81 n163 4 MAJ
        82 n164 3 AND
        83 n165 5 MAJ
        84 n166 4 MAJ
        85 n167 5 AND
        86 n168 3 AND
        87 n169 5 MAJ
        88 n17 5 MAJ
        89 n170 6 MAJ
        90 n171 3 OR
        91 n172 7 MAJ
        92 n173 9 MAJ
        93 n174 3 AND
        94 n175 7 AND
        95 n176 12 OR
        96 n177 12 MAJ
        97 n178 13 OR
        98 n179 13 AND
        99 n18 9 MAJ
        100 n180 14 OR
        101 n181 15 MAJ
        102 n182 4 XOR
        103 n183 5 MAJ
        104 n184 6 AND
        105 n185 5 AND
        106 n186 5 MAJ
        107 n187 6 AND
        108 n188 4 AND
        109 n189 4 MAJ
        110 n19 3 XOR
        111 n190 5 AND
        112 n191 7 OR
        113 n192 6 MAJ
        114 n193 8 OR
        115 n194 5 AND
        116 n195 6 AND
        117 n196 4 MAJ
        118 n197 5 XOR
        119 n198 6 AND
        120 n199 3 AND
        121 n20 3 XOR
        122 n200 7 MAJ
        123 n201 8 MAJ
        124 n202 9 AND
        125 n203 11 AND
        126 n204 12 MAJ
        127 n205 16 OR
        128 n206 16 MAJ
        129 n207 17 OR
        130 n208 18 OR
        131 n209 18 MAJ
        132 n21 4 AND
        133 n210 19 OR
        134 n22 4 MAJ
        135 n23 6 AND
        136 n24 5 AND
        137 n25 6 MAJ
        138 n26 7 MAJ
        139 n27 4 AND
        140 n28 5 MAJ
        141 n29 8 MAJ
        142 n30 5 AND
        143 n31 9 XOR
        144 n32 11 MAJ
        145 n33 4 AND
        146 n34 10 MAJ
        147 n35 12 MAJ
        148 n36 4 AND
        149 n37 4 MAJ
        150 n38 6 AND
        151 n39 3 MAJ
        152 n40 4 MAJ
        153 n41 5 AND
        154 n42 3 OR
        155 n43 5 MAJ
        156 n44 6 AND
        157 n45 7 MAJ
        158 n46 5 MAJ
        159 n47 8 MAJ
        160 n48 4 AND
        161 n49 5 MAJ
        162 n50 9 MAJ
        163 n51 6 AND
        164 n52 10 OR
        165 n53 11 MAJ
        166 n54 4 MAJ
        167 n55 3 MAJ
        168 n56 6 AND
        169 n57 4 AND
        170 n58 7 AND
        171 n59 4 AND
        172 n60 3 AND
        173 n61 5 XOR
        174 n62 7 MAJ
        175 n63 4 AND
        176 n64 8 MAJ
        177 n65 9 MAJ
        178 n66 12 OR
        179 n67 13 AND
        180 n68 15 MAJ
        181 n69 5 MAJ
        182 n70 6 AND
        183 n71 4 MAJ
        184 n72 3 MAJ
        185 n73 5 AND
        186 n74 4 MAJ
        187 n75 3 MAJ
        188 n76 6 AND
        189 n77 6 AND
        190 n78 7 OR
        191 n79 8 MAJ
        192 n80 4 AND
        193 n81 5 AND
        194 n82 4 AND
        195 n83 5 AND
        196 n84 4 AND
        197 n85 6 MAJ
        198 n86 7 AND
        199 n87 9 OR
        200 n88 10 AND
        201 n89 12 MAJ
        202 n90 3 XOR
        203 n91 4 MAJ
        204 n92 3 OR
        205 n93 5 MAJ
        206 n94 6 AND
        207 n95 3 MAJ
        208 n96 7 AND
        209 n97 4 MAJ
        210 n98 4 OR
        211 n99 5 XOR
        212 v1 4 VIR
        213 v10 1 VIR
        214 v100 2 VIR
        215 v101 2 VIR
        216 v102 2 VIR
        217 v103 2 VIR
        218 v104 2 VIR
        219 v105 2 VIR
        220 v106 2 VIR
        221 v107 2 VIR
        222 v108 2 VIR
        223 v109 3 VIR
        224 v11 1 VIR
        225 v110 3 VIR
        226 v111 3 VIR
        227 v112 3 VIR
        228 v113 3 VIR
        229 v114 3 VIR
        230 v115 3 VIR
        231 v116 3 VIR
        232 v117 3 VIR
        233 v118 3 VIR
        234 v119 3 VIR
        235 v12 1 VIR
        236 v120 3 VIR
        237 v121 3 VIR
        238 v13 1 VIR
        239 v14 1 VIR
        240 v15 1 VIR
        241 v16 1 VIR
        242 v17 1 VIR
        243 v18 1 VIR
        244 v19 1 VIR
        245 v2 4 VIR
        246 v20 1 VIR
        247 v21 1 VIR
        248 v22 1 VIR
        249 v23 1 VIR
        250 v24 1 VIR
        251 v25 1 VIR
        252 v26 1 VIR
        253 v27 1 VIR
        254 v28 1 VIR
        255 v29 1 VIR
        256 v3 4 VIR
        257 v30 1 VIR
        258 v31 2 VIR
        259 v32 2 VIR
        260 v33 2 VIR
        261 v34 2 VIR
        262 v35 2 VIR
        263 v36 2 VIR
        264 v37 2 VIR
        265 v38 2 VIR
        266 v39 2 VIR
        267 v4 1 VIR
        268 v40 2 VIR
        269 v41 2 VIR
        270 v42 2 VIR
        271 v43 2 VIR
        272 v44 2 VIR
        273 v45 2 VIR
        274 v46 2 VIR
        275 v47 2 VIR
        276 v48 2 VIR
        277 v49 2 VIR
        278 v5 1 VIR
        279 v50 2 VIR
        280 v51 2 VIR
        281 v52 2 VIR
        282 v53 2 VIR
        283 v54 2 VIR
        284 v55 2 VIR
        285 v56 2 VIR
        286 v57 2 VIR
        287 v58 2 VIR
        288 v59 2 VIR
        289 v6 1 VIR
        290 v60 2 VIR
        291 v61 2 VIR
        292 v62 2 VIR
        293 v63 2 VIR
        294 v64 2 VIR
        295 v65 2 VIR
        296 v66 2 VIR
        297 v67 2 VIR
        298 v68 2 VIR
        299 v69 2 VIR
        300 v7 1 VIR
        301 v70 2 VIR
        302 v71 2 VIR
        303 v72 2 VIR
        304 v73 2 VIR
        305 v74 2 VIR
        306 v75 2 VIR
        307 v76 2 VIR
        308 v77 2 VIR
        309 v78 2 VIR
        310 v79 2 VIR
        311 v8 1 VIR
        312 v80 2 VIR
        313 v81 2 VIR
        314 v82 2 VIR
        315 v83 2 VIR
        316 v84 2 VIR
        317 v85 2 VIR
        318 v86 2 VIR
        319 v87 2 VIR
        320 v88 2 VIR
        321 v89 2 VIR
        322 v9 1 VIR
        323 v90 2 VIR
        324 v91 2 VIR
        325 v92 2 VIR
        326 v93 2 VIR
        327 v94 2 VIR
        328 v95 2 VIR
        329 v96 2 VIR
        330 v97 2 VIR
        331 v98 2 VIR
        332 v99 2 VIR
        333 not1 3 INV
        334 not2 3 INV
        335 not3 3 INV
        336 not4 3 INV
        337 not5 3 INV
        338 not6 3 INV
        339 not7 3 INV
        340 not8 3 INV
        341 not9 3 INV
        342 not10 3 INV
        343 not11 3 INV
        344 not12 3 INV
        345 not13 3 INV
        346 not14 3 INV
        347 not15 3 INV
        348 not16 3 INV
        349 not17 3 INV
        350 not18 3 INV
        351 not19 3 INV
        352 not20 3 INV
        353 not21 3 INV
        354 not22 3 INV
        355 not23 3 INV
        356 not24 3 INV
        357 not25 3 INV
        358 not26 3 INV
        359 not27 3 INV
        360 not28 3 INV
        361 not29 5 INV
        362 not30 3 INV
        363 not31 3 INV
        364 not32 4 INV
        365 not33 3 INV
        366 not34 3 INV
        367 not35 3 INV
        368 not36 4 INV
        369 not37 4 INV
        370 not38 5 INV
        371 not39 4 INV
        372 not40 5 INV
        373 not41 4 INV
        374 not42 3 INV
        375 not43 4 INV
        376 not44 3 INV
        377 not45 5 INV
        378 not46 3 INV
        379 not47 5 INV
        380 not48 3 INV
        381 not49 3 INV
        382 not50 5 INV
        383 not51 5 INV
        384 not52 5 INV
        385 not53 5 INV
        386 not54 5 INV
        387 not55 4 INV
        388 not56 6 INV
        389 not57 5 INV
        390 not58 5 INV
        391 not59 4 INV
        392 not60 3 INV
        393 not61 3 INV
        394 not62 3 INV
        395 not63 3 INV
        396 not64 5 INV
        397 not65 6 INV
        398 not66 4 INV
        399 not67 3 INV
        400 not68 4 INV
        401 not69 3 INV
        402 not70 4 INV
        403 not71 7 INV
        404 not72 3 INV
        405 not73 4 INV
        406 not74 6 INV
        407 not75 3 INV
        408 not76 6 INV
        409 not77 3 INV
        410 not78 3 INV
        411 not79 4 INV
        412 not80 8 INV
        413 not81 5 INV
        414 not82 4 INV
        415 not83 5 INV
        416 not84 6 INV
        417 not85 5 INV
        418 not86 3 INV
        419 not87 8 INV
        420 not88 8 INV
        421 not89 8 INV
        422 not90 9 INV
        423 not91 3 INV
        424 not92 5 INV
        425 not93 3 INV
        426 not94 3 INV
        427 not95 10 INV
        428 not96 3 INV
        429 not97 3 INV
        430 not98 10 INV
        431 not99 5 INV
        432 not100 3 INV
        433 not101 11 INV
        434 not102 10 INV
        435 not103 3 INV
        436 not104 3 INV
        437 not105 3 INV
        438 not106 3 INV
        439 not107 14 INV
        440 not108 3 INV
    ]
    edge:
    [
        3 213
        3 224
        3 235
        4 238
        4 239
        4 240
        5 241
        5 242
        5 243
        6 244
        6 246
        6 247
        7 248
        7 249
        7 250
        8 251
        8 252
        8 253
        9 254
        9 255
        9 257
        1 267
        1 278
        1 289
        2 300
        2 311
        2 322
        300 214
        300 215
        300 216
        311 217
        311 218
        311 219
        322 220
        322 221
        322 222
        213 258
        213 259
        213 260
        224 261
        224 262
        224 263
        235 264
        235 265
        235 266
        238 268
        238 269
        238 270
        239 271
        239 272
        239 273
        240 274
        240 275
        240 276
        241 277
        241 279
        241 280
        242 281
        242 282
        242 283
        243 284
        243 285
        243 286
        244 287
        244 288
        244 290
        246 291
        246 292
        246 293
        247 294
        247 295
        247 296
        248 297
        248 298
        248 299
        249 301
        249 302
        249 303
        250 304
        250 305
        250 306
        251 307
        251 308
        251 309
        252 310
        252 312
        252 313
        253 314
        253 315
        253 316
        254 317
        254 318
        254 319
        255 320
        255 321
        255 323
        257 324
        257 325
        257 326
        267 327
        267 328
        278 329
        278 330
        289 331
        289 332
        291 11
        281 11
        312 333
        333 14
        219 14
        282 14
        274 16
        323 16
        288 334
        334 25
        216 25
        298 25
        277 335
        335 28
        317 28
        327 336
        336 32
        214 32
        259 32
        295 33
        306 33
        315 33
        328 337
        337 40
        280 40
        317 40
        328 41
        217 41
        318 41
        214 43
        327 43
        280 338
        338 46
        269 46
        279 48
        260 48
        329 51
        217 51
        296 339
        339 55
        306 55
        217 65
        299 65
        318 65
        279 68
        307 68
        275 340
        340 77
        286 77
        308 80
        269 80
        218 82
        262 82
        309 86
        319 86
        283 90
        320 90
        221 93
        321 93
        263 341
        341 108
        292 108
        220 342
        342 109
        264 109
        272 109
        260 110
        215 110
        320 343
        343 117
        330 117
        302 117
        275 120
        294 120
        321 121
        293 121
        277 344
        344 132
        297 132
        285 345
        345 134
        221 134
        294 134
        324 346
        346 139
        315 139
        266 347
        347 145
        222 145
        307 348
        348 148
        258 148
        331 349
        349 149
        265 149
        303 149
        263 151
        272 151
        282 151
        272 350
        350 152
        329 152
        282 152
        258 154
        287 154
        281 351
        351 160
        290 160
        274 352
        352 166
        331 166
        303 166
        274 167
        284 167
        303 167
        221 353
        353 169
        295 169
        220 354
        354 171
        289 171
        294 172
        314 172
        215 184
        268 184
        298 184
        260 355
        355 186
        288 186
        317 186
        216 187
        261 187
        288 187
        271 356
        356 192
        219 192
        220 357
        357 194
        312 194
        308 202
        218 202
        270 204
        301 204
        264 207
        284 207
        293 207
        299 358
        358 209
        262 209
        308 209
        277 223
        279 225
        281 226
        284 227
        287 228
        291 229
        297 230
        298 231
        299 232
        301 233
        302 234
        304 236
        305 237
        226 13
        291 13
        310 13
        273 359
        359 22
        293 22
        11 22
        261 26
        290 26
        231 26
        287 360
        360 29
        259 29
        223 29
        267 31
        259 31
        223 31
        40 361
        361 42
        41 42
        261 362
        362 45
        278 45
        43 45
        268 363
        363 49
        228 49
        233 58
        292 58
        231 364
        364 64
        280 64
        318 64
        214 69
        225 69
        297 69
        327 365
        365 71
        230 71
        307 71
        328 72
        225 72
        230 72
        309 366
        366 81
        262 81
        80 81
        329 84
        309 84
        110 84
        325 367
        367 88
        286 88
        77 88
        315 102
        237 102
        233 368
        368 105
        330 105
        108 111
        109 111
        227 369
        369 115
        121 115
        117 118
        323 118
        134 370
        370 135
        132 135
        236 371
        371 136
        266 136
        149 372
        372 150
        148 150
        151 373
        373 153
        152 153
        258 374
        374 155
        132 155
        154 155
        232 375
        375 158
        290 158
        154 158
        301 376
        376 161
        229 161
        160 161
        166 377
        377 168
        167 168
        171 173
        265 173
        286 175
        236 175
        215 378
        378 183
        268 183
        228 183
        186 379
        379 188
        187 188
        292 193
        192 193
        320 195
        194 195
        264 380
        380 196
        234 196
        270 381
        381 203
        310 203
        202 203
        263 210
        226 210
        209 211
        310 211
        11 212
        110 245
        110 256
        210 382
        382 12
        209 12
        211 12
        13 383
        383 15
        14 15
        25 384
        384 27
        26 27
        28 30
        29 30
        32 385
        385 34
        31 34
        22 386
        386 44
        306 44
        45 47
        46 47
        48 50
        49 50
        229 387
        387 54
        42 54
        273 59
        283 59
        58 59
        64 388
        388 67
        65 67
        69 389
        389 70
        68 70
        72 390
        390 73
        71 73
        82 391
        391 83
        313 83
        81 83
        330 392
        392 85
        84 85
        319 87
        45 87
        86 87
        276 103
        212 103
        102 103
        302 393
        393 106
        11 106
        245 106
        22 113
        245 113
        111 113
        167 116
        115 116
        285 119
        118 119
        305 394
        394 137
        121 137
        136 137
        325 395
        395 140
        256 140
        139 140
        212 142
        256 142
        148 396
        396 156
        155 156
        304 163
        153 163
        168 170
        169 170
        173 397
        397 174
        171 174
        172 174
        271 181
        312 181
        245 181
        184 398
        398 185
        183 185
        271 190
        188 190
        234 197
        193 197
        195 197
        314 399
        399 205
        203 205
        204 205
        324 17
        12 17
        15 17
        232 400
        400 35
        30 35
        34 35
        319 401
        401 37
        27 37
        218 52
        50 52
        51 52
        227 402
        402 60
        59 60
        44 403
        403 66
        33 66
        55 66
        270 74
        70 74
        73 74
        313 404
        404 76
        67 76
        86 405
        405 89
        85 89
        87 89
        83 406
        406 91
        321 91
        90 91
        12 94
        93 94
        276 407
        407 104
        103 104
        105 107
        106 107
        295 122
        119 122
        120 122
        136 408
        408 138
        135 138
        137 138
        269 157
        148 157
        156 157
        237 176
        174 176
        175 176
        314 409
        409 182
        181 182
        313 189
        185 189
        196 198
        197 198
        283 410
        410 206
        205 206
        16 18
        17 18
        30 36
        35 36
        51 411
        411 53
        47 53
        52 53
        70 75
        74 75
        91 412
        412 92
        89 92
        90 92
        77 413
        413 99
        66 99
        88 99
        107 112
        111 112
        120 414
        414 123
        116 123
        122 123
        139 415
        415 141
        138 141
        140 141
        158 416
        416 159
        154 159
        157 159
        175 417
        417 177
        170 177
        176 177
        273 418
        418 191
        189 191
        190 191
        206 208
        207 208
        208 419
        419 19
        18 19
        37 420
        420 38
        36 38
        54 421
        421 56
        53 56
        76 422
        422 78
        75 78
        112 114
        113 114
        141 143
        276 143
        266 423
        423 146
        99 146
        145 146
        160 424
        424 162
        159 162
        161 162
        182 199
        191 199
        275 425
        425 39
        37 39
        38 39
        304 426
        426 57
        54 57
        56 57
        265 79
        76 79
        78 79
        325 124
        114 124
        143 427
        427 144
        141 144
        142 144
        331 164
        162 164
        285 428
        428 200
        199 200
        39 61
        57 61
        324 429
        429 62
        57 62
        60 62
        79 95
        94 95
        305 96
        79 96
        92 96
        124 430
        430 125
        123 125
        145 431
        431 147
        144 147
        146 147
        332 432
        432 165
        163 165
        164 165
        200 433
        433 201
        198 201
        199 201
        19 434
        434 20
        201 20
        208 20
        61 63
        62 63
        95 97
        96 97
        316 435
        435 126
        124 126
        125 126
        150 178
        165 178
        332 436
        436 21
        19 21
        20 21
        316 98
        63 98
        296 100
        97 100
        222 437
        437 179
        178 179
        296 438
        438 101
        98 101
        100 101
        179 439
        439 180
        177 180
        178 180
        326 440
        440 23
        180 23
        21 23
        101 127
        126 127
        326 128
        101 128
        104 128
        21 24
        23 24
        127 129
        128 129
        24 130
        129 130
        332 131
        147 131
        129 131
        130 133
        131 133
        133 10
    ]
]
