circuit_name:9symnew_processed
[
    node:
    [
        1 x0 0 PI
        2 x1 0 PI
        3 x2 0 PI
        4 x3 0 PI
        5 x4 0 PI
        6 x5 0 PI
        7 x6 0 PI
        8 x7 0 PI
        9 x8 0 PI
        10 y0 20 PO
        11 n10 4 OR
        12 n100 8 MAJ
        13 n101 10 OR
        14 n102 3 OR
        15 n103 5 AND
        16 n104 5 AND
        17 n105 5 AND
        18 n106 6 AND
        19 n107 4 MAJ
        20 n108 7 AND
        21 n109 5 MAJ
        22 n11 5 OR
        23 n110 7 AND
        24 n111 8 OR
        25 n112 8 MAJ
        26 n113 9 OR
        27 n114 10 OR
        28 n115 11 MAJ
        29 n116 12 OR
        30 n117 6 AND
        31 n118 7 AND
        32 n119 4 MAJ
        33 n12 7 AND
        34 n120 8 AND
        35 n121 3 AND
        36 n122 4 AND
        37 n123 5 AND
        38 n124 4 MAJ
        39 n125 6 AND
        40 n126 5 AND
        41 n127 6 AND
        42 n128 6 AND
        43 n129 7 MAJ
        44 n13 5 MAJ
        45 n130 8 MAJ
        46 n131 4 AND
        47 n132 5 AND
        48 n133 6 AND
        49 n134 5 MAJ
        50 n135 7 AND
        51 n136 4 OR
        52 n137 6 AND
        53 n138 5 AND
        54 n139 3 OR
        55 n14 8 AND
        56 n140 5 AND
        57 n141 5 AND
        58 n142 6 AND
        59 n143 7 AND
        60 n144 7 AND
        61 n145 9 MAJ
        62 n146 3 AND
        63 n147 4 AND
        64 n148 5 AND
        65 n149 4 MAJ
        66 n15 3 AND
        67 n150 6 AND
        68 n151 4 MAJ
        69 n152 7 AND
        70 n153 3 AND
        71 n154 7 AND
        72 n155 8 MAJ
        73 n156 9 MAJ
        74 n157 10 OR
        75 n158 11 MAJ
        76 n159 12 OR
        77 n16 4 AND
        78 n160 13 OR
        79 n161 13 MAJ
        80 n162 14 OR
        81 n163 15 OR
        82 n164 14 MAJ
        83 n165 16 OR
        84 n166 4 AND
        85 n167 6 MAJ
        86 n168 7 AND
        87 n169 7 AND
        88 n17 5 AND
        89 n170 4 MAJ
        90 n171 8 AND
        91 n172 9 OR
        92 n173 9 MAJ
        93 n174 10 OR
        94 n175 7 AND
        95 n176 4 MAJ
        96 n177 8 AND
        97 n178 5 AND
        98 n179 3 OR
        99 n18 4 MAJ
        100 n180 4 OR
        101 n181 6 AND
        102 n182 7 AND
        103 n183 9 OR
        104 n184 9 MAJ
        105 n185 10 OR
        106 n186 5 AND
        107 n187 4 AND
        108 n188 5 AND
        109 n189 5 AND
        110 n19 6 AND
        111 n190 6 AND
        112 n191 7 AND
        113 n192 4 MAJ
        114 n193 8 AND
        115 n194 7 OR
        116 n195 8 AND
        117 n196 10 MAJ
        118 n197 5 AND
        119 n198 6 AND
        120 n199 5 AND
        121 n20 3 OR
        122 n200 6 AND
        123 n201 4 MAJ
        124 n202 7 AND
        125 n203 6 AND
        126 n204 5 MAJ
        127 n205 7 AND
        128 n206 8 OR
        129 n207 8 MAJ
        130 n208 9 OR
        131 n209 5 AND
        132 n21 3 AND
        133 n210 5 AND
        134 n211 7 AND
        135 n212 7 AND
        136 n213 9 MAJ
        137 n214 6 AND
        138 n215 7 MAJ
        139 n216 10 MAJ
        140 n217 6 AND
        141 n218 7 AND
        142 n219 4 AND
        143 n22 4 AND
        144 n220 5 AND
        145 n221 6 AND
        146 n222 4 MAJ
        147 n223 7 AND
        148 n224 3 AND
        149 n225 4 AND
        150 n226 8 OR
        151 n227 8 MAJ
        152 n228 9 OR
        153 n229 5 AND
        154 n23 7 AND
        155 n230 6 MAJ
        156 n231 7 AND
        157 n232 6 AND
        158 n233 5 MAJ
        159 n234 7 AND
        160 n235 4 AND
        161 n236 5 AND
        162 n237 7 AND
        163 n238 4 AND
        164 n239 5 AND
        165 n24 8 MAJ
        166 n240 5 AND
        167 n241 4 AND
        168 n242 6 AND
        169 n243 7 MAJ
        170 n244 4 OR
        171 n245 7 MAJ
        172 n246 9 MAJ
        173 n247 4 AND
        174 n248 5 AND
        175 n249 4 MAJ
        176 n25 9 MAJ
        177 n250 6 AND
        178 n251 5 AND
        179 n252 5 MAJ
        180 n253 7 AND
        181 n254 5 AND
        182 n255 4 MAJ
        183 n256 6 AND
        184 n257 7 OR
        185 n258 10 MAJ
        186 n259 11 OR
        187 n26 3 AND
        188 n260 12 OR
        189 n261 9 MAJ
        190 n262 13 OR
        191 n263 14 OR
        192 n264 12 MAJ
        193 n265 15 OR
        194 n266 16 OR
        195 n267 12 MAJ
        196 n268 17 OR
        197 n269 6 AND
        198 n27 4 AND
        199 n270 6 AND
        200 n271 8 AND
        201 n272 10 MAJ
        202 n273 6 AND
        203 n274 7 MAJ
        204 n275 11 MAJ
        205 n276 5 AND
        206 n277 6 AND
        207 n278 7 AND
        208 n279 7 AND
        209 n28 6 AND
        210 n280 9 MAJ
        211 n281 5 AND
        212 n282 7 MAJ
        213 n283 10 MAJ
        214 n284 5 AND
        215 n285 5 MAJ
        216 n286 7 AND
        217 n287 7 AND
        218 n288 8 AND
        219 n289 10 MAJ
        220 n29 5 MAJ
        221 n290 11 OR
        222 n291 12 MAJ
        223 n292 13 OR
        224 n293 5 MAJ
        225 n294 6 AND
        226 n295 6 AND
        227 n296 6 AND
        228 n297 4 MAJ
        229 n298 7 AND
        230 n299 8 OR
        231 n30 7 AND
        232 n300 7 MAJ
        233 n301 9 OR
        234 n302 7 AND
        235 n303 8 AND
        236 n304 6 AND
        237 n305 4 MAJ
        238 n306 7 AND
        239 n307 5 AND
        240 n308 6 MAJ
        241 n309 8 MAJ
        242 n31 4 AND
        243 n310 7 AND
        244 n311 4 MAJ
        245 n312 8 AND
        246 n313 6 AND
        247 n314 4 MAJ
        248 n315 7 AND
        249 n316 9 OR
        250 n317 9 MAJ
        251 n318 10 OR
        252 n319 11 OR
        253 n32 5 AND
        254 n320 10 MAJ
        255 n321 12 OR
        256 n322 5 AND
        257 n323 3 MAJ
        258 n324 6 AND
        259 n325 5 AND
        260 n326 7 MAJ
        261 n327 8 MAJ
        262 n328 6 AND
        263 n329 7 MAJ
        264 n33 4 AND
        265 n330 9 MAJ
        266 n331 7 AND
        267 n332 5 MAJ
        268 n333 8 AND
        269 n334 6 AND
        270 n335 3 MAJ
        271 n336 7 AND
        272 n337 9 OR
        273 n338 8 MAJ
        274 n339 10 OR
        275 n34 5 AND
        276 n340 5 OR
        277 n341 5 MAJ
        278 n342 7 AND
        279 n343 5 AND
        280 n344 6 AND
        281 n345 5 MAJ
        282 n346 7 AND
        283 n347 6 AND
        284 n348 5 MAJ
        285 n349 7 AND
        286 n35 4 AND
        287 n350 8 OR
        288 n351 11 MAJ
        289 n352 12 OR
        290 n353 13 OR
        291 n354 14 MAJ
        292 n355 15 OR
        293 n356 17 OR
        294 n357 18 MAJ
        295 n358 19 OR
        296 n36 5 AND
        297 n37 7 AND
        298 n38 7 AND
        299 n39 9 MAJ
        300 n40 10 OR
        301 n41 11 MAJ
        302 n42 12 OR
        303 n43 4 AND
        304 n44 5 AND
        305 n45 6 AND
        306 n46 5 MAJ
        307 n47 7 AND
        308 n48 4 AND
        309 n49 5 AND
        310 n50 7 AND
        311 n51 5 MAJ
        312 n52 8 AND
        313 n53 6 AND
        314 n54 7 MAJ
        315 n55 9 MAJ
        316 n56 5 AND
        317 n57 6 AND
        318 n58 5 AND
        319 n59 6 AND
        320 n60 8 AND
        321 n61 10 MAJ
        322 n62 11 MAJ
        323 n63 3 AND
        324 n64 5 AND
        325 n65 4 OR
        326 n66 6 AND
        327 n67 3 OR
        328 n68 3 AND
        329 n69 4 AND
        330 n70 4 AND
        331 n71 5 AND
        332 n72 6 MAJ
        333 n73 7 MAJ
        334 n74 9 AND
        335 n75 12 OR
        336 n76 12 MAJ
        337 n77 13 OR
        338 n78 5 AND
        339 n79 6 AND
        340 n80 4 MAJ
        341 n81 7 AND
        342 n82 3 AND
        343 n83 4 AND
        344 n84 6 MAJ
        345 n85 7 AND
        346 n86 4 AND
        347 n87 6 AND
        348 n88 7 MAJ
        349 n89 8 MAJ
        350 n90 6 AND
        351 n91 5 MAJ
        352 n92 7 AND
        353 n93 5 AND
        354 n94 4 OR
        355 n95 6 AND
        356 n96 7 AND
        357 n97 4 MAJ
        358 n98 8 AND
        359 n99 9 OR
        360 v1 5 VIR
        361 v10 5 VIR
        362 v100 2 VIR
        363 v101 2 VIR
        364 v102 2 VIR
        365 v103 2 VIR
        366 v104 2 VIR
        367 v105 2 VIR
        368 v106 2 VIR
        369 v107 2 VIR
        370 v108 2 VIR
        371 v109 2 VIR
        372 v11 5 VIR
        373 v110 2 VIR
        374 v111 2 VIR
        375 v112 2 VIR
        376 v113 2 VIR
        377 v114 2 VIR
        378 v115 2 VIR
        379 v116 2 VIR
        380 v117 2 VIR
        381 v118 3 VIR
        382 v119 3 VIR
        383 v12 6 VIR
        384 v120 3 VIR
        385 v121 3 VIR
        386 v122 3 VIR
        387 v123 3 VIR
        388 v124 3 VIR
        389 v125 3 VIR
        390 v126 3 VIR
        391 v127 3 VIR
        392 v128 3 VIR
        393 v129 3 VIR
        394 v13 4 VIR
        395 v130 3 VIR
        396 v131 3 VIR
        397 v132 3 VIR
        398 v133 3 VIR
        399 v134 3 VIR
        400 v135 3 VIR
        401 v136 3 VIR
        402 v137 3 VIR
        403 v138 3 VIR
        404 v139 3 VIR
        405 v14 4 VIR
        406 v140 3 VIR
        407 v141 3 VIR
        408 v142 3 VIR
        409 v143 3 VIR
        410 v144 3 VIR
        411 v145 3 VIR
        412 v146 3 VIR
        413 v147 3 VIR
        414 v148 3 VIR
        415 v149 3 VIR
        416 v15 4 VIR
        417 v150 3 VIR
        418 v151 3 VIR
        419 v152 3 VIR
        420 v153 3 VIR
        421 v154 3 VIR
        422 v155 3 VIR
        423 v156 3 VIR
        424 v157 3 VIR
        425 v158 3 VIR
        426 v159 3 VIR
        427 v16 4 VIR
        428 v160 3 VIR
        429 v161 3 VIR
        430 v162 3 VIR
        431 v163 3 VIR
        432 v164 3 VIR
        433 v165 3 VIR
        434 v166 3 VIR
        435 v167 3 VIR
        436 v168 3 VIR
        437 v17 5 VIR
        438 v18 5 VIR
        439 v19 1 VIR
        440 v2 4 VIR
        441 v20 1 VIR
        442 v21 1 VIR
        443 v22 1 VIR
        444 v23 1 VIR
        445 v24 1 VIR
        446 v25 1 VIR
        447 v26 1 VIR
        448 v27 1 VIR
        449 v28 1 VIR
        450 v29 1 VIR
        451 v3 5 VIR
        452 v30 1 VIR
        453 v31 1 VIR
        454 v32 1 VIR
        455 v33 1 VIR
        456 v34 1 VIR
        457 v35 1 VIR
        458 v36 1 VIR
        459 v37 1 VIR
        460 v38 1 VIR
        461 v39 1 VIR
        462 v4 4 VIR
        463 v40 1 VIR
        464 v41 1 VIR
        465 v42 1 VIR
        466 v43 1 VIR
        467 v44 1 VIR
        468 v45 1 VIR
        469 v46 2 VIR
        470 v47 2 VIR
        471 v48 2 VIR
        472 v49 2 VIR
        473 v5 4 VIR
        474 v50 2 VIR
        475 v51 2 VIR
        476 v52 2 VIR
        477 v53 2 VIR
        478 v54 2 VIR
        479 v55 2 VIR
        480 v56 2 VIR
        481 v57 2 VIR
        482 v58 2 VIR
        483 v59 2 VIR
        484 v6 5 VIR
        485 v60 2 VIR
        486 v61 2 VIR
        487 v62 2 VIR
        488 v63 2 VIR
        489 v64 2 VIR
        490 v65 2 VIR
        491 v66 2 VIR
        492 v67 2 VIR
        493 v68 2 VIR
        494 v69 2 VIR
        495 v7 7 VIR
        496 v70 2 VIR
        497 v71 2 VIR
        498 v72 2 VIR
        499 v73 2 VIR
        500 v74 2 VIR
        501 v75 2 VIR
        502 v76 2 VIR
        503 v77 2 VIR
        504 v78 2 VIR
        505 v79 2 VIR
        506 v8 6 VIR
        507 v80 2 VIR
        508 v81 2 VIR
        509 v82 2 VIR
        510 v83 2 VIR
        511 v84 2 VIR
        512 v85 2 VIR
        513 v86 2 VIR
        514 v87 2 VIR
        515 v88 2 VIR
        516 v89 2 VIR
        517 v9 6 VIR
        518 v90 2 VIR
        519 v91 2 VIR
        520 v92 2 VIR
        521 v93 2 VIR
        522 v94 2 VIR
        523 v95 2 VIR
        524 v96 2 VIR
        525 v97 2 VIR
        526 v98 2 VIR
        527 v99 2 VIR
        528 not1 2 INV
        529 not2 3 INV
        530 not3 3 INV
        531 not4 3 INV
        532 not5 3 INV
        533 not6 3 INV
        534 not7 3 INV
        535 not8 3 INV
        536 not9 3 INV
        537 not10 4 INV
        538 not11 4 INV
        539 not12 3 INV
        540 not13 4 INV
        541 not14 4 INV
        542 not15 4 INV
        543 not16 4 INV
        544 not17 4 INV
        545 not18 3 INV
        546 not19 3 INV
        547 not20 3 INV
        548 not21 3 INV
        549 not22 3 INV
        550 not23 4 INV
        551 not24 3 INV
        552 not25 3 INV
        553 not26 4 INV
        554 not27 4 INV
        555 not28 4 INV
        556 not29 4 INV
        557 not30 3 INV
        558 not31 2 INV
        559 not32 3 INV
        560 not33 3 INV
        561 not34 3 INV
        562 not35 4 INV
        563 not36 3 INV
        564 not37 4 INV
        565 not38 3 INV
        566 not39 4 INV
        567 not40 4 INV
        568 not41 4 INV
        569 not42 2 INV
        570 not43 3 INV
        571 not44 3 INV
        572 not45 4 INV
        573 not46 4 INV
        574 not47 3 INV
        575 not48 4 INV
        576 not49 4 INV
        577 not50 4 INV
        578 not51 4 INV
        579 not52 4 INV
        580 not53 3 INV
        581 not54 4 INV
        582 not55 4 INV
        583 not56 3 INV
        584 not57 4 INV
        585 not58 3 INV
        586 not59 3 INV
        587 not60 3 INV
        588 not61 4 INV
        589 not62 4 INV
        590 not63 4 INV
        591 not64 3 INV
        592 not65 3 INV
        593 not66 5 INV
        594 not67 4 INV
        595 not68 5 INV
        596 not69 4 INV
        597 not70 5 INV
        598 not71 3 INV
        599 not72 4 INV
        600 not73 3 INV
        601 not74 5 INV
        602 not75 3 INV
        603 not76 5 INV
        604 not77 4 INV
        605 not78 5 INV
        606 not79 6 INV
        607 not80 3 INV
        608 not81 4 INV
        609 not82 4 INV
        610 not83 4 INV
        611 not84 4 INV
        612 not85 5 INV
        613 not86 4 INV
        614 not87 2 INV
        615 not88 3 INV
        616 not89 5 INV
        617 not90 4 INV
        618 not91 5 INV
        619 not92 5 INV
        620 not93 6 INV
        621 not94 4 INV
        622 not95 5 INV
        623 not96 3 INV
        624 not97 3 INV
        625 not98 5 INV
        626 not99 5 INV
        627 not100 3 INV
        628 not101 6 INV
        629 not102 5 INV
        630 not103 3 INV
        631 not104 3 INV
        632 not105 6 INV
        633 not106 3 INV
        634 not107 3 INV
        635 not108 6 INV
        636 not109 6 INV
        637 not110 4 INV
        638 not111 5 INV
        639 not112 3 INV
        640 not113 6 INV
        641 not114 6 INV
        642 not115 6 INV
        643 not116 6 INV
        644 not117 5 INV
        645 not118 7 INV
        646 not119 6 INV
        647 not120 6 INV
        648 not121 3 INV
        649 not122 3 INV
        650 not123 6 INV
        651 not124 4 INV
        652 not125 6 INV
        653 not126 6 INV
        654 not127 6 INV
        655 not128 7 INV
        656 not129 8 INV
        657 not130 4 INV
        658 not131 8 INV
        659 not132 6 INV
        660 not133 5 INV
        661 not134 8 INV
        662 not135 5 INV
        663 not136 8 INV
        664 not137 8 INV
        665 not138 9 INV
        666 not139 8 INV
        667 not140 7 INV
        668 not141 6 INV
        669 not142 6 INV
        670 not143 6 INV
        671 not144 5 INV
        672 not145 6 INV
        673 not146 6 INV
        674 not147 9 INV
        675 not148 7 INV
        676 not149 8 INV
        677 not150 10 INV
        678 not151 5 INV
        679 not152 7 INV
        680 not153 8 INV
        681 not154 7 INV
        682 not155 7 INV
        683 not156 6 INV
        684 not157 9 INV
        685 not158 7 INV
        686 not159 8 INV
        687 not160 7 INV
        688 not161 7 INV
        689 not162 9 INV
        690 not163 11 INV
        691 not164 9 INV
        692 not165 10 INV
        693 not166 9 INV
        694 not167 11 INV
        695 not168 11 INV
        696 not169 8 INV
        697 not170 10 INV
        698 not171 9 INV
        699 not172 13 INV
        700 not173 17 INV
    ]
    edge:
    [
        1 439
        1 441
        1 442
        2 443
        2 444
        2 445
        3 446
        3 447
        3 448
        4 449
        4 450
        4 452
        5 453
        5 454
        5 455
        6 456
        6 457
        6 458
        7 459
        7 460
        7 461
        8 463
        8 464
        8 465
        9 466
        9 467
        9 468
        439 528
        528 187
        443 187
        463 362
        463 363
        463 364
        464 365
        464 366
        464 367
        465 368
        465 369
        465 370
        466 371
        466 373
        466 374
        467 375
        467 376
        467 377
        468 378
        468 379
        468 380
        439 469
        439 470
        441 471
        441 472
        442 474
        443 475
        443 476
        444 477
        445 478
        446 479
        446 480
        446 481
        447 482
        447 483
        447 485
        448 486
        448 487
        448 488
        449 489
        449 490
        449 491
        450 492
        450 493
        450 494
        452 496
        452 497
        452 498
        453 499
        453 500
        453 501
        454 502
        454 503
        454 504
        455 505
        455 507
        455 508
        456 509
        456 510
        456 511
        457 512
        457 513
        457 514
        458 515
        458 516
        458 518
        459 519
        459 520
        459 521
        460 522
        460 523
        460 524
        461 525
        461 526
        461 527
        444 14
        480 14
        471 35
        492 35
        500 54
        520 54
        475 62
        479 62
        499 66
        519 66
        477 70
        493 70
        478 98
        504 98
        522 529
        529 107
        364 107
        469 121
        489 121
        502 132
        365 132
        499 148
        509 148
        490 173
        187 173
        501 530
        530 175
        522 175
        364 175
        363 531
        531 198
        499 198
        507 257
        516 257
        369 257
        362 532
        532 264
        519 264
        474 270
        478 270
        513 270
        470 533
        533 286
        480 286
        500 534
        534 303
        520 303
        475 535
        535 308
        469 308
        469 323
        479 323
        471 327
        477 327
        512 328
        365 328
        501 536
        536 330
        511 330
        441 342
        476 342
        362 381
        363 382
        364 384
        365 385
        366 386
        368 387
        369 388
        371 389
        373 390
        374 391
        375 392
        376 393
        377 395
        378 396
        379 397
        380 398
        479 399
        480 400
        481 401
        482 402
        483 403
        485 404
        486 406
        487 407
        488 408
        489 409
        490 410
        491 411
        492 412
        493 413
        494 414
        496 415
        497 417
        509 418
        510 419
        511 420
        512 421
        513 422
        514 423
        515 424
        516 425
        518 426
        519 428
        520 429
        521 430
        522 431
        523 432
        524 433
        525 434
        526 435
        527 436
        187 473
        442 11
        402 11
        14 537
        537 15
        413 15
        389 17
        264 17
        476 19
        411 19
        510 19
        419 538
        538 21
        429 21
        390 21
        486 32
        498 32
        424 32
        512 36
        35 36
        369 539
        539 38
        434 38
        396 38
        401 540
        540 40
        477 40
        433 541
        541 44
        503 44
        393 44
        428 46
        381 46
        422 542
        542 49
        415 49
        503 49
        500 51
        418 51
        412 53
        286 53
        54 543
        543 56
        384 56
        399 544
        544 57
        470 57
        489 545
        545 63
        62 63
        376 546
        546 65
        423 65
        385 65
        493 547
        547 68
        502 68
        420 68
        377 548
        548 77
        66 77
        379 549
        549 84
        70 84
        516 89
        388 89
        397 89
        406 95
        507 95
        515 95
        423 550
        550 97
        323 97
        474 551
        551 99
        407 99
        425 99
        423 100
        98 100
        490 552
        552 106
        308 106
        380 108
        107 108
        417 553
        553 109
        404 109
        508 113
        518 113
        436 113
        400 554
        554 118
        432 118
        401 123
        422 123
        525 123
        132 555
        555 126
        514 126
        395 126
        327 556
        556 131
        414 131
        374 557
        557 133
        107 133
        444 558
        558 142
        411 142
        376 559
        559 143
        132 143
        504 560
        560 146
        368 146
        395 146
        524 561
        561 149
        148 149
        422 562
        562 158
        481 158
        496 158
        420 160
        323 160
        509 563
        563 163
        428 163
        381 564
        564 166
        66 166
        371 565
        565 167
        148 167
        399 170
        121 170
        430 566
        566 174
        173 174
        373 178
        198 178
        187 567
        567 179
        419 179
        389 179
        511 182
        431 182
        374 182
        392 205
        303 205
        408 220
        398 220
        473 220
        386 568
        568 224
        503 224
        524 224
        445 569
        569 228
        483 228
        421 228
        505 570
        570 237
        478 237
        403 237
        475 571
        571 242
        399 242
        472 244
        482 244
        414 244
        472 247
        402 247
        421 247
        424 256
        173 256
        435 572
        572 259
        198 259
        415 573
        573 267
        442 267
        403 267
        375 574
        574 275
        264 275
        396 575
        575 281
        505 281
        515 281
        132 576
        576 284
        487 284
        527 284
        421 577
        577 296
        286 296
        391 578
        578 304
        303 304
        426 579
        579 306
        474 306
        408 306
        494 580
        580 309
        473 309
        407 581
        581 311
        370 311
        380 311
        430 582
        582 316
        501 316
        486 583
        583 318
        473 318
        409 584
        584 324
        323 324
        418 325
        363 325
        378 329
        328 329
        384 331
        330 331
        409 338
        308 338
        366 585
        585 340
        481 340
        432 340
        523 586
        586 343
        342 343
        510 587
        587 346
        382 346
        419 588
        588 351
        521 351
        382 351
        428 354
        362 354
        471 357
        410 357
        418 357
        303 361
        308 372
        327 394
        327 405
        342 416
        342 427
        121 440
        148 462
        198 484
        392 16
        346 16
        491 18
        17 18
        425 22
        11 22
        387 589
        589 30
        361 30
        387 590
        590 37
        36 37
        497 591
        591 41
        40 41
        373 592
        592 47
        46 47
        51 593
        593 52
        391 52
        412 58
        57 58
        385 594
        594 64
        63 64
        325 595
        595 85
        487 85
        397 85
        407 596
        596 88
        77 88
        100 597
        597 101
        388 101
        508 598
        598 111
        109 111
        386 599
        599 119
        118 119
        494 600
        600 120
        416 120
        394 601
        601 125
        377 125
        525 140
        106 140
        420 144
        142 144
        367 602
        602 153
        462 153
        394 603
        603 155
        401 155
        367 155
        496 157
        275 157
        433 604
        604 161
        160 161
        389 164
        163 164
        167 605
        605 168
        166 168
        174 177
        175 177
        179 606
        606 180
        178 180
        431 181
        63 181
        393 197
        316 197
        309 199
        149 199
        505 202
        275 202
        513 607
        607 206
        57 206
        398 608
        608 209
        484 209
        485 211
        416 211
        396 214
        462 214
        406 215
        379 215
        440 215
        174 225
        224 225
        392 609
        609 226
        316 226
        402 610
        610 227
        205 227
        403 611
        611 236
        17 236
        404 239
        143 239
        11 612
        612 246
        497 246
        491 253
        242 253
        257 613
        613 258
        256 258
        445 614
        614 269
        133 269
        526 276
        51 276
        406 277
        526 277
        427 277
        485 615
        615 279
        416 279
        405 616
        616 283
        435 283
        488 305
        304 305
        400 617
        617 313
        304 313
        366 317
        316 317
        368 319
        361 319
        325 618
        618 326
        390 326
        394 619
        619 332
        498 332
        329 332
        331 620
        620 333
        417 333
        405 333
        429 621
        621 339
        338 339
        325 622
        622 344
        413 344
        523 344
        521 623
        623 350
        324 350
        492 624
        624 353
        242 353
        354 625
        625 355
        371 355
        77 360
        309 383
        346 437
        346 438
        143 451
        275 517
        19 626
        626 20
        18 20
        339 23
        21 23
        498 627
        627 31
        30 31
        22 628
        628 33
        436 33
        38 629
        629 39
        37 39
        378 630
        630 42
        437 42
        502 631
        631 48
        47 48
        52 59
        53 59
        56 632
        632 60
        58 60
        64 67
        65 67
        400 71
        326 71
        84 86
        85 86
        370 633
        633 87
        383 87
        507 634
        634 94
        355 94
        38 102
        101 102
        88 110
        99 110
        106 115
        111 115
        514 122
        120 122
        126 635
        635 127
        125 127
        317 134
        131 134
        120 636
        636 135
        133 135
        434 637
        637 137
        437 137
        340 638
        638 141
        140 141
        367 639
        639 145
        144 145
        451 640
        640 154
        425 154
        153 156
        155 156
        158 641
        641 159
        157 159
        44 642
        642 162
        161 162
        106 169
        167 169
        168 169
        164 643
        643 171
        121 171
        170 171
        182 644
        644 183
        181 183
        197 645
        645 200
        296 200
        517 203
        70 203
        202 203
        119 207
        120 207
        205 646
        646 208
        206 208
        427 212
        355 212
        211 212
        215 647
        647 216
        214 216
        319 217
        41 217
        227 229
        228 229
        209 231
        220 231
        97 232
        225 232
        226 232
        527 234
        41 234
        236 238
        237 238
        143 240
        372 240
        239 240
        482 648
        648 243
        226 243
        313 248
        247 248
        484 260
        246 260
        259 260
        488 649
        649 262
        451 262
        483 266
        226 266
        269 271
        270 271
        276 650
        650 278
        277 278
        424 651
        651 280
        279 280
        284 652
        652 285
        283 285
        296 653
        653 298
        360 298
        306 654
        654 307
        305 307
        370 310
        383 310
        304 314
        372 314
        313 314
        317 655
        655 320
        77 320
        333 656
        656 334
        332 334
        339 341
        340 341
        343 345
        344 345
        375 347
        253 347
        350 352
        351 352
        410 657
        657 356
        355 356
        206 495
        253 506
        331 12
        352 12
        353 12
        20 24
        23 24
        15 25
        16 25
        23 25
        31 34
        32 34
        438 43
        41 43
        42 43
        48 50
        49 50
        33 55
        44 55
        60 658
        658 61
        58 61
        59 61
        48 69
        68 69
        326 72
        70 72
        71 72
        87 90
        89 90
        94 96
        95 96
        518 112
        506 112
        108 659
        659 116
        115 116
        123 660
        660 124
        122 124
        338 129
        119 129
        127 129
        135 661
        661 136
        133 136
        134 136
        438 138
        353 138
        137 138
        145 147
        146 147
        440 662
        662 165
        426 165
        154 165
        171 663
        663 172
        169 172
        170 172
        177 184
        183 184
        159 664
        664 189
        156 189
        162 189
        200 665
        665 201
        296 201
        199 201
        208 666
        666 210
        206 210
        207 210
        197 667
        667 218
        495 218
        225 230
        229 230
        21 668
        668 235
        234 235
        239 669
        669 241
        238 241
        240 241
        243 245
        244 245
        259 670
        670 261
        258 261
        260 261
        405 671
        671 263
        451 263
        262 263
        267 672
        672 268
        266 268
        309 273
        331 273
        271 273
        280 282
        281 282
        278 287
        285 287
        506 297
        517 297
        311 673
        673 312
        310 312
        320 674
        674 321
        317 321
        319 321
        253 348
        437 348
        347 348
        356 358
        357 358
        24 26
        25 26
        42 675
        675 45
        39 45
        43 45
        71 676
        676 73
        69 73
        72 73
        61 677
        677 75
        50 75
        67 75
        86 91
        90 91
        52 92
        63 92
        90 92
        96 103
        102 103
        30 104
        96 104
        97 104
        113 678
        678 114
        112 114
        124 128
        127 128
        137 679
        679 139
        136 139
        138 139
        141 150
        147 150
        15 151
        147 151
        149 151
        154 680
        680 176
        110 176
        165 176
        177 681
        681 185
        172 185
        180 185
        202 682
        682 204
        201 204
        203 204
        211 683
        683 213
        210 213
        212 213
        218 684
        684 219
        495 219
        217 219
        230 233
        232 233
        245 249
        248 249
        197 250
        245 250
        246 250
        262 685
        685 265
        261 265
        263 265
        268 272
        271 272
        298 686
        686 299
        360 299
        297 299
        313 687
        687 315
        312 315
        314 315
        318 322
        320 322
        321 322
        347 688
        688 349
        345 349
        348 349
        352 359
        358 359
        359 13
        12 13
        349 27
        26 27
        61 74
        73 74
        91 93
        92 93
        103 105
        104 105
        116 689
        689 117
        114 117
        115 117
        128 130
        129 130
        150 152
        151 152
        184 186
        185 186
        213 221
        219 221
        213 690
        690 222
        204 222
        216 222
        249 251
        250 251
        235 691
        691 254
        233 254
        241 254
        272 274
        273 274
        176 300
        299 300
        176 692
        692 301
        55 301
        231 301
        322 335
        334 335
        322 336
        324 336
        326 336
        349 693
        693 28
        341 28
        13 28
        74 76
        75 76
        159 188
        186 188
        139 694
        694 192
        130 192
        152 192
        105 695
        695 195
        93 195
        117 195
        221 223
        222 223
        235 252
        251 252
        278 696
        696 288
        274 288
        282 288
        300 302
        301 302
        335 337
        336 337
        27 29
        28 29
        34 78
        76 78
        315 697
        697 82
        307 82
        337 82
        188 190
        189 190
        252 255
        254 255
        287 289
        288 289
        34 698
        698 79
        29 79
        45 79
        139 191
        190 191
        255 290
        289 290
        255 699
        699 291
        223 291
        265 291
        78 80
        79 80
        191 193
        192 193
        290 292
        291 292
        315 81
        80 81
        105 194
        193 194
        81 83
        82 83
        194 196
        195 196
        83 293
        292 293
        83 700
        700 294
        302 294
        196 294
        293 295
        294 295
        295 10
    ]
]
