circuit_name:apex7new_processed
[
    node:
    [
        1 x0 0 PI
        2 x1 0 PI
        3 x2 0 PI
        4 x3 0 PI
        5 x4 0 PI
        6 x5 0 PI
        7 x6 0 PI
        8 x7 0 PI
        9 x8 0 PI
        10 x9 0 PI
        11 x10 0 PI
        12 x11 0 PI
        13 x12 0 PI
        14 x13 0 PI
        15 x14 0 PI
        16 x15 0 PI
        17 x16 0 PI
        18 x17 0 PI
        19 x18 0 PI
        20 x19 0 PI
        21 x20 0 PI
        22 x21 0 PI
        23 x22 0 PI
        24 x23 0 PI
        25 x24 0 PI
        26 x25 0 PI
        27 x26 0 PI
        28 x27 0 PI
        29 x28 0 PI
        30 x29 0 PI
        31 x30 0 PI
        32 x31 0 PI
        33 x32 0 PI
        34 x33 0 PI
        35 x34 0 PI
        36 x35 0 PI
        37 x36 0 PI
        38 x37 0 PI
        39 x38 0 PI
        40 x39 0 PI
        41 x40 0 PI
        42 x41 0 PI
        43 x42 0 PI
        44 x43 0 PI
        45 x44 0 PI
        46 x45 0 PI
        47 x46 0 PI
        48 x47 0 PI
        49 x48 0 PI
        50 y0 10 PO
        51 y1 18 PO
        52 y2 8 PO
        53 y3 13 PO
        54 y4 8 PO
        55 y5 13 PO
        56 y6 6 PO
        57 y7 12 PO
        58 y8 12 PO
        59 y9 13 PO
        60 y10 6 PO
        61 y11 13 PO
        62 y12 15 PO
        63 y13 5 PO
        64 y14 16 PO
        65 y15 17 PO
        66 y16 6 PO
        67 y17 18 PO
        68 y18 20 PO
        69 y19 12 PO
        70 y20 18 PO
        71 y21 18 PO
        72 y22 4 PO
        73 y23 19 PO
        74 y24 5 PO
        75 y25 6 PO
        76 y26 11 PO
        77 y27 2 PO
        78 y28 6 PO
        79 y29 15 PO
        80 y30 7 PO
        81 y31 13 PO
        82 y32 4 PO
        83 y33 13 PO
        84 y34 5 PO
        85 y35 20 PO
        86 y36 5 PO
        87 n100 4 AND
        88 n101 5 AND
        89 n102 2 MAJ
        90 n103 6 AND
        91 n104 7 AND
        92 n105 1 AND
        93 n106 2 OR
        94 n107 4 MAJ
        95 n108 2 AND
        96 n109 4 AND
        97 n110 3 AND
        98 n111 2 MAJ
        99 n112 4 AND
        100 n113 5 OR
        101 n114 8 MAJ
        102 n115 9 OR
        103 n116 10 AND
        104 n117 4 AND
        105 n118 11 OR
        106 n119 12 MAJ
        107 n120 2 AND
        108 n121 4 AND
        109 n122 5 MAJ
        110 n123 7 AND
        111 n124 3 MAJ
        112 n125 6 AND
        113 n126 4 AND
        114 n127 8 AND
        115 n128 9 MAJ
        116 n129 10 MAJ
        117 n130 10 MAJ
        118 n131 11 OR
        119 n132 3 AND
        120 n133 3 MAJ
        121 n134 5 AND
        122 n135 2 AND
        123 n136 4 OR
        124 n137 6 MAJ
        125 n138 5 AND
        126 n139 7 MAJ
        127 n140 8 AND
        128 n141 4 MAJ
        129 n142 6 AND
        130 n143 7 AND
        131 n144 7 XOR
        132 n145 9 MAJ
        133 n146 10 OR
        134 n147 9 MAJ
        135 n148 11 OR
        136 n149 11 AND
        137 n150 5 AND
        138 n151 12 MAJ
        139 n152 3 MAJ
        140 n153 3 MAJ
        141 n154 5 AND
        142 n155 10 AND
        143 n156 11 AND
        144 n157 4 AND
        145 n158 12 MAJ
        146 n159 10 AND
        147 n160 11 AND
        148 n161 7 MAJ
        149 n162 12 AND
        150 n163 4 AND
        151 n164 6 MAJ
        152 n165 8 AND
        153 n166 13 OR
        154 n167 13 MAJ
        155 n168 14 OR
        156 n169 3 MAJ
        157 n170 4 AND
        158 n171 7 AND
        159 n172 2 AND
        160 n173 5 AND
        161 n174 6 OR
        162 n175 12 MAJ
        163 n176 4 AND
        164 n177 3 MAJ
        165 n178 5 AND
        166 n179 6 AND
        167 n180 8 AND
        168 n181 12 MAJ
        169 n182 13 OR
        170 n183 14 MAJ
        171 n184 15 OR
        172 n185 11 AND
        173 n186 3 AND
        174 n187 13 MAJ
        175 n188 14 AND
        176 n189 3 AND
        177 n190 12 MAJ
        178 n191 13 AND
        179 n192 4 AND
        180 n193 14 AND
        181 n194 15 MAJ
        182 n195 16 OR
        183 n196 4 AND
        184 n197 5 MAJ
        185 n198 16 AND
        186 n199 17 MAJ
        187 n200 3 AND
        188 n201 5 AND
        189 n202 5 AND
        190 n203 12 AND
        191 n204 13 MAJ
        192 n205 15 AND
        193 n206 16 OR
        194 n207 18 MAJ
        195 n208 8 AND
        196 n209 10 AND
        197 n210 11 MAJ
        198 n211 12 MAJ
        199 n212 13 OR
        200 n213 15 XOR
        201 n214 17 MAJ
        202 n215 5 MAJ
        203 n216 7 AND
        204 n217 14 AND
        205 n218 3 MAJ
        206 n219 15 AND
        207 n220 3 AND
        208 n221 14 AND
        209 n222 15 MAJ
        210 n223 16 OR
        211 n224 16 MAJ
        212 n225 17 OR
        213 n226 3 AND
        214 n227 3 AND
        215 n228 13 MAJ
        216 n229 14 AND
        217 n230 15 OR
        218 n231 16 AND
        219 n232 18 MAJ
        220 n233 2 MAJ
        221 n234 3 MAJ
        222 n235 4 AND
        223 n236 3 AND
        224 n237 4 XOR
        225 n238 5 AND
        226 n239 3 AND
        227 n240 4 AND
        228 n241 8 MAJ
        229 n242 10 AND
        230 n243 3 MAJ
        231 n244 3 MAJ
        232 n245 5 AND
        233 n246 3 AND
        234 n247 10 AND
        235 n248 4 AND
        236 n249 12 AND
        237 n250 14 MAJ
        238 n251 5 OR
        239 n252 5 MAJ
        240 n253 6 OR
        241 n254 3 AND
        242 n255 11 OR
        243 n256 12 MAJ
        244 n257 3 AND
        245 n258 3 AND
        246 n259 11 OR
        247 n260 12 MAJ
        248 n261 3 XOR
        249 n262 4 AND
        250 n263 8 AND
        251 n264 14 AND
        252 n265 2 AND
        253 n266 14 MAJ
        254 n267 15 MAJ
        255 n268 15 AND
        256 n269 16 AND
        257 n270 17 AND
        258 n271 18 AND
        259 n272 2 AND
        260 n273 3 XOR
        261 n274 4 AND
        262 n50 3 AND
        263 n51 3 MAJ
        264 n52 5 AND
        265 n53 3 AND
        266 n54 4 MAJ
        267 n55 6 MAJ
        268 n56 8 AND
        269 n57 7 AND
        270 n58 9 MAJ
        271 n59 3 AND
        272 n60 4 AND
        273 n61 2 OR
        274 n62 4 AND
        275 n63 3 AND
        276 n64 3 MAJ
        277 n65 5 AND
        278 n66 3 AND
        279 n67 3 MAJ
        280 n68 5 AND
        281 n69 6 OR
        282 n70 6 MAJ
        283 n71 7 OR
        284 n72 3 MAJ
        285 n73 5 AND
        286 n74 2 AND
        287 n75 3 MAJ
        288 n76 4 AND
        289 n77 3 AND
        290 n78 3 MAJ
        291 n79 4 AND
        292 n80 6 OR
        293 n81 8 MAJ
        294 n82 9 OR
        295 n83 10 AND
        296 n84 4 AND
        297 n85 11 MAJ
        298 n86 12 AND
        299 n87 14 AND
        300 n88 16 AND
        301 n89 17 MAJ
        302 n90 2 AND
        303 n91 3 MAJ
        304 n92 4 AND
        305 n93 6 XOR
        306 n94 7 AND
        307 n95 5 AND
        308 n96 6 XOR
        309 n97 7 AND
        310 n98 2 AND
        311 n99 2 MAJ
        312 v1 7 VIR
        313 v10 13 VIR
        314 v11 15 VIR
        315 v12 5 VIR
        316 v13 1 VIR
        317 v14 1 VIR
        318 v15 1 VIR
        319 v16 1 VIR
        320 v17 1 VIR
        321 v18 1 VIR
        322 v19 1 VIR
        323 v2 2 VIR
        324 v20 1 VIR
        325 v21 1 VIR
        326 v22 1 VIR
        327 v23 1 VIR
        328 v24 1 VIR
        329 v25 1 VIR
        330 v26 1 VIR
        331 v27 1 VIR
        332 v28 1 VIR
        333 v29 1 VIR
        334 v3 11 VIR
        335 v30 1 VIR
        336 v31 1 VIR
        337 v32 1 VIR
        338 v33 1 VIR
        339 v34 1 VIR
        340 v35 1 VIR
        341 v36 1 VIR
        342 v37 1 VIR
        343 v38 1 VIR
        344 v39 1 VIR
        345 v4 12 VIR
        346 v40 1 VIR
        347 v41 1 VIR
        348 v42 1 VIR
        349 v43 1 VIR
        350 v44 1 VIR
        351 v45 1 VIR
        352 v46 1 VIR
        353 v47 1 VIR
        354 v48 1 VIR
        355 v49 1 VIR
        356 v5 14 VIR
        357 v50 1 VIR
        358 v51 1 VIR
        359 v52 1 VIR
        360 v53 1 VIR
        361 v54 1 VIR
        362 v55 1 VIR
        363 v56 1 VIR
        364 v57 1 VIR
        365 v58 1 VIR
        366 v59 1 VIR
        367 v6 7 VIR
        368 v60 1 VIR
        369 v61 1 VIR
        370 v62 1 VIR
        371 v63 2 VIR
        372 v64 2 VIR
        373 v65 2 VIR
        374 v66 2 VIR
        375 v67 2 VIR
        376 v68 2 VIR
        377 v69 2 VIR
        378 v7 5 VIR
        379 v70 2 VIR
        380 v71 2 VIR
        381 v72 2 VIR
        382 v73 2 VIR
        383 v74 2 VIR
        384 v75 2 VIR
        385 v76 2 VIR
        386 v77 2 VIR
        387 v78 2 VIR
        388 v79 2 VIR
        389 v8 11 VIR
        390 v80 2 VIR
        391 v81 2 VIR
        392 v82 3 VIR
        393 v83 3 VIR
        394 v84 3 VIR
        395 v85 3 VIR
        396 v86 3 VIR
        397 v87 3 VIR
        398 v88 3 VIR
        399 v89 3 VIR
        400 v9 5 VIR
        401 v90 3 VIR
        402 not1 1 INV
        403 not2 1 INV
        404 not3 1 INV
        405 not4 1 INV
        406 not5 3 INV
        407 not6 2 INV
        408 not7 2 INV
        409 not8 2 INV
        410 not9 2 INV
        411 not10 2 INV
        412 not11 1 INV
        413 not12 2 INV
        414 not13 2 INV
        415 not14 2 INV
        416 not15 2 INV
        417 not16 2 INV
        418 not17 2 INV
        419 not18 1 INV
        420 not19 2 INV
        421 not20 2 INV
        422 not21 2 INV
        423 not22 3 INV
        424 not23 1 INV
        425 not24 2 INV
        426 not25 1 INV
        427 not26 3 INV
        428 not27 2 INV
        429 not28 2 INV
        430 not29 3 INV
        431 not30 1 INV
        432 not31 2 INV
        433 not32 2 INV
        434 not33 2 INV
        435 not34 2 INV
        436 not35 1 INV
        437 not36 2 INV
        438 not37 2 INV
        439 not38 2 INV
        440 not39 3 INV
        441 not40 4 INV
        442 not41 1 INV
        443 not42 2 INV
        444 not43 3 INV
        445 not44 2 INV
        446 not45 4 INV
        447 not46 2 INV
        448 not47 4 INV
        449 not48 4 INV
        450 not49 2 INV
        451 not50 4 INV
        452 not51 3 INV
        453 not52 4 INV
        454 not53 4 INV
        455 not54 5 INV
        456 not55 4 INV
        457 not56 4 INV
        458 not57 6 INV
        459 not58 3 INV
        460 not59 2 INV
        461 not60 6 INV
        462 not61 1 INV
        463 not62 3 INV
        464 not63 4 INV
        465 not64 6 INV
        466 not65 6 INV
        467 not66 2 INV
        468 not67 7 INV
        469 not68 6 INV
        470 not69 2 INV
        471 not70 7 INV
        472 not71 5 INV
        473 not72 5 INV
        474 not73 8 INV
        475 not74 7 INV
        476 not75 5 INV
        477 not76 8 INV
        478 not77 6 INV
        479 not78 9 INV
        480 not79 9 INV
        481 not80 2 INV
        482 not81 1 INV
        483 not82 11 INV
        484 not83 11 INV
        485 not84 5 INV
        486 not85 3 INV
        487 not86 6 INV
        488 not87 5 INV
        489 not88 8 INV
        490 not89 7 INV
        491 not90 6 INV
        492 not91 13 INV
        493 not92 2 INV
        494 not93 3 INV
        495 not94 2 INV
        496 not95 13 INV
        497 not96 2 INV
        498 not97 5 INV
        499 not98 6 INV
        500 not99 4 INV
        501 not100 2 INV
        502 not101 13 INV
        503 not102 13 INV
        504 not103 15 INV
        505 not104 14 INV
        506 not105 2 INV
        507 not106 14 INV
        508 not107 15 INV
        509 not108 16 INV
        510 not109 2 INV
        511 not110 3 INV
        512 not111 8 INV
        513 not112 17 INV
        514 not113 17 INV
        515 not114 16 INV
        516 not115 17 INV
        517 not116 12 INV
        518 not117 19 INV
        519 not118 19 INV
    ]
    edge:
    [
        14 92
        25 92
        10 402
        402 98
        20 98
        25 98
        12 403
        403 107
        6 107
        20 316
        3 317
        3 318
        22 319
        22 320
        22 321
        23 322
        25 324
        27 325
        27 326
        29 327
        29 328
        29 329
        30 330
        30 331
        30 332
        4 333
        4 335
        4 336
        33 337
        33 338
        34 339
        34 340
        34 341
        36 342
        36 343
        36 344
        37 346
        37 347
        38 348
        39 349
        39 350
        39 351
        40 352
        40 353
        5 354
        5 355
        5 357
        42 358
        42 359
        42 360
        43 361
        43 362
        43 363
        45 364
        45 365
        45 366
        47 368
        7 369
        8 370
        38 404
        404 89
        317 89
        335 89
        23 93
        92 93
        35 405
        405 95
        324 95
        107 406
        406 108
        357 108
        368 407
        407 120
        325 120
        331 120
        340 122
        348 122
        364 408
        408 140
        32 140
        360 140
        346 159
        352 159
        327 409
        409 164
        346 164
        352 164
        353 410
        410 173
        347 173
        366 411
        411 213
        15 213
        14 412
        412 220
        360 220
        365 220
        324 413
        413 226
        23 226
        366 414
        414 244
        12 244
        355 252
        7 252
        336 259
        357 259
        317 415
        415 265
        335 265
        327 416
        416 271
        37 271
        21 273
        320 273
        349 417
        417 275
        319 275
        342 418
        418 276
        13 276
        319 276
        48 419
        419 286
        343 286
        343 420
        420 287
        321 287
        350 287
        320 421
        421 289
        349 289
        333 302
        38 302
        333 422
        422 303
        3 303
        354 303
        330 310
        47 310
        27 311
        330 311
        339 311
        92 323
        319 371
        342 372
        343 373
        344 374
        354 375
        355 376
        357 377
        358 379
        359 380
        360 381
        361 382
        361 383
        361 384
        362 385
        362 386
        362 387
        363 388
        363 390
        363 391
        311 423
        423 87
        310 87
        20 424
        424 97
        382 97
        340 425
        425 111
        331 111
        386 111
        385 119
        47 119
        1 426
        426 139
        380 139
        364 139
        387 427
        427 144
        28 144
        322 428
        428 156
        9 156
        387 156
        358 429
        429 176
        383 176
        323 430
        430 183
        26 183
        18 431
        431 187
        375 187
        328 205
        337 205
        159 205
        328 432
        432 207
        385 207
        328 433
        433 214
        159 214
        365 434
        434 221
        316 221
        381 221
        1 223
        380 223
        364 435
        435 227
        226 227
        32 436
        436 230
        381 230
        365 230
        366 437
        437 231
        14 231
        381 231
        321 438
        438 233
        373 233
        41 241
        388 241
        388 245
        46 245
        377 248
        336 248
        259 260
        318 260
        354 262
        382 262
        336 439
        439 263
        376 263
        348 263
        335 266
        355 266
        265 266
        40 272
        271 272
        273 440
        440 274
        372 274
        276 441
        441 277
        275 277
        371 278
        349 278
        16 279
        371 279
        342 279
        17 284
        320 284
        372 284
        286 288
        287 288
        18 442
        442 290
        321 290
        372 290
        302 304
        303 304
        382 392
        383 393
        384 394
        385 395
        386 396
        387 397
        388 398
        390 399
        391 401
        333 443
        443 88
        87 88
        93 444
        444 94
        393 94
        92 94
        392 96
        95 96
        97 99
        98 99
        396 104
        49 104
        398 109
        107 109
        108 109
        340 445
        445 113
        394 113
        120 446
        446 121
        119 121
        119 123
        122 123
        332 125
        304 125
        339 447
        447 128
        325 128
        393 128
        396 448
        448 137
        31 137
        139 449
        449 141
        140 141
        19 150
        395 150
        399 157
        156 157
        327 163
        392 163
        347 450
        450 179
        395 179
        390 184
        323 184
        183 184
        274 188
        187 188
        33 189
        272 189
        395 451
        451 202
        346 202
        352 202
        220 452
        452 222
        221 222
        223 224
        35 224
        230 453
        453 232
        231 232
        397 235
        44 235
        391 249
        248 249
        401 261
        260 261
        263 454
        454 264
        262 264
        266 455
        455 267
        384 267
        265 267
        279 456
        456 280
        278 280
        284 457
        457 285
        275 285
        289 291
        290 291
        358 296
        392 296
        339 307
        304 307
        304 315
        272 378
        88 90
        89 90
        94 100
        99 100
        315 458
        458 110
        396 110
        307 112
        111 112
        122 459
        459 124
        121 124
        123 124
        332 460
        460 126
        325 126
        267 126
        307 129
        128 129
        267 131
        368 131
        378 461
        461 148
        337 148
        379 148
        19 462
        462 151
        359 151
        378 151
        159 463
        463 160
        296 160
        164 464
        464 165
        163 165
        202 465
        465 203
        386 203
        390 225
        224 225
        96 238
        99 238
        2 239
        397 239
        99 239
        264 466
        466 269
        317 269
        277 281
        280 281
        350 467
        467 282
        274 282
        280 282
        285 292
        291 292
        315 305
        341 305
        307 308
        330 308
        267 367
        296 400
        262 91
        90 91
        125 127
        126 127
        331 130
        129 130
        151 468
        468 152
        150 152
        378 469
        469 158
        400 158
        370 161
        160 161
        370 470
        470 166
        165 166
        238 240
        239 240
        90 471
        471 250
        7 250
        348 268
        367 268
        281 283
        282 283
        401 306
        305 306
        394 309
        308 309
        90 312
        94 472
        472 101
        91 101
        96 101
        113 473
        473 114
        309 114
        131 474
        474 132
        367 132
        130 132
        341 134
        124 134
        127 134
        166 475
        475 167
        359 167
        376 195
        312 195
        227 476
        476 228
        377 228
        312 228
        269 477
        477 270
        318 270
        268 270
        285 478
        478 293
        283 293
        288 293
        100 102
        101 102
        326 115
        113 115
        114 115
        124 133
        132 133
        195 479
        479 196
        24 196
        228 480
        480 229
        227 229
        292 294
        293 294
        278 103
        102 103
        326 481
        481 116
        112 116
        115 116
        326 117
        110 117
        115 117
        133 135
        134 135
        275 142
        102 142
        262 146
        294 146
        391 197
        195 197
        196 197
        102 234
        233 234
        375 295
        294 295
        373 105
        103 105
        116 118
        117 118
        373 136
        103 136
        344 143
        142 143
        379 147
        146 147
        8 482
        482 172
        146 172
        295 483
        483 177
        8 177
        393 177
        234 484
        484 236
        350 236
        351 242
        234 242
        344 246
        142 246
        272 485
        485 297
        383 297
        295 297
        146 334
        295 389
        374 486
        486 106
        104 106
        105 106
        137 487
        487 138
        31 138
        136 138
        144 488
        488 145
        28 145
        143 145
        148 489
        489 149
        147 149
        161 490
        490 162
        334 162
        160 162
        334 168
        166 168
        167 168
        176 178
        177 178
        188 491
        491 190
        389 190
        379 198
        384 198
        172 198
        236 492
        492 237
        351 237
        235 237
        351 493
        493 243
        241 243
        242 243
        374 494
        494 247
        245 247
        246 247
        296 298
        297 298
        172 345
        149 153
        152 153
        338 495
        495 154
        149 154
        150 154
        162 169
        168 169
        162 496
        496 170
        158 170
        160 170
        353 497
        497 174
        400 174
        345 174
        179 498
        498 180
        178 180
        189 499
        499 191
        188 191
        190 191
        172 199
        198 199
        207 500
        500 208
        178 208
        329 501
        501 215
        400 215
        345 215
        298 502
        502 253
        369 253
        252 253
        298 503
        503 299
        380 299
        298 313
        178 356
        153 155
        154 155
        169 171
        170 171
        173 175
        174 175
        353 181
        179 181
        180 181
        299 504
        504 185
        11 185
        191 505
        505 192
        313 192
        356 200
        347 200
        337 506
        506 204
        199 204
        338 209
        207 209
        208 209
        214 216
        215 216
        356 217
        203 217
        191 251
        250 251
        313 507
        507 255
        369 255
        299 508
        508 300
        324 300
        299 314
        175 182
        181 182
        399 186
        314 186
        185 186
        322 193
        192 193
        200 509
        509 201
        356 201
        199 201
        204 206
        205 206
        338 211
        203 211
        209 211
        329 510
        510 218
        217 218
        252 511
        511 254
        251 254
        253 254
        312 512
        512 256
        255 256
        398 301
        314 301
        300 301
        193 513
        513 194
        399 194
        192 194
        206 210
        209 210
        218 514
        514 219
        216 219
        217 219
        254 515
        515 257
        398 257
        210 212
        211 212
        256 516
        516 258
        257 258
        270 50
        301 51
        306 52
        389 517
        517 53
        309 54
        106 55
        109 56
        118 57
        135 58
        138 59
        141 60
        145 61
        155 62
        157 63
        171 64
        182 65
        184 66
        186 67
        194 518
        518 68
        197 69
        201 70
        212 71
        213 72
        219 73
        222 74
        225 75
        229 76
        316 77
        232 78
        237 79
        240 80
        243 81
        244 82
        247 83
        249 84
        258 519
        519 85
        261 86
    ]
]
