circuit_name:b9new_processed
[
    node:
    [
        1 x0 0 PI
        2 x1 0 PI
        3 x2 0 PI
        4 x3 0 PI
        5 x4 0 PI
        6 x5 0 PI
        7 x6 0 PI
        8 x7 0 PI
        9 x8 0 PI
        10 x9 0 PI
        11 x10 0 PI
        12 x11 0 PI
        13 x12 0 PI
        14 x13 0 PI
        15 x14 0 PI
        16 x15 0 PI
        17 x16 0 PI
        18 x17 0 PI
        19 x18 0 PI
        20 x19 0 PI
        21 x20 0 PI
        22 x21 0 PI
        23 x22 0 PI
        24 x23 0 PI
        25 x24 0 PI
        26 x25 0 PI
        27 x26 0 PI
        28 x27 0 PI
        29 x28 0 PI
        30 x29 0 PI
        31 x30 0 PI
        32 x31 0 PI
        33 x32 0 PI
        34 x33 0 PI
        35 x34 0 PI
        36 x35 0 PI
        37 x36 0 PI
        38 x37 0 PI
        39 x38 0 PI
        40 x39 0 PI
        41 x40 0 PI
        42 y0 15 PO
        43 y1 9 PO
        44 y2 8 PO
        45 y3 7 PO
        46 y4 7 PO
        47 y5 5 PO
        48 y6 6 PO
        49 y7 9 PO
        50 y8 4 PO
        51 y9 5 PO
        52 y10 13 PO
        53 y11 11 PO
        54 y12 13 PO
        55 y13 12 PO
        56 y14 5 PO
        57 y15 14 PO
        58 y16 4 PO
        59 y17 3 PO
        60 y18 11 PO
        61 y19 10 PO
        62 y20 11 PO
        63 n100 11 MAJ
        64 n101 3 AND
        65 n102 4 MAJ
        66 n103 12 MAJ
        67 n104 2 AND
        68 n105 3 AND
        69 n106 3 MAJ
        70 n107 5 AND
        71 n108 4 AND
        72 n109 4 MAJ
        73 n110 5 AND
        74 n111 6 OR
        75 n112 6 MAJ
        76 n113 7 OR
        77 n114 8 MAJ
        78 n115 9 OR
        79 n116 5 AND
        80 n117 7 MAJ
        81 n118 8 OR
        82 n119 9 AND
        83 n120 3 MAJ
        84 n121 10 AND
        85 n122 2 MAJ
        86 n123 3 OR
        87 n124 4 AND
        88 n125 2 MAJ
        89 n126 5 AND
        90 n127 11 AND
        91 n128 7 AND
        92 n129 12 MAJ
        93 n130 3 MAJ
        94 n131 4 AND
        95 n132 2 AND
        96 n133 2 MAJ
        97 n134 3 AND
        98 n135 1 AND
        99 n136 2 AND
        100 n137 3 AND
        101 n138 4 MAJ
        102 n139 5 MAJ
        103 n140 6 OR
        104 n141 3 MAJ
        105 n142 7 OR
        106 n143 8 MAJ
        107 n144 9 OR
        108 n42 3 AND
        109 n43 5 AND
        110 n44 6 MAJ
        111 n45 3 MAJ
        112 n46 4 OR
        113 n47 5 AND
        114 n48 7 AND
        115 n49 8 MAJ
        116 n50 2 AND
        117 n51 9 MAJ
        118 n52 10 MAJ
        119 n53 12 MAJ
        120 n54 13 AND
        121 n55 3 AND
        122 n56 3 MAJ
        123 n57 5 AND
        124 n58 1 OR
        125 n59 3 AND
        126 n60 6 MAJ
        127 n61 3 AND
        128 n62 4 MAJ
        129 n63 7 MAJ
        130 n64 3 AND
        131 n65 3 MAJ
        132 n66 4 AND
        133 n67 2 MAJ
        134 n68 3 OR
        135 n69 2 AND
        136 n70 4 AND
        137 n71 5 MAJ
        138 n72 6 AND
        139 n73 3 XOR
        140 n74 4 MAJ
        141 n75 5 AND
        142 n76 5 AND
        143 n77 3 MAJ
        144 n78 4 OR
        145 n79 1 OR
        146 n80 2 MAJ
        147 n81 3 OR
        148 n82 4 MAJ
        149 n83 6 AND
        150 n84 1 XOR
        151 n85 2 MAJ
        152 n86 7 MAJ
        153 n87 8 AND
        154 n88 1 AND
        155 n89 3 MAJ
        156 n90 4 AND
        157 n91 7 AND
        158 n92 8 MAJ
        159 n93 9 AND
        160 n94 3 MAJ
        161 n95 10 AND
        162 n96 5 AND
        163 n97 4 MAJ
        164 n98 6 AND
        165 n99 7 OR
        166 v1 6 VIR
        167 v10 1 VIR
        168 v11 1 VIR
        169 v12 1 VIR
        170 v13 1 VIR
        171 v14 1 VIR
        172 v15 1 VIR
        173 v16 1 VIR
        174 v17 1 VIR
        175 v18 1 VIR
        176 v19 1 VIR
        177 v2 2 VIR
        178 v20 1 VIR
        179 v21 1 VIR
        180 v22 1 VIR
        181 v23 1 VIR
        182 v24 1 VIR
        183 v25 1 VIR
        184 v26 2 VIR
        185 v27 2 VIR
        186 v28 2 VIR
        187 v29 2 VIR
        188 v3 3 VIR
        189 v30 2 VIR
        190 v31 2 VIR
        191 v32 2 VIR
        192 v4 1 VIR
        193 v5 1 VIR
        194 v6 1 VIR
        195 v7 1 VIR
        196 v8 1 VIR
        197 v9 1 VIR
        198 not1 1 INV
        199 not2 1 INV
        200 not3 1 INV
        201 not4 1 INV
        202 not5 1 INV
        203 not6 2 INV
        204 not7 1 INV
        205 not8 2 INV
        206 not9 2 INV
        207 not10 2 INV
        208 not11 1 INV
        209 not12 2 INV
        210 not13 1 INV
        211 not14 3 INV
        212 not15 3 INV
        213 not16 4 INV
        214 not17 1 INV
        215 not18 2 INV
        216 not19 2 INV
        217 not20 2 INV
        218 not21 2 INV
        219 not22 1 INV
        220 not23 1 INV
        221 not24 3 INV
        222 not25 4 INV
        223 not26 6 INV
        224 not27 1 INV
        225 not28 4 INV
        226 not29 4 INV
        227 not30 4 INV
        228 not31 5 INV
        229 not32 2 INV
        230 not33 6 INV
        231 not34 4 INV
        232 not35 2 INV
        233 not36 1 INV
        234 not37 1 INV
        235 not38 6 INV
        236 not39 5 INV
        237 not40 1 INV
        238 not41 6 INV
        239 not42 2 INV
        240 not43 4 INV
        241 not44 3 INV
        242 not45 4 INV
        243 not46 4 INV
        244 not47 8 INV
        245 not48 11 INV
        246 not49 4 INV
        247 not50 14 INV
        248 not51 8 INV
        249 not52 7 INV
        250 not53 6 INV
        251 not54 6 INV
        252 not55 5 INV
        253 not56 10 INV
        254 not57 11 INV
        255 not58 13 INV
        256 not59 10 INV
        257 not60 10 INV
    ]
    edge:
    [
        22 198
        198 88
        24 88
        26 88
        34 199
        199 95
        30 95
        30 200
        200 96
        2 96
        32 96
        2 98
        30 98
        40 201
        201 116
        41 116
        25 124
        29 124
        27 145
        31 145
        16 202
        202 146
        20 146
        31 146
        36 150
        1 150
        17 154
        33 154
        25 167
        35 168
        35 169
        35 170
        38 171
        38 172
        38 173
        40 174
        40 175
        5 176
        5 178
        5 179
        41 180
        41 181
        9 182
        9 183
        19 192
        19 193
        19 194
        21 195
        21 196
        21 197
        183 67
        23 67
        178 203
        203 83
        14 83
        181 83
        196 85
        169 85
        171 85
        95 97
        96 97
        32 204
        204 99
        98 99
        168 205
        205 100
        9 100
        195 206
        206 111
        168 111
        37 111
        197 207
        207 130
        170 130
        3 133
        182 133
        23 133
        174 135
        180 135
        145 147
        146 147
        15 208
        208 151
        1 151
        150 151
        174 209
        209 160
        178 160
        6 160
        124 177
        192 184
        192 185
        193 186
        193 187
        194 189
        194 190
        195 191
        7 210
        210 64
        187 64
        181 68
        67 68
        176 69
        185 69
        196 69
        184 211
        211 71
        169 71
        191 212
        212 72
        182 72
        184 72
        111 213
        213 79
        195 79
        171 86
        85 86
        17 214
        214 93
        13 93
        190 93
        196 215
        215 101
        182 101
        100 101
        186 104
        167 104
        170 104
        191 108
        168 108
        37 112
        111 112
        184 121
        169 121
        178 216
        216 122
        186 122
        197 122
        179 217
        217 125
        177 125
        179 218
        218 127
        187 127
        183 131
        186 131
        170 131
        3 134
        133 134
        172 139
        187 139
        189 143
        197 143
        172 143
        4 219
        219 148
        15 148
        147 148
        17 220
        220 155
        12 155
        189 155
        185 221
        221 163
        176 163
        8 163
        135 188
        189 65
        173 65
        64 65
        69 222
        222 70
        121 70
        71 73
        72 73
        79 223
        223 80
        185 80
        29 80
        24 224
        224 87
        86 87
        154 94
        93 94
        100 225
        225 102
        10 102
        101 102
        108 226
        226 109
        171 109
        192 113
        112 113
        122 227
        227 123
        121 123
        194 128
        37 128
        127 128
        130 132
        131 132
        134 136
        135 136
        172 140
        108 140
        139 140
        173 144
        143 144
        148 228
        228 149
        4 149
        154 156
        155 156
        8 162
        112 162
        25 74
        73 74
        167 229
        229 75
        10 75
        70 75
        124 81
        80 81
        87 89
        88 89
        167 103
        102 103
        193 110
        108 110
        109 110
        113 230
        230 114
        11 114
        125 231
        231 126
        123 126
        177 126
        179 232
        232 137
        132 137
        188 137
        28 141
        140 141
        28 233
        233 142
        140 142
        39 234
        234 152
        149 152
        151 152
        113 235
        235 157
        124 157
        163 236
        236 164
        162 164
        113 166
        74 76
        75 76
        14 237
        237 82
        81 82
        89 238
        238 91
        190 91
        103 105
        104 105
        176 239
        239 115
        166 115
        114 115
        127 240
        240 129
        126 129
        128 129
        136 138
        137 138
        149 153
        152 153
        180 158
        166 158
        157 158
        135 165
        164 165
        174 77
        68 77
        76 77
        82 84
        83 84
        175 106
        68 106
        105 106
        180 117
        115 117
        116 117
        6 159
        158 159
        76 78
        77 78
        175 90
        84 90
        105 107
        106 107
        116 241
        241 118
        110 118
        117 118
        160 242
        242 161
        159 161
        188 243
        243 63
        161 63
        165 63
        91 244
        244 92
        190 92
        90 92
        118 245
        245 119
        16 119
        18 119
        64 246
        246 66
        63 66
        65 66
        18 120
        119 120
        120 247
        247 42
        129 248
        248 43
        138 249
        249 44
        141 250
        250 45
        142 251
        251 46
        144 47
        144 252
        252 48
        153 49
        188 50
        156 51
        66 52
        78 253
        253 53
        92 54
        118 254
        254 55
        94 56
        92 255
        255 57
        97 58
        99 59
        78 256
        256 60
        78 61
        107 257
        257 62
    ]
]
