circuit_name:c1355new_processed
[
    node:
    [
        1 x0 0 PI
        2 x1 0 PI
        3 x2 0 PI
        4 x3 0 PI
        5 x4 0 PI
        6 x5 0 PI
        7 x6 0 PI
        8 x7 0 PI
        9 x8 0 PI
        10 x9 0 PI
        11 x10 0 PI
        12 x11 0 PI
        13 x12 0 PI
        14 x13 0 PI
        15 x14 0 PI
        16 x15 0 PI
        17 x16 0 PI
        18 x17 0 PI
        19 x18 0 PI
        20 x19 0 PI
        21 x20 0 PI
        22 x21 0 PI
        23 x22 0 PI
        24 x23 0 PI
        25 x24 0 PI
        26 x25 0 PI
        27 x26 0 PI
        28 x27 0 PI
        29 x28 0 PI
        30 x29 0 PI
        31 x30 0 PI
        32 x31 0 PI
        33 x32 0 PI
        34 x33 0 PI
        35 x34 0 PI
        36 x35 0 PI
        37 x36 0 PI
        38 x37 0 PI
        39 x38 0 PI
        40 x39 0 PI
        41 x40 0 PI
        42 y0 17 PO
        43 y1 17 PO
        44 y2 18 PO
        45 y3 18 PO
        46 y4 19 PO
        47 y5 19 PO
        48 y6 20 PO
        49 y7 20 PO
        50 y8 17 PO
        51 y9 17 PO
        52 y10 18 PO
        53 y11 18 PO
        54 y12 19 PO
        55 y13 19 PO
        56 y14 20 PO
        57 y15 20 PO
        58 y16 17 PO
        59 y17 17 PO
        60 y18 18 PO
        61 y19 18 PO
        62 y20 17 PO
        63 y21 17 PO
        64 y22 18 PO
        65 y23 18 PO
        66 y24 17 PO
        67 y25 17 PO
        68 y26 18 PO
        69 y27 18 PO
        70 y28 17 PO
        71 y29 17 PO
        72 y30 18 PO
        73 y31 18 PO
        74 n100 1 XOR
        75 n101 2 XOR
        76 n102 3 XOR
        77 n103 1 XOR
        78 n104 2 XOR
        79 n105 3 XOR
        80 n106 1 XOR
        81 n107 2 XOR
        82 n108 3 XOR
        83 n109 2 AND
        84 n110 4 XOR
        85 n111 5 XOR
        86 n112 6 XOR
        87 n113 1 XOR
        88 n114 2 XOR
        89 n115 3 XOR
        90 n116 2 AND
        91 n117 4 XOR
        92 n118 5 XOR
        93 n119 6 XOR
        94 n120 1 XOR
        95 n121 2 XOR
        96 n122 3 XOR
        97 n123 2 AND
        98 n124 4 XOR
        99 n125 5 XOR
        100 n126 6 XOR
        101 n127 9 AND
        102 n128 10 AND
        103 n129 13 MAJ
        104 n130 14 AND
        105 n131 15 AND
        106 n132 16 XOR
        107 n133 15 AND
        108 n134 16 XOR
        109 n135 16 AND
        110 n136 17 XOR
        111 n137 16 AND
        112 n138 17 XOR
        113 n139 10 AND
        114 n140 14 MAJ
        115 n141 16 AND
        116 n142 17 AND
        117 n143 18 XOR
        118 n144 17 AND
        119 n145 18 XOR
        120 n146 18 AND
        121 n147 19 XOR
        122 n148 18 AND
        123 n149 19 XOR
        124 n150 9 AND
        125 n151 10 AND
        126 n152 14 AND
        127 n153 15 AND
        128 n154 16 XOR
        129 n155 15 AND
        130 n156 16 XOR
        131 n157 16 AND
        132 n158 17 XOR
        133 n159 16 AND
        134 n160 17 XOR
        135 n161 10 AND
        136 n162 16 AND
        137 n163 17 AND
        138 n164 18 XOR
        139 n165 17 AND
        140 n166 18 XOR
        141 n167 18 AND
        142 n168 19 XOR
        143 n169 18 AND
        144 n170 19 XOR
        145 n171 9 AND
        146 n172 8 MAJ
        147 n173 8 XOR
        148 n174 10 MAJ
        149 n175 11 XOR
        150 n176 12 AND
        151 n177 13 AND
        152 n178 11 MAJ
        153 n179 14 AND
        154 n180 15 AND
        155 n181 16 XOR
        156 n182 15 AND
        157 n183 16 XOR
        158 n184 16 AND
        159 n185 17 XOR
        160 n186 16 AND
        161 n187 17 XOR
        162 n188 13 AND
        163 n189 10 MAJ
        164 n190 14 AND
        165 n191 15 AND
        166 n192 16 XOR
        167 n193 15 AND
        168 n194 16 XOR
        169 n195 16 AND
        170 n196 17 XOR
        171 n197 16 AND
        172 n198 17 XOR
        173 n199 9 AND
        174 n200 11 MAJ
        175 n201 14 AND
        176 n202 15 AND
        177 n203 16 XOR
        178 n204 15 AND
        179 n205 16 XOR
        180 n206 16 AND
        181 n207 17 XOR
        182 n208 16 AND
        183 n209 17 XOR
        184 n210 10 MAJ
        185 n211 14 AND
        186 n212 15 AND
        187 n213 16 XOR
        188 n214 15 AND
        189 n215 16 XOR
        190 n216 16 AND
        191 n217 17 XOR
        192 n218 16 AND
        193 n219 17 XOR
        194 n42 1 XOR
        195 n43 2 XOR
        196 n44 3 XOR
        197 n45 1 XOR
        198 n46 2 XOR
        199 n47 3 XOR
        200 n48 1 XOR
        201 n49 2 XOR
        202 n50 3 XOR
        203 n51 2 AND
        204 n52 4 XOR
        205 n53 5 XOR
        206 n54 6 XOR
        207 n55 1 XOR
        208 n56 2 XOR
        209 n57 3 XOR
        210 n58 1 XOR
        211 n59 2 XOR
        212 n60 3 XOR
        213 n61 2 AND
        214 n62 4 XOR
        215 n63 5 XOR
        216 n64 6 XOR
        217 n65 1 XOR
        218 n66 2 XOR
        219 n67 3 XOR
        220 n68 1 XOR
        221 n69 2 XOR
        222 n70 3 XOR
        223 n71 2 AND
        224 n72 4 XOR
        225 n73 5 XOR
        226 n74 6 XOR
        227 n75 1 XOR
        228 n76 2 XOR
        229 n77 3 XOR
        230 n78 2 AND
        231 n79 4 XOR
        232 n80 5 XOR
        233 n81 6 XOR
        234 n82 8 MAJ
        235 n83 8 XOR
        236 n84 10 MAJ
        237 n85 11 XOR
        238 n86 12 AND
        239 n87 1 XOR
        240 n88 2 XOR
        241 n89 3 XOR
        242 n90 1 XOR
        243 n91 2 XOR
        244 n92 3 XOR
        245 n93 1 XOR
        246 n94 2 XOR
        247 n95 3 XOR
        248 n96 2 AND
        249 n97 4 XOR
        250 n98 5 XOR
        251 n99 6 XOR
        252 v1 7 VIR
        253 v10 17 VIR
        254 v11 15 VIR
        255 v12 17 VIR
        256 v13 15 VIR
        257 v14 15 VIR
        258 v15 15 VIR
        259 v16 15 VIR
        260 v17 7 VIR
        261 v18 7 VIR
        262 v19 7 VIR
        263 v2 7 VIR
        264 v20 7 VIR
        265 v21 7 VIR
        266 v22 7 VIR
        267 v23 7 VIR
        268 v24 7 VIR
        269 v25 7 VIR
        270 v26 7 VIR
        271 v27 7 VIR
        272 v28 7 VIR
        273 v29 7 VIR
        274 v3 7 VIR
        275 v30 7 VIR
        276 v31 7 VIR
        277 v32 1 VIR
        278 v33 1 VIR
        279 v34 1 VIR
        280 v35 8 VIR
        281 v36 8 VIR
        282 v37 8 VIR
        283 v38 8 VIR
        284 v39 8 VIR
        285 v4 7 VIR
        286 v40 8 VIR
        287 v5 7 VIR
        288 v6 7 VIR
        289 v7 7 VIR
        290 v8 7 VIR
        291 v9 15 VIR
        292 not1 8 INV
        293 not2 8 INV
        294 not3 8 INV
        295 not4 8 INV
        296 not5 9 INV
        297 not6 9 INV
        298 not7 9 INV
        299 not8 10 INV
        300 not9 10 INV
        301 not10 9 INV
        302 not11 9 INV
        303 not12 9 INV
        304 not13 13 INV
        305 not14 9 INV
        306 not15 15 INV
        307 not16 15 INV
        308 not17 12 INV
        309 not18 12 INV
    ]
    edge:
    [
        31 74
        27 74
        4 77
        3 77
        12 80
        11 80
        29 87
        25 87
        30 94
        26 94
        13 194
        9 194
        20 197
        19 197
        24 200
        23 200
        16 207
        12 207
        32 210
        31 210
        15 217
        11 217
        28 220
        27 220
        14 227
        10 227
        32 239
        28 239
        8 242
        7 242
        16 245
        15 245
        41 277
        41 278
        41 279
        74 75
        19 75
        77 78
        1 78
        80 81
        9 81
        39 83
        278 83
        87 88
        17 88
        37 90
        279 90
        94 95
        18 95
        38 97
        277 97
        194 195
        1 195
        197 198
        17 198
        200 201
        21 201
        33 203
        277 203
        207 208
        4 208
        210 211
        29 211
        36 213
        278 213
        217 218
        3 218
        220 221
        25 221
        35 223
        279 223
        227 228
        2 228
        34 230
        278 230
        239 240
        20 240
        242 243
        5 243
        245 246
        13 246
        40 248
        277 248
        75 76
        23 76
        78 79
        2 79
        81 82
        10 82
        88 89
        21 89
        95 96
        22 96
        195 196
        5 196
        198 199
        18 199
        201 202
        22 202
        208 209
        8 209
        211 212
        30 212
        218 219
        7 219
        221 222
        26 222
        228 229
        6 229
        240 241
        24 241
        243 244
        6 244
        246 247
        14 247
        83 84
        79 84
        90 91
        244 91
        97 98
        247 98
        203 204
        199 204
        213 214
        202 214
        223 224
        199 224
        230 231
        212 231
        248 249
        244 249
        84 85
        82 85
        91 92
        79 92
        98 99
        82 99
        204 205
        202 205
        214 215
        212 215
        224 225
        222 225
        231 232
        222 232
        249 250
        247 250
        85 86
        76 86
        92 93
        89 93
        99 100
        96 100
        205 206
        196 206
        215 216
        209 216
        225 226
        219 226
        232 233
        229 233
        250 251
        241 251
        86 252
        206 260
        206 261
        206 262
        86 263
        216 264
        216 265
        216 266
        226 267
        226 268
        226 269
        233 270
        233 271
        233 272
        251 273
        86 274
        251 275
        251 276
        93 285
        93 287
        100 288
        100 289
        100 290
        288 292
        292 101
        285 101
        285 293
        293 124
        289 124
        270 294
        294 145
        260 145
        273 146
        252 146
        288 146
        252 147
        273 147
        261 295
        295 173
        271 173
        260 234
        264 234
        270 234
        264 235
        260 235
        264 280
        267 281
        268 282
        273 283
        275 284
        276 286
        283 296
        296 102
        101 102
        275 113
        101 113
        284 297
        297 125
        124 125
        284 135
        124 135
        146 298
        298 148
        288 148
        147 148
        145 299
        299 152
        280 152
        281 152
        280 163
        268 163
        145 163
        173 300
        300 174
        265 174
        268 174
        265 184
        282 184
        173 184
        234 301
        301 236
        270 236
        235 236
        148 149
        93 149
        236 237
        267 237
        146 302
        302 150
        149 150
        234 303
        303 238
        237 238
        238 103
        283 103
        252 103
        238 304
        304 114
        275 114
        263 114
        267 151
        150 151
        281 305
        305 162
        150 162
        102 104
        103 104
        114 306
        306 115
        113 115
        103 126
        125 126
        114 307
        307 136
        135 136
        152 308
        308 153
        151 153
        162 164
        163 164
        174 309
        309 175
        151 175
        162 185
        184 185
        261 105
        104 105
        271 107
        104 107
        261 116
        115 116
        271 118
        115 118
        262 127
        126 127
        272 129
        126 129
        262 137
        136 137
        272 139
        136 139
        285 154
        153 154
        289 156
        153 156
        287 165
        164 165
        289 167
        164 167
        287 176
        175 176
        290 178
        175 178
        287 186
        185 186
        290 188
        185 188
        115 253
        126 254
        136 255
        153 256
        164 257
        175 258
        185 259
        104 291
        105 106
        1 106
        107 108
        2 108
        282 109
        291 109
        265 111
        291 111
        116 117
        5 117
        118 119
        6 119
        269 120
        253 120
        266 122
        253 122
        127 128
        9 128
        129 130
        10 130
        269 131
        254 131
        266 133
        254 133
        137 138
        13 138
        139 140
        14 140
        269 141
        255 141
        266 143
        255 143
        154 155
        17 155
        156 157
        18 157
        263 158
        256 158
        276 160
        256 160
        165 166
        21 166
        167 168
        22 168
        263 169
        257 169
        276 171
        257 171
        176 177
        25 177
        178 179
        26 179
        274 180
        258 180
        286 182
        258 182
        186 187
        29 187
        188 189
        30 189
        274 190
        259 190
        286 192
        259 192
        109 110
        3 110
        111 112
        4 112
        120 121
        7 121
        122 123
        8 123
        131 132
        11 132
        133 134
        12 134
        141 142
        15 142
        143 144
        16 144
        158 159
        19 159
        160 161
        20 161
        169 170
        23 170
        171 172
        24 172
        180 181
        27 181
        182 183
        28 183
        190 191
        31 191
        192 193
        32 193
        106 42
        108 43
        110 44
        112 45
        117 46
        119 47
        121 48
        123 49
        128 50
        130 51
        132 52
        134 53
        138 54
        140 55
        142 56
        144 57
        155 58
        157 59
        159 60
        161 61
        166 62
        168 63
        170 64
        172 65
        177 66
        179 67
        181 68
        183 69
        187 70
        189 71
        191 72
        193 73
    ]
]
