circuit_name:c1908new_processed
[
    node:
    [
        1 x0 0 PI
        2 x1 0 PI
        3 x2 0 PI
        4 x3 0 PI
        5 x4 0 PI
        6 x5 0 PI
        7 x6 0 PI
        8 x7 0 PI
        9 x8 0 PI
        10 x9 0 PI
        11 x10 0 PI
        12 x11 0 PI
        13 x12 0 PI
        14 x13 0 PI
        15 x14 0 PI
        16 x15 0 PI
        17 x16 0 PI
        18 x17 0 PI
        19 x18 0 PI
        20 x19 0 PI
        21 x20 0 PI
        22 x21 0 PI
        23 x22 0 PI
        24 x23 0 PI
        25 x24 0 PI
        26 x25 0 PI
        27 x26 0 PI
        28 x27 0 PI
        29 x28 0 PI
        30 x29 0 PI
        31 x30 0 PI
        32 x31 0 PI
        33 x32 0 PI
        34 y0 19 PO
        35 y1 19 PO
        36 y2 19 PO
        37 y3 20 PO
        38 y4 19 PO
        39 y5 19 PO
        40 y6 18 PO
        41 y7 18 PO
        42 y8 19 PO
        43 y9 20 PO
        44 y10 20 PO
        45 y11 20 PO
        46 y12 19 PO
        47 y13 20 PO
        48 y14 19 PO
        49 y15 20 PO
        50 y16 31 PO
        51 y17 31 PO
        52 y18 30 PO
        53 y19 30 PO
        54 y20 30 PO
        55 y21 30 PO
        56 y22 29 PO
        57 y23 30 PO
        58 y24 31 PO
        59 n100 3 XOR
        60 n101 4 XOR
        61 n102 5 XOR
        62 n103 7 XOR
        63 n104 8 AND
        64 n105 3 AND
        65 n106 4 MAJ
        66 n107 9 XOR
        67 n108 3 MAJ
        68 n109 4 AND
        69 n110 2 XOR
        70 n111 3 XOR
        71 n112 3 AND
        72 n113 4 XOR
        73 n114 5 XOR
        74 n115 6 XOR
        75 n116 7 XOR
        76 n117 8 XOR
        77 n118 9 AND
        78 n119 10 XOR
        79 n120 11 AND
        80 n121 11 MAJ
        81 n122 13 AND
        82 n123 16 AND
        83 n124 15 MAJ
        84 n125 17 AND
        85 n126 18 XOR
        86 n127 13 AND
        87 n128 12 OR
        88 n129 15 AND
        89 n130 16 MAJ
        90 n131 17 AND
        91 n132 18 XOR
        92 n133 14 AND
        93 n134 15 AND
        94 n135 15 MAJ
        95 n136 17 AND
        96 n137 18 XOR
        97 n138 14 AND
        98 n139 17 AND
        99 n140 16 MAJ
        100 n141 18 AND
        101 n142 19 XOR
        102 n143 3 AND
        103 n144 4 AND
        104 n145 5 OR
        105 n146 7 MAJ
        106 n147 13 AND
        107 n148 15 AND
        108 n149 16 AND
        109 n150 17 AND
        110 n151 18 XOR
        111 n152 15 AND
        112 n153 13 AND
        113 n154 16 MAJ
        114 n155 17 AND
        115 n156 18 XOR
        116 n157 15 AND
        117 n158 16 AND
        118 n159 17 XOR
        119 n160 4 AND
        120 n161 5 OR
        121 n162 11 MAJ
        122 n163 11 AND
        123 n164 13 AND
        124 n165 14 AND
        125 n166 15 MAJ
        126 n167 16 AND
        127 n168 17 XOR
        128 n169 16 MAJ
        129 n170 17 AND
        130 n171 18 XOR
        131 n172 17 AND
        132 n173 15 MAJ
        133 n174 18 AND
        134 n175 19 XOR
        135 n176 16 AND
        136 n177 17 AND
        137 n178 13 MAJ
        138 n179 18 AND
        139 n180 19 XOR
        140 n181 15 AND
        141 n182 17 MAJ
        142 n183 18 AND
        143 n184 19 XOR
        144 n185 3 OR
        145 n186 4 AND
        146 n187 11 MAJ
        147 n188 12 AND
        148 n189 13 AND
        149 n190 15 AND
        150 n191 16 MAJ
        151 n192 17 AND
        152 n193 18 XOR
        153 n194 16 AND
        154 n195 17 MAJ
        155 n196 18 AND
        156 n197 19 XOR
        157 n198 15 AND
        158 n199 15 MAJ
        159 n200 17 AND
        160 n201 18 XOR
        161 n202 16 AND
        162 n203 18 AND
        163 n204 19 XOR
        164 n205 13 OR
        165 n206 14 MAJ
        166 n207 15 OR
        167 n208 16 OR
        168 n209 12 MAJ
        169 n210 17 OR
        170 n211 18 MAJ
        171 n212 19 AND
        172 n213 12 OR
        173 n214 15 MAJ
        174 n215 16 AND
        175 n216 13 AND
        176 n217 14 AND
        177 n218 15 AND
        178 n219 15 MAJ
        179 n220 17 AND
        180 n221 12 OR
        181 n222 18 AND
        182 n223 14 OR
        183 n224 16 MAJ
        184 n225 17 AND
        185 n226 15 AND
        186 n227 15 MAJ
        187 n228 17 AND
        188 n229 16 OR
        189 n230 15 MAJ
        190 n231 18 AND
        191 n232 16 AND
        192 n233 17 AND
        193 n234 17 MAJ
        194 n235 18 AND
        195 n236 19 OR
        196 n237 19 MAJ
        197 n238 20 OR
        198 n239 19 OR
        199 n240 20 AND
        200 n241 22 MAJ
        201 n242 16 OR
        202 n243 18 MAJ
        203 n244 23 MAJ
        204 n245 19 OR
        205 n246 19 MAJ
        206 n247 20 OR
        207 n248 21 OR
        208 n249 19 MAJ
        209 n250 22 OR
        210 n251 23 OR
        211 n252 19 OR
        212 n253 20 MAJ
        213 n254 21 OR
        214 n255 22 OR
        215 n256 19 MAJ
        216 n257 23 OR
        217 n258 24 OR
        218 n259 25 OR
        219 n260 27 OR
        220 n261 28 AND
        221 n262 29 MAJ
        222 n263 3 AND
        223 n264 27 AND
        224 n265 3 AND
        225 n266 28 XOR
        226 n267 29 XOR
        227 n268 30 AND
        228 n269 3 AND
        229 n270 27 AND
        230 n271 28 XOR
        231 n272 29 AND
        232 n273 3 AND
        233 n274 27 AND
        234 n275 28 XOR
        235 n276 29 AND
        236 n277 3 AND
        237 n278 27 AND
        238 n279 28 XOR
        239 n280 29 AND
        240 n281 3 AND
        241 n282 27 AND
        242 n283 28 XOR
        243 n284 29 AND
        244 n285 3 AND
        245 n286 24 AND
        246 n287 25 XOR
        247 n288 26 MAJ
        248 n289 2 AND
        249 n290 3 MAJ
        250 n291 27 XOR
        251 n292 6 XOR
        252 n293 2 AND
        253 n294 25 AND
        254 n295 26 XOR
        255 n296 27 MAJ
        256 n297 2 AND
        257 n298 3 MAJ
        258 n299 28 XOR
        259 n300 26 AND
        260 n301 27 AND
        261 n302 28 XOR
        262 n303 29 XOR
        263 n304 30 AND
        264 n34 3 AND
        265 n35 4 AND
        266 n36 4 AND
        267 n37 2 MAJ
        268 n38 5 AND
        269 n39 2 AND
        270 n40 5 OR
        271 n41 7 MAJ
        272 n42 1 XOR
        273 n43 2 XOR
        274 n44 3 XOR
        275 n45 4 XOR
        276 n46 5 XOR
        277 n47 4 AND
        278 n48 5 AND
        279 n49 6 XOR
        280 n50 7 AND
        281 n51 8 XOR
        282 n52 1 XOR
        283 n53 2 XOR
        284 n54 2 AND
        285 n55 4 AND
        286 n56 5 XOR
        287 n57 3 XOR
        288 n58 6 XOR
        289 n59 7 XOR
        290 n60 8 XOR
        291 n61 9 XOR
        292 n62 10 AND
        293 n63 11 XOR
        294 n64 13 OR
        295 n65 3 XOR
        296 n66 4 XOR
        297 n67 5 XOR
        298 n68 1 AND
        299 n69 4 AND
        300 n70 5 XOR
        301 n71 6 XOR
        302 n72 3 XOR
        303 n73 4 MAJ
        304 n74 7 XOR
        305 n75 8 MAJ
        306 n76 3 AND
        307 n77 4 AND
        308 n78 5 XOR
        309 n79 1 XOR
        310 n80 2 XOR
        311 n81 3 XOR
        312 n82 4 XOR
        313 n83 5 XOR
        314 n84 6 XOR
        315 n85 7 XOR
        316 n86 8 XOR
        317 n87 9 XOR
        318 n88 10 AND
        319 n89 11 XOR
        320 n90 12 AND
        321 n91 3 MAJ
        322 n92 4 AND
        323 n93 4 AND
        324 n94 5 XOR
        325 n95 6 XOR
        326 n96 1 XOR
        327 n97 2 XOR
        328 n98 1 XOR
        329 n99 2 XOR
        330 v1 10 VIR
        331 v10 14 VIR
        332 v11 13 VIR
        333 v12 13 VIR
        334 v13 13 VIR
        335 v14 15 VIR
        336 v15 15 VIR
        337 v16 15 VIR
        338 v17 8 VIR
        339 v18 8 VIR
        340 v19 8 VIR
        341 v2 10 VIR
        342 v20 14 VIR
        343 v21 14 VIR
        344 v22 13 VIR
        345 v23 26 VIR
        346 v24 26 VIR
        347 v25 4 VIR
        348 v26 4 VIR
        349 v27 6 VIR
        350 v28 6 VIR
        351 v29 6 VIR
        352 v3 10 VIR
        353 v30 3 VIR
        354 v31 8 VIR
        355 v32 8 VIR
        356 v33 8 VIR
        357 v34 9 VIR
        358 v35 9 VIR
        359 v36 12 VIR
        360 v37 12 VIR
        361 v38 12 VIR
        362 v39 14 VIR
        363 v4 11 VIR
        364 v40 14 VIR
        365 v41 14 VIR
        366 v42 9 VIR
        367 v43 12 VIR
        368 v44 13 VIR
        369 v45 13 VIR
        370 v46 13 VIR
        371 v47 5 VIR
        372 v48 1 VIR
        373 v49 1 VIR
        374 v5 14 VIR
        375 v50 1 VIR
        376 v51 1 VIR
        377 v52 1 VIR
        378 v53 1 VIR
        379 v54 1 VIR
        380 v55 1 VIR
        381 v56 1 VIR
        382 v57 1 VIR
        383 v58 1 VIR
        384 v59 1 VIR
        385 v6 14 VIR
        386 v60 1 VIR
        387 v61 1 VIR
        388 v62 1 VIR
        389 v63 1 VIR
        390 v64 1 VIR
        391 v65 1 VIR
        392 v66 1 VIR
        393 v67 1 VIR
        394 v68 1 VIR
        395 v69 1 VIR
        396 v7 14 VIR
        397 v70 1 VIR
        398 v71 14 VIR
        399 v72 15 VIR
        400 v73 15 VIR
        401 v74 15 VIR
        402 v75 2 VIR
        403 v76 2 VIR
        404 v77 2 VIR
        405 v78 2 VIR
        406 v79 2 VIR
        407 v8 14 VIR
        408 v80 2 VIR
        409 v81 2 VIR
        410 v82 2 VIR
        411 v83 2 VIR
        412 v84 2 VIR
        413 v85 2 VIR
        414 v86 2 VIR
        415 v9 14 VIR
        416 not1 1 INV
        417 not2 1 INV
        418 not3 1 INV
        419 not4 2 INV
        420 not5 2 INV
        421 not6 2 INV
        422 not7 2 INV
        423 not8 1 INV
        424 not9 3 INV
        425 not10 1 INV
        426 not11 1 INV
        427 not12 1 INV
        428 not13 1 INV
        429 not14 3 INV
        430 not15 3 INV
        431 not16 3 INV
        432 not17 3 INV
        433 not18 3 INV
        434 not19 3 INV
        435 not20 2 INV
        436 not21 3 INV
        437 not22 2 INV
        438 not23 4 INV
        439 not24 4 INV
        440 not25 3 INV
        441 not26 3 INV
        442 not27 3 INV
        443 not28 4 INV
        444 not29 3 INV
        445 not30 5 INV
        446 not31 5 INV
        447 not32 5 INV
        448 not33 2 INV
        449 not34 12 INV
        450 not35 12 INV
        451 not36 5 INV
        452 not37 11 INV
        453 not38 12 INV
        454 not39 10 INV
        455 not40 13 INV
        456 not41 10 INV
        457 not42 12 INV
        458 not43 13 INV
        459 not44 9 INV
        460 not45 13 INV
        461 not46 15 INV
        462 not47 14 INV
        463 not48 15 INV
        464 not49 9 INV
        465 not50 14 INV
        466 not51 14 INV
        467 not52 15 INV
        468 not53 16 INV
        469 not54 14 INV
        470 not55 14 INV
        471 not56 14 INV
        472 not57 14 INV
        473 not58 13 INV
        474 not59 7 INV
        475 not60 16 INV
        476 not61 16 INV
        477 not62 13 INV
        478 not63 16 INV
        479 not64 15 INV
        480 not65 16 INV
        481 not66 16 INV
        482 not67 13 INV
        483 not68 16 INV
        484 not69 15 INV
        485 not70 16 INV
        486 not71 15 INV
        487 not72 16 INV
        488 not73 14 INV
        489 not74 17 INV
        490 not75 16 INV
        491 not76 17 INV
        492 not77 18 INV
        493 not78 3 INV
        494 not79 18 INV
        495 not80 18 INV
        496 not81 19 INV
        497 not82 18 INV
        498 not83 3 INV
        499 not84 7 INV
        500 not85 21 INV
        501 not86 19 INV
        502 not87 3 INV
        503 not88 3 INV
        504 not89 4 INV
        505 not90 3 INV
        506 not91 1 INV
        507 not92 28 INV
        508 not93 5 INV
        509 not94 5 INV
        510 not95 5 INV
        511 not96 5 INV
        512 not97 4 INV
        513 not98 5 INV
        514 not99 30 INV
        515 not100 28 INV
        516 not101 29 INV
    ]
    edge:
    [
        29 416
        416 248
        21 248
        30 417
        417 256
        22 256
        12 272
        10 272
        14 282
        9 282
        24 418
        418 284
        18 284
        20 298
        23 298
        15 309
        10 309
        6 326
        5 326
        2 328
        1 328
        11 372
        12 373
        13 375
        15 376
        18 377
        19 378
        20 379
        23 380
        23 381
        24 382
        24 383
        4 384
        31 386
        31 387
        31 388
        33 389
        33 390
        33 391
        5 392
        6 393
        7 394
        8 395
        10 397
        386 419
        419 64
        382 64
        373 69
        372 69
        389 420
        420 71
        22 71
        30 252
        391 252
        381 267
        383 267
        390 267
        381 269
        383 269
        272 273
        15 273
        282 283
        16 283
        382 421
        421 306
        17 306
        309 310
        16 310
        326 327
        7 327
        328 329
        3 329
        386 402
        386 403
        387 404
        387 405
        388 406
        388 408
        389 409
        389 410
        390 411
        390 412
        391 413
        391 414
        329 59
        327 59
        17 65
        402 65
        64 65
        380 422
        422 67
        20 67
        403 67
        69 70
        13 70
        71 72
        4 72
        30 423
        423 102
        404 102
        405 424
        424 119
        381 119
        383 144
        405 144
        17 222
        406 222
        32 425
        425 224
        413 224
        25 228
        406 228
        27 232
        408 232
        28 236
        408 236
        378 240
        408 240
        29 244
        412 244
        21 426
        426 249
        413 249
        248 249
        22 427
        427 257
        414 257
        256 257
        29 428
        428 264
        404 264
        410 429
        429 266
        32 266
        273 274
        8 274
        409 430
        430 277
        380 277
        409 431
        431 285
        284 285
        283 287
        11 287
        283 295
        397 295
        410 432
        432 299
        298 299
        402 302
        19 302
        410 433
        433 307
        306 307
        310 311
        13 311
        18 321
        382 321
        403 321
        409 434
        434 323
        21 323
        269 353
        59 60
        4 60
        379 68
        67 68
        72 73
        14 73
        411 103
        102 103
        379 120
        119 120
        377 435
        435 145
        144 145
        411 265
        264 265
        267 436
        436 268
        266 268
        274 275
        3 275
        19 278
        277 278
        285 286
        376 286
        295 296
        384 296
        299 300
        375 300
        380 437
        437 303
        387 303
        302 303
        307 308
        1 308
        311 312
        11 312
        377 322
        321 322
        323 324
        310 324
        224 347
        224 348
        60 61
        395 61
        73 74
        329 74
        269 104
        103 104
        265 270
        269 270
        275 276
        6 276
        287 288
        286 288
        296 297
        394 297
        312 313
        12 313
        324 325
        9 325
        268 349
        268 350
        268 351
        322 371
        61 62
        325 62
        74 75
        310 75
        353 438
        438 105
        349 105
        104 105
        313 251
        282 251
        353 439
        439 271
        349 271
        270 271
        278 279
        276 279
        288 289
        8 289
        300 301
        297 301
        313 314
        7 314
        402 440
        440 63
        62 63
        75 76
        70 76
        404 441
        441 280
        279 280
        289 290
        2 290
        303 304
        301 304
        314 315
        5 315
        105 338
        105 339
        105 340
        271 354
        271 355
        271 356
        65 66
        63 66
        403 442
        442 77
        76 77
        280 281
        28 281
        290 291
        392 291
        302 443
        443 305
        378 305
        304 305
        315 316
        393 316
        77 78
        25 78
        405 444
        444 292
        291 292
        316 317
        308 317
        66 330
        66 341
        66 352
        281 357
        281 358
        305 366
        330 79
        78 79
        322 80
        330 80
        68 80
        119 445
        445 121
        78 121
        120 121
        322 446
        446 122
        330 122
        145 447
        447 146
        341 146
        144 146
        292 293
        27 293
        388 448
        448 318
        317 318
        78 363
        80 449
        449 81
        79 81
        121 450
        450 123
        122 123
        68 451
        451 147
        363 147
        352 452
        452 168
        371 168
        363 168
        341 172
        121 172
        363 453
        453 175
        379 175
        121 180
        146 180
        318 319
        26 319
        293 359
        293 360
        293 361
        357 454
        454 86
        359 86
        305 87
        319 87
        359 455
        455 92
        357 92
        360 112
        339 112
        358 456
        456 137
        356 137
        360 137
        146 457
        457 148
        147 148
        361 458
        458 165
        358 165
        366 165
        67 176
        175 176
        281 294
        359 294
        305 459
        459 320
        319 320
        123 342
        180 344
        319 367
        81 374
        81 385
        81 396
        385 93
        92 93
        367 460
        460 97
        366 97
        366 106
        367 106
        361 164
        367 164
        86 331
        87 332
        87 333
        87 334
        92 335
        92 336
        148 343
        294 362
        294 364
        294 365
        320 368
        320 369
        320 370
        86 407
        86 415
        362 461
        461 82
        374 82
        354 83
        362 83
        368 83
        332 462
        462 88
        374 88
        374 463
        463 89
        354 89
        407 89
        354 464
        464 94
        385 94
        332 94
        396 107
        106 107
        335 108
        338 108
        369 111
        396 111
        415 116
        340 116
        369 124
        123 124
        369 465
        465 125
        355 125
        415 125
        370 466
        466 128
        355 128
        336 128
        356 132
        364 132
        106 132
        97 140
        123 140
        407 149
        148 149
        415 467
        467 150
        368 150
        338 150
        335 153
        148 153
        335 468
        468 154
        368 154
        339 154
        339 157
        343 157
        106 469
        469 158
        364 158
        340 158
        164 166
        165 166
        334 470
        470 173
        371 173
        341 173
        334 471
        471 177
        176 177
        334 472
        472 178
        365 178
        146 178
        333 182
        180 182
        350 183
        333 183
        336 183
        180 473
        473 185
        331 185
        349 474
        474 186
        331 186
        333 186
        350 189
        365 189
        370 189
        97 337
        332 398
        362 399
        364 400
        365 401
        82 84
        83 84
        88 90
        89 90
        94 475
        475 95
        93 95
        399 476
        476 98
        97 98
        355 99
        399 99
        385 99
        107 109
        108 109
        360 477
        477 113
        357 113
        111 113
        107 117
        116 117
        124 126
        125 126
        124 129
        128 129
        399 478
        478 131
        342 131
        398 479
        479 135
        342 135
        337 480
        480 141
        407 141
        338 141
        149 151
        150 151
        153 155
        154 155
        158 481
        481 159
        157 159
        337 161
        343 161
        352 167
        166 167
        172 482
        482 174
        173 174
        178 483
        483 179
        177 179
        182 484
        484 184
        183 184
        186 485
        485 187
        185 187
        400 188
        344 188
        398 486
        486 191
        343 191
        400 487
        487 192
        350 192
        351 201
        401 201
        84 85
        1 85
        90 91
        2 91
        95 96
        3 96
        98 100
        99 100
        109 110
        397 110
        112 114
        113 114
        117 118
        16 118
        126 127
        392 127
        129 130
        393 130
        131 133
        132 133
        358 136
        135 136
        140 142
        141 142
        151 152
        372 152
        155 156
        373 156
        159 160
        375 160
        141 162
        161 162
        167 169
        168 169
        344 488
        488 181
        98 181
        188 489
        489 190
        189 190
        400 490
        490 193
        135 193
        191 193
        174 491
        491 202
        401 202
        201 202
        90 492
        492 205
        84 205
        95 205
        100 101
        384 101
        114 115
        376 115
        133 134
        394 134
        136 138
        137 138
        142 143
        9 143
        162 163
        14 163
        412 493
        493 170
        68 170
        169 170
        192 194
        193 194
        187 494
        494 196
        184 196
        190 196
        179 198
        181 198
        90 204
        100 204
        129 495
        495 208
        126 208
        133 208
        142 211
        155 211
        142 496
        496 212
        109 212
        151 212
        159 497
        497 215
        114 215
        162 215
        138 139
        395 139
        413 498
        498 171
        170 171
        187 195
        194 195
        351 499
        499 199
        198 199
        204 206
        205 206
        211 213
        212 213
        195 197
        196 197
        129 207
        206 207
        159 214
        213 214
        199 500
        500 200
        197 200
        198 200
        207 209
        208 209
        214 216
        215 216
        202 501
        501 203
        200 203
        201 203
        138 210
        209 210
        117 217
        216 217
        210 218
        217 218
        411 502
        502 245
        210 245
        412 503
        503 253
        217 253
        245 246
        61 246
        253 254
        251 254
        406 259
        218 259
        218 345
        218 346
        203 219
        345 219
        345 223
        222 223
        345 229
        228 229
        346 233
        232 233
        346 237
        236 237
        346 241
        240 241
        244 504
        504 247
        414 247
        246 247
        252 505
        505 255
        414 255
        254 255
        26 260
        259 260
        32 506
        506 220
        219 220
        223 225
        61 225
        229 230
        76 230
        233 234
        291 234
        237 238
        279 238
        241 242
        301 242
        249 250
        247 250
        257 258
        255 258
        260 261
        316 261
        219 507
        507 221
        171 221
        220 221
        225 226
        325 226
        347 508
        508 231
        230 231
        347 509
        509 235
        234 235
        347 510
        510 239
        238 239
        348 511
        511 243
        242 243
        261 262
        308 262
        224 512
        512 227
        226 227
        348 513
        513 263
        262 263
        85 34
        91 35
        96 36
        101 37
        110 38
        115 39
        118 40
        127 41
        130 42
        134 43
        139 44
        143 45
        152 46
        156 47
        160 48
        163 49
        221 514
        514 50
        227 51
        231 52
        235 53
        239 54
        243 55
        250 515
        515 56
        258 516
        516 57
        263 58
    ]
]
