circuit_name:c432new_processed
[
    node:
    [
        1 x0 0 PI
        2 x1 0 PI
        3 x2 0 PI
        4 x3 0 PI
        5 x4 0 PI
        6 x5 0 PI
        7 x6 0 PI
        8 x7 0 PI
        9 x8 0 PI
        10 x9 0 PI
        11 x10 0 PI
        12 x11 0 PI
        13 x12 0 PI
        14 x13 0 PI
        15 x14 0 PI
        16 x15 0 PI
        17 x16 0 PI
        18 x17 0 PI
        19 x18 0 PI
        20 x19 0 PI
        21 x20 0 PI
        22 x21 0 PI
        23 x22 0 PI
        24 x23 0 PI
        25 x24 0 PI
        26 x25 0 PI
        27 x26 0 PI
        28 x27 0 PI
        29 x28 0 PI
        30 x29 0 PI
        31 x30 0 PI
        32 x31 0 PI
        33 x32 0 PI
        34 x33 0 PI
        35 x34 0 PI
        36 x35 0 PI
        37 y0 14 PO
        38 y1 24 PO
        39 y2 43 PO
        40 y3 53 PO
        41 y4 49 PO
        42 y5 53 PO
        43 y6 53 PO
        44 n100 16 AND
        45 n101 14 MAJ
        46 n102 15 AND
        47 n103 15 MAJ
        48 n104 16 AND
        49 n105 23 XOR
        50 n106 25 AND
        51 n107 15 MAJ
        52 n108 16 AND
        53 n109 24 XOR
        54 n110 26 OR
        55 n111 27 MAJ
        56 n112 24 XOR
        57 n113 28 OR
        58 n114 29 MAJ
        59 n115 24 XOR
        60 n116 30 OR
        61 n117 31 MAJ
        62 n118 24 XOR
        63 n119 32 OR
        64 n120 33 MAJ
        65 n121 24 XOR
        66 n122 34 OR
        67 n123 35 MAJ
        68 n124 24 XOR
        69 n125 36 OR
        70 n126 37 MAJ
        71 n127 23 XOR
        72 n128 38 OR
        73 n129 39 MAJ
        74 n130 24 XOR
        75 n131 40 OR
        76 n132 41 MAJ
        77 n133 14 MAJ
        78 n134 16 AND
        79 n135 24 MAJ
        80 n136 26 AND
        81 n137 24 AND
        82 n138 15 AND
        83 n139 25 MAJ
        84 n140 27 AND
        85 n141 43 MAJ
        86 n142 45 AND
        87 n143 24 AND
        88 n144 15 AND
        89 n145 25 MAJ
        90 n146 27 AND
        91 n147 43 MAJ
        92 n148 45 AND
        93 n149 24 AND
        94 n150 15 AND
        95 n151 25 MAJ
        96 n152 27 AND
        97 n153 43 MAJ
        98 n154 45 AND
        99 n155 24 AND
        100 n156 15 AND
        101 n157 25 MAJ
        102 n158 27 AND
        103 n159 44 MAJ
        104 n160 46 AND
        105 n161 24 AND
        106 n162 15 AND
        107 n163 25 MAJ
        108 n164 27 AND
        109 n165 44 MAJ
        110 n166 46 AND
        111 n167 23 AND
        112 n168 14 AND
        113 n169 24 MAJ
        114 n170 26 AND
        115 n171 43 MAJ
        116 n172 45 AND
        117 n173 24 AND
        118 n174 15 AND
        119 n175 25 MAJ
        120 n176 27 AND
        121 n177 43 MAJ
        122 n178 45 AND
        123 n179 24 AND
        124 n180 15 AND
        125 n181 25 MAJ
        126 n182 27 AND
        127 n183 43 MAJ
        128 n184 45 AND
        129 n185 46 OR
        130 n186 47 OR
        131 n187 48 MAJ
        132 n188 49 OR
        133 n189 50 OR
        134 n190 47 MAJ
        135 n191 51 OR
        136 n192 43 AND
        137 n193 44 OR
        138 n194 52 MAJ
        139 n195 47 AND
        140 n196 48 OR
        141 n197 49 AND
        142 n198 50 AND
        143 n199 46 OR
        144 n200 49 AND
        145 n201 50 AND
        146 n202 51 OR
        147 n203 52 OR
        148 n204 47 AND
        149 n205 48 AND
        150 n206 49 OR
        151 n207 51 MAJ
        152 n208 52 OR
        153 n37 2 AND
        154 n38 2 AND
        155 n39 2 AND
        156 n40 2 AND
        157 n41 1 AND
        158 n42 3 MAJ
        159 n43 4 MAJ
        160 n44 5 OR
        161 n45 6 OR
        162 n46 6 MAJ
        163 n47 7 OR
        164 n48 8 OR
        165 n49 8 MAJ
        166 n50 9 OR
        167 n51 10 OR
        168 n52 10 MAJ
        169 n53 11 OR
        170 n54 13 XOR
        171 n55 14 MAJ
        172 n56 15 AND
        173 n57 14 XOR
        174 n58 15 MAJ
        175 n59 16 AND
        176 n60 14 XOR
        177 n61 15 MAJ
        178 n62 16 AND
        179 n63 14 XOR
        180 n64 15 MAJ
        181 n65 16 AND
        182 n66 14 XOR
        183 n67 15 MAJ
        184 n68 16 AND
        185 n69 14 XOR
        186 n70 15 MAJ
        187 n71 16 AND
        188 n72 13 XOR
        189 n73 14 MAJ
        190 n74 15 AND
        191 n75 14 XOR
        192 n76 15 MAJ
        193 n77 16 AND
        194 n78 14 XOR
        195 n79 15 MAJ
        196 n80 16 AND
        197 n81 17 OR
        198 n82 17 MAJ
        199 n83 18 OR
        200 n84 19 OR
        201 n85 18 MAJ
        202 n86 20 OR
        203 n87 17 OR
        204 n88 21 OR
        205 n89 14 MAJ
        206 n90 15 AND
        207 n91 15 MAJ
        208 n92 16 AND
        209 n93 15 MAJ
        210 n94 16 AND
        211 n95 15 MAJ
        212 n96 16 AND
        213 n97 15 MAJ
        214 n98 16 AND
        215 n99 15 MAJ
        216 v1 42 VIR
        217 v10 22 VIR
        218 v11 22 VIR
        219 v12 1 VIR
        220 v13 1 VIR
        221 v14 1 VIR
        222 v15 1 VIR
        223 v16 1 VIR
        224 v17 1 VIR
        225 v18 1 VIR
        226 v19 1 VIR
        227 v2 42 VIR
        228 v20 1 VIR
        229 v21 1 VIR
        230 v22 1 VIR
        231 v23 1 VIR
        232 v24 1 VIR
        233 v25 1 VIR
        234 v26 1 VIR
        235 v27 1 VIR
        236 v28 1 VIR
        237 v29 1 VIR
        238 v3 42 VIR
        239 v30 43 VIR
        240 v31 23 VIR
        241 v32 23 VIR
        242 v33 23 VIR
        243 v34 23 VIR
        244 v35 13 VIR
        245 v36 13 VIR
        246 v37 13 VIR
        247 v38 13 VIR
        248 v39 13 VIR
        249 v4 47 VIR
        250 v40 13 VIR
        251 v41 23 VIR
        252 v42 23 VIR
        253 v5 46 VIR
        254 v6 12 VIR
        255 v7 12 VIR
        256 v8 12 VIR
        257 v9 22 VIR
        258 not1 1 INV
        259 not2 1 INV
        260 not3 1 INV
        261 not4 1 INV
        262 not5 2 INV
        263 not6 1 INV
        264 not7 1 INV
        265 not8 1 INV
        266 not9 1 INV
        267 not10 13 INV
        268 not11 2 INV
        269 not12 14 INV
        270 not13 14 INV
        271 not14 14 INV
        272 not15 14 INV
        273 not16 14 INV
        274 not17 14 INV
        275 not18 14 INV
        276 not19 1 INV
        277 not20 15 INV
        278 not21 1 INV
        279 not22 1 INV
        280 not23 1 INV
        281 not24 1 INV
        282 not25 1 INV
        283 not26 1 INV
        284 not27 1 INV
        285 not28 1 INV
        286 not29 1 INV
        287 not30 1 INV
        288 not31 1 INV
        289 not32 1 INV
        290 not33 1 INV
        291 not34 1 INV
        292 not35 1 INV
        293 not36 1 INV
        294 not37 1 INV
        295 not38 16 INV
        296 not39 17 INV
        297 not40 24 INV
        298 not41 17 INV
        299 not42 15 INV
        300 not43 25 INV
        301 not44 16 INV
        302 not45 16 INV
        303 not46 16 INV
        304 not47 16 INV
        305 not48 16 INV
        306 not49 25 INV
        307 not50 16 INV
        308 not51 16 INV
        309 not52 25 INV
        310 not53 26 INV
        311 not54 26 INV
        312 not55 26 INV
        313 not56 26 INV
        314 not57 26 INV
        315 not58 26 INV
        316 not59 26 INV
        317 not60 25 INV
        318 not61 25 INV
        319 not62 25 INV
        320 not63 25 INV
        321 not64 25 INV
        322 not65 24 INV
        323 not66 25 INV
        324 not67 2 INV
        325 not68 2 INV
        326 not69 2 INV
        327 not70 2 INV
        328 not71 2 INV
        329 not72 2 INV
        330 not73 44 INV
        331 not74 44 INV
        332 not75 44 INV
        333 not76 2 INV
        334 not77 2 INV
        335 not78 44 INV
        336 not79 44 INV
        337 not80 44 INV
        338 not81 45 INV
        339 not82 45 INV
        340 not83 46 INV
        341 not84 46 INV
        342 not85 47 INV
        343 not86 46 INV
        344 not87 47 INV
        345 not88 48 INV
        346 not89 48 INV
        347 not90 47 INV
        348 not91 47 INV
        349 not92 48 INV
        350 not93 45 INV
    ]
    edge:
    [
        32 258
        258 153
        34 153
        24 259
        259 154
        26 154
        16 260
        260 155
        18 155
        1 261
        261 156
        2 156
        4 157
        6 157
        2 219
        12 220
        14 221
        16 222
        18 223
        20 224
        22 225
        24 226
        26 228
        28 229
        30 230
        4 231
        32 232
        34 233
        6 234
        6 235
        8 236
        10 237
        157 262
        262 158
        234 158
        156 158
        8 263
        263 159
        10 159
        158 159
        158 160
        159 160
        155 161
        160 161
        12 264
        264 162
        14 162
        160 162
        161 163
        162 163
        154 164
        163 164
        20 265
        265 165
        22 165
        163 165
        164 166
        165 166
        153 167
        166 167
        28 266
        266 168
        30 168
        166 168
        167 169
        168 169
        169 254
        169 255
        169 256
        256 267
        267 112
        220 112
        255 170
        32 170
        254 188
        8 188
        254 244
        254 245
        255 246
        255 247
        256 248
        256 250
        237 45
        13 45
        188 45
        219 268
        268 77
        1 77
        250 77
        248 269
        269 82
        232 82
        248 270
        270 88
        229 88
        248 271
        271 94
        226 94
        247 272
        272 100
        224 100
        247 273
        273 106
        222 106
        246 274
        274 118
        231 118
        246 275
        275 124
        236 124
        34 171
        35 171
        170 171
        246 173
        28 173
        245 176
        24 176
        245 179
        20 179
        245 182
        16 182
        244 185
        12 185
        10 189
        11 189
        188 189
        244 191
        1 191
        244 194
        4 194
        233 205
        36 205
        170 205
        13 276
        276 46
        45 46
        219 47
        5 47
        191 47
        234 51
        9 51
        194 51
        77 277
        277 78
        219 78
        35 278
        278 172
        171 172
        30 174
        31 174
        173 174
        26 177
        27 177
        176 177
        22 180
        23 180
        179 180
        18 183
        19 183
        182 183
        14 186
        15 186
        185 186
        11 279
        279 190
        189 190
        2 192
        3 192
        191 192
        234 195
        7 195
        194 195
        36 280
        280 206
        205 206
        230 207
        33 207
        173 207
        228 209
        29 209
        176 209
        225 211
        25 211
        179 211
        223 213
        21 213
        182 213
        221 215
        17 215
        185 215
        17 281
        281 44
        215 44
        5 282
        282 48
        47 48
        9 283
        283 52
        51 52
        31 284
        284 175
        174 175
        27 285
        285 178
        177 178
        23 286
        286 181
        180 181
        19 287
        287 184
        183 184
        15 288
        288 187
        186 187
        3 289
        289 193
        192 193
        7 290
        290 196
        195 196
        33 291
        291 208
        207 208
        29 292
        292 210
        209 210
        25 293
        293 212
        211 212
        21 294
        294 214
        213 214
        190 197
        196 197
        190 295
        295 198
        187 198
        193 198
        181 296
        296 201
        178 201
        184 201
        172 203
        175 203
        197 199
        198 199
        181 200
        199 200
        200 202
        201 202
        202 204
        203 204
        204 217
        204 218
        204 257
        257 49
        193 49
        217 71
        175 71
        15 111
        218 111
        217 240
        217 241
        218 242
        218 243
        257 251
        257 252
        49 297
        297 50
        48 50
        251 53
        196 53
        251 56
        190 56
        251 59
        187 59
        252 62
        184 62
        252 65
        181 65
        252 68
        178 68
        240 74
        172 74
        78 298
        298 79
        3 79
        243 79
        35 81
        242 81
        31 87
        242 87
        27 93
        242 93
        23 99
        241 99
        19 105
        241 105
        112 299
        299 113
        220 113
        111 113
        7 117
        240 117
        11 123
        240 123
        50 54
        52 54
        79 300
        300 80
        78 80
        82 301
        301 83
        232 83
        81 83
        88 302
        302 89
        229 89
        87 89
        94 303
        303 95
        226 95
        93 95
        100 304
        304 101
        224 101
        99 101
        106 305
        305 107
        222 107
        105 107
        113 306
        306 114
        221 114
        118 307
        307 119
        231 119
        117 119
        124 308
        308 125
        236 125
        123 125
        53 309
        309 55
        50 55
        54 55
        83 310
        310 84
        233 84
        89 311
        311 90
        230 90
        95 312
        312 96
        228 96
        101 313
        313 102
        225 102
        107 314
        314 108
        223 108
        119 315
        315 120
        235 120
        125 316
        316 126
        237 126
        46 57
        55 57
        56 317
        317 58
        55 58
        57 58
        44 60
        58 60
        59 318
        318 61
        58 61
        60 61
        214 63
        61 63
        62 319
        319 64
        61 64
        63 64
        212 66
        64 66
        65 320
        320 67
        64 67
        66 67
        210 69
        67 69
        68 321
        321 70
        67 70
        69 70
        208 72
        70 72
        71 322
        322 73
        70 73
        72 73
        206 75
        73 75
        74 323
        323 76
        73 76
        75 76
        76 216
        76 227
        76 238
        233 324
        324 85
        36 85
        238 85
        230 325
        325 91
        33 91
        227 91
        228 326
        326 97
        29 97
        227 97
        221 327
        327 115
        17 115
        227 115
        235 328
        328 121
        9 121
        216 121
        237 329
        329 127
        13 127
        216 127
        5 136
        238 136
        216 239
        85 330
        330 86
        84 86
        91 331
        331 92
        90 92
        97 332
        332 98
        96 98
        225 333
        333 103
        25 103
        239 103
        223 334
        334 109
        21 109
        239 109
        115 335
        335 116
        114 116
        121 336
        336 122
        120 122
        127 337
        337 128
        126 128
        80 137
        136 137
        103 338
        338 104
        102 104
        109 339
        339 110
        108 110
        122 129
        128 129
        92 340
        340 134
        86 134
        98 134
        116 143
        128 143
        98 341
        341 148
        92 148
        116 253
        110 130
        129 130
        110 342
        342 131
        104 131
        116 131
        128 343
        343 139
        253 139
        143 344
        344 149
        148 149
        110 249
        130 132
        131 132
        130 140
        139 140
        249 345
        345 141
        98 141
        249 346
        346 144
        104 144
        139 150
        149 150
        92 133
        132 133
        253 347
        347 142
        141 142
        143 348
        348 145
        144 145
        133 135
        134 135
        129 146
        142 146
        139 349
        349 151
        122 151
        145 151
        137 350
        350 138
        135 138
        136 138
        145 147
        146 147
        150 152
        151 152
        250 37
        243 38
        238 39
        138 40
        140 41
        147 42
        152 43
    ]
]
