circuit_name:c880new_processed
[
    node:
    [
        1 x0 0 PI
        2 x1 0 PI
        3 x2 0 PI
        4 x3 0 PI
        5 x4 0 PI
        6 x5 0 PI
        7 x6 0 PI
        8 x7 0 PI
        9 x8 0 PI
        10 x9 0 PI
        11 x10 0 PI
        12 x11 0 PI
        13 x12 0 PI
        14 x13 0 PI
        15 x14 0 PI
        16 x15 0 PI
        17 x16 0 PI
        18 x17 0 PI
        19 x18 0 PI
        20 x19 0 PI
        21 x20 0 PI
        22 x21 0 PI
        23 x22 0 PI
        24 x23 0 PI
        25 x24 0 PI
        26 x25 0 PI
        27 x26 0 PI
        28 x27 0 PI
        29 x28 0 PI
        30 x29 0 PI
        31 x30 0 PI
        32 x31 0 PI
        33 x32 0 PI
        34 x33 0 PI
        35 x34 0 PI
        36 x35 0 PI
        37 x36 0 PI
        38 x37 0 PI
        39 x38 0 PI
        40 x39 0 PI
        41 x40 0 PI
        42 x41 0 PI
        43 x42 0 PI
        44 x43 0 PI
        45 x44 0 PI
        46 x45 0 PI
        47 x46 0 PI
        48 x47 0 PI
        49 x48 0 PI
        50 x49 0 PI
        51 x50 0 PI
        52 x51 0 PI
        53 x52 0 PI
        54 x53 0 PI
        55 x54 0 PI
        56 x55 0 PI
        57 x56 0 PI
        58 x57 0 PI
        59 x58 0 PI
        60 x59 0 PI
        61 y0 4 PO
        62 y1 4 PO
        63 y2 4 PO
        64 y3 2 PO
        65 y4 5 PO
        66 y5 8 PO
        67 y6 5 PO
        68 y7 5 PO
        69 y8 5 PO
        70 y9 3 PO
        71 y10 7 PO
        72 y11 4 PO
        73 y12 6 PO
        74 y13 7 PO
        75 y14 3 PO
        76 y15 8 PO
        77 y16 8 PO
        78 y17 23 PO
        79 y18 23 PO
        80 y19 24 PO
        81 y20 23 PO
        82 y21 25 PO
        83 y22 25 PO
        84 y23 28 PO
        85 y24 28 PO
        86 y25 27 PO
        87 n100 4 XOR
        88 n101 1 XOR
        89 n102 2 XOR
        90 n103 3 XOR
        91 n104 5 XOR
        92 n105 6 XOR
        93 n106 7 XOR
        94 n107 2 XOR
        95 n108 3 XOR
        96 n109 4 XOR
        97 n110 2 XOR
        98 n111 3 XOR
        99 n112 4 XOR
        100 n113 5 XOR
        101 n114 6 XOR
        102 n115 7 XOR
        103 n116 2 AND
        104 n117 3 MAJ
        105 n118 4 AND
        106 n119 5 AND
        107 n120 6 AND
        108 n121 1 AND
        109 n122 2 AND
        110 n123 3 AND
        111 n124 4 MAJ
        112 n125 5 AND
        113 n126 4 MAJ
        114 n127 6 AND
        115 n128 7 MAJ
        116 n129 9 AND
        117 n130 2 XOR
        118 n131 3 MAJ
        119 n132 4 AND
        120 n133 1 AND
        121 n134 3 MAJ
        122 n135 4 AND
        123 n136 2 AND
        124 n137 3 AND
        125 n138 5 AND
        126 n139 5 OR
        127 n140 6 MAJ
        128 n141 8 AND
        129 n142 9 OR
        130 n143 11 MAJ
        131 n144 12 OR
        132 n145 1 AND
        133 n146 14 AND
        134 n147 16 MAJ
        135 n148 13 OR
        136 n149 13 AND
        137 n150 16 AND
        138 n151 17 XOR
        139 n152 18 AND
        140 n153 15 AND
        141 n154 15 XOR
        142 n155 17 MAJ
        143 n156 19 OR
        144 n157 18 MAJ
        145 n158 20 OR
        146 n159 21 OR
        147 n160 21 MAJ
        148 n161 22 OR
        149 n162 8 AND
        150 n163 9 OR
        151 n164 12 MAJ
        152 n165 13 OR
        153 n166 15 AND
        154 n167 9 AND
        155 n168 16 MAJ
        156 n169 2 AND
        157 n170 8 AND
        158 n171 9 OR
        159 n172 12 MAJ
        160 n173 13 OR
        161 n174 8 AND
        162 n175 9 OR
        163 n176 11 MAJ
        164 n177 12 OR
        165 n178 13 OR
        166 n179 14 MAJ
        167 n180 15 AND
        168 n181 14 AND
        169 n182 16 AND
        170 n183 13 AND
        171 n184 15 MAJ
        172 n185 17 OR
        173 n186 16 MAJ
        174 n187 18 OR
        175 n188 15 XOR
        176 n189 19 XOR
        177 n190 20 AND
        178 n191 14 MAJ
        179 n192 15 AND
        180 n193 17 AND
        181 n194 18 MAJ
        182 n195 19 OR
        183 n196 21 MAJ
        184 n197 22 OR
        185 n198 1 AND
        186 n199 16 AND
        187 n200 18 MAJ
        188 n201 15 AND
        189 n202 16 OR
        190 n203 16 MAJ
        191 n204 17 OR
        192 n205 15 XOR
        193 n206 18 XOR
        194 n207 19 AND
        195 n208 15 MAJ
        196 n209 15 AND
        197 n210 17 AND
        198 n211 18 MAJ
        199 n212 20 OR
        200 n213 19 MAJ
        201 n214 21 OR
        202 n215 22 OR
        203 n216 22 MAJ
        204 n217 23 OR
        205 n218 1 AND
        206 n219 14 AND
        207 n220 16 MAJ
        208 n221 15 MAJ
        209 n222 16 OR
        210 n223 16 AND
        211 n224 17 XOR
        212 n225 18 AND
        213 n226 15 AND
        214 n227 15 XOR
        215 n228 17 MAJ
        216 n229 19 OR
        217 n230 18 MAJ
        218 n231 20 OR
        219 n232 21 OR
        220 n233 21 MAJ
        221 n234 22 OR
        222 n235 8 AND
        223 n236 3 AND
        224 n237 9 MAJ
        225 n238 4 AND
        226 n239 3 MAJ
        227 n240 5 AND
        228 n241 4 MAJ
        229 n242 5 AND
        230 n243 10 OR
        231 n244 10 MAJ
        232 n245 11 OR
        233 n246 19 MAJ
        234 n247 8 AND
        235 n248 2 AND
        236 n249 9 MAJ
        237 n250 10 OR
        238 n251 10 MAJ
        239 n252 11 OR
        240 n253 8 AND
        241 n254 2 AND
        242 n255 9 MAJ
        243 n256 10 OR
        244 n257 10 MAJ
        245 n258 11 OR
        246 n259 12 OR
        247 n260 13 MAJ
        248 n261 14 AND
        249 n262 2 AND
        250 n263 9 AND
        251 n264 11 MAJ
        252 n265 12 OR
        253 n266 12 MAJ
        254 n267 13 OR
        255 n268 14 OR
        256 n269 14 AND
        257 n270 12 AND
        258 n271 13 MAJ
        259 n272 15 MAJ
        260 n273 16 OR
        261 n274 21 AND
        262 n275 22 MAJ
        263 n276 23 MAJ
        264 n277 24 MAJ
        265 n278 14 AND
        266 n279 9 AND
        267 n280 15 MAJ
        268 n281 2 AND
        269 n282 17 AND
        270 n283 21 XOR
        271 n284 22 AND
        272 n285 16 AND
        273 n286 16 XOR
        274 n287 18 MAJ
        275 n288 19 OR
        276 n289 23 MAJ
        277 n290 24 OR
        278 n291 13 AND
        279 n292 9 AND
        280 n293 14 MAJ
        281 n294 2 AND
        282 n295 13 XOR
        283 n296 24 XOR
        284 n297 25 AND
        285 n298 12 MAJ
        286 n299 12 AND
        287 n300 14 AND
        288 n301 15 MAJ
        289 n302 16 OR
        290 n303 26 MAJ
        291 n304 27 OR
        292 n305 13 AND
        293 n306 9 AND
        294 n307 14 MAJ
        295 n308 2 AND
        296 n309 16 MAJ
        297 n310 17 OR
        298 n311 21 AND
        299 n312 22 MAJ
        300 n313 23 MAJ
        301 n314 13 XOR
        302 n315 24 XOR
        303 n316 25 AND
        304 n317 13 MAJ
        305 n318 13 AND
        306 n319 15 AND
        307 n320 16 MAJ
        308 n321 17 OR
        309 n322 26 MAJ
        310 n323 27 OR
        311 n324 12 AND
        312 n325 9 AND
        313 n326 13 MAJ
        314 n327 2 AND
        315 n328 21 MAJ
        316 n329 22 OR
        317 n330 15 AND
        318 n331 23 XOR
        319 n332 24 AND
        320 n333 14 AND
        321 n334 14 XOR
        322 n335 16 MAJ
        323 n336 17 OR
        324 n337 25 MAJ
        325 n338 26 OR
        326 n61 2 AND
        327 n62 3 AND
        328 n63 2 AND
        329 n64 3 AND
        330 n65 3 AND
        331 n66 1 AND
        332 n67 2 AND
        333 n68 3 MAJ
        334 n69 4 AND
        335 n70 1 AND
        336 n71 2 MAJ
        337 n72 3 AND
        338 n73 3 AND
        339 n74 4 MAJ
        340 n75 6 MAJ
        341 n76 2 AND
        342 n77 3 AND
        343 n78 2 AND
        344 n79 3 AND
        345 n80 2 AND
        346 n81 3 AND
        347 n82 1 MAJ
        348 n83 2 AND
        349 n84 4 AND
        350 n85 3 MAJ
        351 n86 5 AND
        352 n87 1 AND
        353 n88 2 AND
        354 n89 2 AND
        355 n90 4 AND
        356 n91 2 AND
        357 n92 5 AND
        358 n93 5 AND
        359 n94 3 MAJ
        360 n95 6 AND
        361 n96 1 MAJ
        362 n97 2 AND
        363 n98 2 XOR
        364 n99 3 XOR
        365 v1 7 VIR
        366 v10 7 VIR
        367 v11 14 VIR
        368 v12 14 VIR
        369 v13 14 VIR
        370 v14 14 VIR
        371 v15 14 VIR
        372 v16 14 VIR
        373 v17 14 VIR
        374 v18 14 VIR
        375 v19 14 VIR
        376 v2 7 VIR
        377 v20 6 VIR
        378 v21 6 VIR
        379 v22 12 VIR
        380 v23 20 VIR
        381 v24 12 VIR
        382 v25 12 VIR
        383 v26 13 VIR
        384 v27 13 VIR
        385 v28 15 VIR
        386 v29 15 VIR
        387 v3 7 VIR
        388 v30 15 VIR
        389 v31 13 VIR
        390 v32 3 VIR
        391 v33 3 VIR
        392 v34 1 VIR
        393 v35 1 VIR
        394 v36 1 VIR
        395 v37 1 VIR
        396 v38 1 VIR
        397 v39 1 VIR
        398 v4 6 VIR
        399 v40 1 VIR
        400 v41 1 VIR
        401 v42 1 VIR
        402 v43 1 VIR
        403 v44 1 VIR
        404 v45 1 VIR
        405 v46 1 VIR
        406 v47 1 VIR
        407 v48 1 VIR
        408 v49 1 VIR
        409 v5 6 VIR
        410 v50 1 VIR
        411 v51 1 VIR
        412 v52 1 VIR
        413 v53 1 VIR
        414 v54 1 VIR
        415 v55 1 VIR
        416 v56 1 VIR
        417 v57 1 VIR
        418 v58 1 VIR
        419 v59 1 VIR
        420 v6 6 VIR
        421 v60 1 VIR
        422 v61 1 VIR
        423 v62 1 VIR
        424 v63 1 VIR
        425 v64 1 VIR
        426 v65 1 VIR
        427 v66 1 VIR
        428 v67 1 VIR
        429 v68 1 VIR
        430 v69 1 VIR
        431 v7 10 VIR
        432 v70 1 VIR
        433 v71 1 VIR
        434 v72 1 VIR
        435 v73 1 VIR
        436 v74 1 VIR
        437 v75 1 VIR
        438 v76 1 VIR
        439 v77 1 VIR
        440 v78 1 VIR
        441 v79 1 VIR
        442 v8 7 VIR
        443 v80 1 VIR
        444 v81 1 VIR
        445 v82 1 VIR
        446 v83 1 VIR
        447 v84 1 VIR
        448 v85 1 VIR
        449 v86 1 VIR
        450 v87 1 VIR
        451 v88 2 VIR
        452 v89 2 VIR
        453 v9 7 VIR
        454 v90 2 VIR
        455 v91 2 VIR
        456 v92 2 VIR
        457 v93 2 VIR
        458 not1 2 INV
        459 not2 2 INV
        460 not3 2 INV
        461 not4 1 INV
        462 not5 1 INV
        463 not6 2 INV
        464 not7 1 INV
        465 not8 2 INV
        466 not9 2 INV
        467 not10 2 INV
        468 not11 1 INV
        469 not12 3 INV
        470 not13 1 INV
        471 not14 2 INV
        472 not15 5 INV
        473 not16 5 INV
        474 not17 2 INV
        475 not18 4 INV
        476 not19 8 INV
        477 not20 4 INV
        478 not21 10 INV
        479 not22 8 INV
        480 not23 10 INV
        481 not24 8 INV
        482 not25 8 INV
        483 not26 8 INV
        484 not27 8 INV
        485 not28 11 INV
        486 not29 11 INV
        487 not30 8 INV
        488 not31 4 INV
        489 not32 3 INV
        490 not33 3 INV
        491 not34 10 INV
        492 not35 13 INV
        493 not36 13 INV
        494 not37 15 INV
        495 not38 2 INV
        496 not39 15 INV
        497 not40 2 INV
        498 not41 15 INV
        499 not42 3 INV
        500 not43 15 INV
        501 not44 10 INV
        502 not45 16 INV
        503 not46 17 INV
        504 not47 16 INV
        505 not48 15 INV
        506 not49 10 INV
        507 not50 13 INV
        508 not51 3 INV
        509 not52 10 INV
        510 not53 16 INV
        511 not54 2 INV
        512 not55 2 INV
        513 not56 16 INV
        514 not57 16 INV
        515 not58 10 INV
        516 not59 2 INV
        517 not60 10 INV
        518 not61 14 INV
        519 not62 14 INV
        520 not63 17 INV
        521 not64 2 INV
        522 not65 15 INV
        523 not66 20 INV
        524 not67 20 INV
        525 not68 3 INV
        526 not69 22 INV
        527 not70 22 INV
        528 not71 3 INV
        529 not72 3 INV
        530 not73 3 INV
        531 not74 3 INV
        532 not75 7 INV
        533 not76 4 INV
        534 not77 4 INV
        535 not78 4 INV
        536 not79 6 INV
    ]
    edge:
    [
        31 88
        30 88
        6 108
        16 108
        2 120
        9 120
        55 132
        59 132
        55 185
        56 185
        55 205
        57 205
        18 331
        19 331
        3 335
        5 335
        20 347
        21 347
        23 347
        1 352
        5 352
        20 361
        21 361
        22 361
        1 392
        1 393
        2 394
        2 395
        11 396
        11 397
        11 399
        12 400
        16 401
        17 402
        27 403
        4 404
        4 405
        4 406
        34 407
        40 408
        41 410
        41 411
        42 412
        42 413
        42 414
        43 415
        44 416
        45 417
        45 418
        46 419
        46 421
        47 422
        48 423
        50 424
        50 425
        50 426
        6 427
        6 428
        51 429
        51 430
        51 432
        52 433
        52 434
        52 435
        53 436
        53 437
        53 438
        54 439
        54 440
        54 441
        60 443
        7 444
        7 445
        8 446
        8 447
        8 448
        9 449
        10 450
        88 89
        28 89
        416 94
        415 94
        423 97
        422 97
        397 103
        13 103
        397 458
        458 104
        446 104
        12 104
        17 109
        108 109
        446 117
        404 117
        394 459
        459 121
        392 121
        404 121
        446 123
        396 123
        403 156
        425 156
        407 460
        460 223
        394 223
        34 461
        461 235
        449 235
        34 462
        462 241
        405 241
        407 249
        38 249
        26 268
        425 268
        425 281
        443 281
        24 295
        426 295
        25 314
        426 314
        427 326
        447 326
        427 328
        444 328
        395 332
        406 332
        394 463
        463 333
        393 333
        3 333
        3 464
        464 336
        393 336
        406 336
        427 465
        465 338
        7 338
        397 341
        401 341
        444 343
        399 343
        445 345
        447 345
        23 348
        347 348
        445 466
        466 350
        428 350
        448 350
        9 353
        352 353
        395 354
        450 354
        428 356
        12 356
        400 467
        467 359
        399 359
        15 359
        22 362
        361 362
        403 363
        26 363
        396 451
        436 452
        437 454
        438 455
        439 456
        440 457
        89 90
        29 90
        94 95
        41 95
        97 98
        417 98
        103 105
        104 105
        60 468
        468 110
        109 110
        353 469
        469 113
        451 113
        408 113
        40 470
        470 118
        396 118
        117 118
        120 122
        121 122
        16 124
        123 124
        450 471
        471 226
        451 226
        408 226
        401 327
        326 327
        17 329
        328 329
        448 330
        328 330
        332 334
        333 334
        335 337
        336 337
        444 339
        447 339
        338 339
        402 342
        341 342
        402 344
        343 344
        399 346
        345 346
        333 355
        354 355
        363 364
        24 364
        353 390
        353 391
        364 87
        25 87
        95 96
        413 96
        98 99
        421 99
        14 106
        355 106
        10 111
        60 111
        390 111
        113 472
        472 114
        390 114
        40 119
        118 119
        122 126
        124 126
        10 225
        391 225
        405 228
        443 228
        391 228
        339 473
        473 340
        337 340
        338 340
        445 349
        337 349
        355 357
        356 357
        400 358
        355 358
        90 91
        87 91
        99 100
        96 100
        105 107
        106 107
        110 112
        111 112
        392 474
        474 115
        404 115
        114 115
        390 125
        119 125
        226 475
        475 227
        225 227
        110 229
        228 229
        349 351
        350 351
        358 360
        359 360
        91 92
        32 92
        100 101
        32 101
        115 476
        476 116
        392 116
        124 477
        477 127
        125 127
        126 127
        107 365
        107 376
        227 377
        229 378
        107 387
        112 398
        112 409
        112 420
        92 93
        33 93
        101 102
        49 102
        116 478
        478 130
        39 130
        409 130
        365 479
        479 154
        418 154
        116 480
        480 163
        37 163
        398 163
        365 481
        481 266
        416 266
        365 482
        482 279
        410 279
        376 483
        483 293
        413 293
        376 484
        484 312
        415 312
        127 366
        116 431
        127 442
        127 453
        31 128
        442 128
        28 149
        366 149
        431 485
        485 151
        35 151
        420 151
        29 157
        442 157
        431 486
        486 159
        36 159
        409 159
        30 161
        442 161
        24 222
        366 222
        25 234
        453 234
        26 240
        453 240
        453 487
        487 250
        27 250
        398 129
        128 129
        420 150
        149 150
        409 158
        157 158
        398 162
        161 162
        223 488
        488 224
        395 224
        222 224
        235 489
        489 236
        449 236
        234 236
        241 490
        490 242
        405 242
        240 242
        250 491
        491 251
        27 251
        249 251
        129 131
        130 131
        150 152
        151 152
        158 160
        159 160
        162 164
        163 164
        224 230
        378 230
        35 231
        224 231
        377 231
        229 237
        236 237
        36 238
        227 238
        236 238
        229 243
        242 243
        37 244
        227 244
        242 244
        378 252
        251 252
        39 253
        377 253
        251 253
        131 492
        492 133
        439 133
        48 135
        131 135
        48 136
        131 136
        47 165
        164 165
        47 170
        164 170
        417 178
        434 178
        152 178
        164 493
        493 206
        456 206
        230 232
        231 232
        237 239
        238 239
        243 245
        244 245
        252 254
        253 254
        152 370
        160 371
        160 372
        133 494
        494 134
        441 134
        132 134
        439 153
        370 153
        46 166
        160 166
        165 166
        58 168
        135 168
        419 171
        371 171
        170 171
        370 175
        417 175
        437 495
        495 179
        370 179
        372 496
        496 186
        456 186
        371 192
        419 192
        419 195
        433 195
        371 195
        436 497
        497 196
        372 196
        206 498
        498 207
        441 207
        205 207
        43 246
        245 246
        44 255
        254 255
        44 256
        254 256
        43 257
        245 257
        440 265
        254 265
        410 285
        434 285
        232 285
        454 499
        499 286
        232 286
        457 311
        245 311
        135 367
        136 368
        136 369
        165 373
        165 374
        170 375
        232 379
        239 381
        239 382
        368 500
        500 137
        367 137
        433 140
        367 140
        369 141
        436 141
        154 501
        501 155
        418 155
        153 155
        373 167
        166 167
        179 502
        502 180
        178 180
        186 503
        503 187
        441 187
        185 187
        373 188
        168 188
        196 504
        504 197
        195 197
        58 208
        135 208
        368 208
        375 505
        505 210
        374 210
        433 213
        374 213
        375 214
        452 214
        412 247
        239 247
        246 247
        412 258
        381 258
        257 258
        266 506
        506 267
        416 267
        265 267
        440 278
        379 278
        379 282
        410 282
        286 507
        507 287
        285 287
        457 292
        382 292
        382 301
        413 301
        412 304
        434 304
        381 304
        454 508
        508 305
        381 305
        312 509
        509 313
        415 313
        311 313
        246 383
        246 384
        255 385
        256 386
        256 388
        257 389
        137 138
        58 138
        141 510
        510 142
        452 142
        140 142
        167 169
        168 169
        136 173
        167 173
        171 173
        418 511
        511 181
        178 181
        180 181
        170 189
        188 189
        368 190
        373 190
        188 190
        421 512
        512 198
        195 198
        197 198
        369 209
        208 209
        214 513
        513 215
        437 215
        213 215
        383 248
        247 248
        386 514
        514 269
        385 269
        435 272
        385 272
        388 273
        438 273
        279 515
        515 280
        411 280
        278 280
        411 516
        516 288
        285 288
        287 288
        293 517
        517 294
        414 294
        292 294
        383 296
        386 296
        257 296
        305 518
        518 306
        304 306
        389 519
        519 317
        384 317
        435 320
        384 320
        389 321
        438 321
        429 139
        138 139
        30 144
        424 144
        142 144
        169 172
        171 172
        156 182
        181 182
        189 191
        190 191
        28 200
        424 200
        198 200
        210 211
        209 211
        29 217
        424 217
        215 217
        248 259
        256 259
        258 259
        273 520
        520 274
        455 274
        272 274
        281 289
        288 289
        389 297
        296 297
        414 521
        521 307
        304 307
        306 307
        321 522
        522 322
        455 322
        320 322
        139 143
        142 143
        172 174
        173 174
        192 193
        191 193
        429 212
        211 212
        258 260
        259 260
        268 275
        274 275
        295 308
        307 308
        314 323
        322 323
        143 145
        144 145
        175 176
        174 176
        429 194
        193 194
        212 216
        215 216
        45 233
        152 233
        174 233
        134 146
        145 146
        423 147
        376 147
        145 147
        430 177
        176 177
        194 199
        198 199
        216 218
        217 218
        233 523
        523 261
        248 261
        233 524
        524 298
        383 298
        233 380
        146 148
        147 148
        156 525
        525 183
        155 183
        177 183
        199 201
        200 201
        207 219
        218 219
        422 220
        387 220
        218 220
        248 262
        255 262
        261 262
        269 270
        380 270
        384 299
        255 299
        298 299
        380 315
        385 315
        386 315
        182 184
        183 184
        187 202
        201 202
        421 203
        387 203
        201 203
        219 221
        220 221
        261 526
        526 263
        260 263
        262 263
        430 271
        270 271
        298 527
        527 300
        297 300
        299 300
        388 316
        315 316
        202 204
        203 204
        411 264
        379 264
        263 264
        268 528
        528 276
        267 276
        271 276
        282 283
        263 283
        301 302
        300 302
        317 318
        316 318
        275 277
        276 277
        430 284
        283 284
        432 303
        302 303
        432 319
        318 319
        281 529
        529 290
        280 290
        284 290
        295 530
        530 309
        294 309
        303 309
        314 531
        531 324
        313 324
        319 324
        289 291
        290 291
        308 310
        309 310
        323 325
        324 325
        327 61
        329 62
        330 63
        331 64
        334 65
        340 532
        532 66
        342 533
        533 67
        344 534
        534 68
        346 535
        535 69
        348 70
        351 536
        536 71
        391 72
        357 73
        360 74
        362 75
        93 76
        102 77
        148 78
        184 79
        204 80
        221 81
        264 82
        277 83
        291 84
        310 85
        325 86
    ]
]
