circuit_name:c8new_processed
[
    node:
    [
        1 x0 0 PI
        2 x1 0 PI
        3 x2 0 PI
        4 x3 0 PI
        5 x4 0 PI
        6 x5 0 PI
        7 x6 0 PI
        8 x7 0 PI
        9 x8 0 PI
        10 x9 0 PI
        11 x10 0 PI
        12 x11 0 PI
        13 x12 0 PI
        14 x13 0 PI
        15 x14 0 PI
        16 x15 0 PI
        17 x16 0 PI
        18 x17 0 PI
        19 x18 0 PI
        20 x19 0 PI
        21 x20 0 PI
        22 x21 0 PI
        23 x22 0 PI
        24 x23 0 PI
        25 x24 0 PI
        26 x25 0 PI
        27 x26 0 PI
        28 x27 0 PI
        29 y0 6 PO
        30 y1 6 PO
        31 y2 6 PO
        32 y3 6 PO
        33 y4 5 PO
        34 y5 5 PO
        35 y6 5 PO
        36 y7 5 PO
        37 y8 2 PO
        38 y9 11 PO
        39 y10 10 PO
        40 y11 15 PO
        41 y12 15 PO
        42 y13 15 PO
        43 y14 16 PO
        44 y15 15 PO
        45 y16 16 PO
        46 y17 9 PO
        47 n100 14 OR
        48 n101 3 OR
        49 n102 5 AND
        50 n103 4 MAJ
        51 n104 4 MAJ
        52 n105 5 OR
        53 n106 3 OR
        54 n107 4 OR
        55 n108 6 MAJ
        56 n109 7 AND
        57 n110 8 AND
        58 n111 6 OR
        59 n112 9 MAJ
        60 n113 6 AND
        61 n114 7 AND
        62 n115 9 AND
        63 n116 11 MAJ
        64 n117 8 AND
        65 n118 12 MAJ
        66 n119 13 OR
        67 n120 13 MAJ
        68 n121 14 OR
        69 n122 4 AND
        70 n123 4 MAJ
        71 n124 6 AND
        72 n125 3 MAJ
        73 n126 4 MAJ
        74 n127 5 OR
        75 n128 3 OR
        76 n129 4 OR
        77 n130 6 MAJ
        78 n131 7 AND
        79 n132 8 AND
        80 n133 6 OR
        81 n134 9 MAJ
        82 n135 6 AND
        83 n136 8 AND
        84 n137 9 AND
        85 n138 11 MAJ
        86 n139 8 AND
        87 n140 12 MAJ
        88 n141 13 OR
        89 n142 13 MAJ
        90 n143 14 OR
        91 n144 3 AND
        92 n145 3 MAJ
        93 n146 5 AND
        94 n147 3 MAJ
        95 n148 3 MAJ
        96 n149 4 OR
        97 n150 2 OR
        98 n151 4 MAJ
        99 n152 5 OR
        100 n153 6 OR
        101 n154 5 MAJ
        102 n155 8 AND
        103 n156 3 OR
        104 n157 5 AND
        105 n158 10 AND
        106 n159 12 MAJ
        107 n160 5 AND
        108 n161 7 AND
        109 n162 10 AND
        110 n163 12 MAJ
        111 n164 4 OR
        112 n165 7 AND
        113 n166 13 MAJ
        114 n167 14 OR
        115 n168 14 MAJ
        116 n169 15 OR
        117 n170 3 OR
        118 n171 3 MAJ
        119 n172 5 AND
        120 n173 3 MAJ
        121 n174 4 MAJ
        122 n175 5 OR
        123 n176 4 OR
        124 n177 5 OR
        125 n178 6 MAJ
        126 n179 7 AND
        127 n180 4 OR
        128 n181 6 AND
        129 n182 9 AND
        130 n183 11 MAJ
        131 n184 6 AND
        132 n185 7 AND
        133 n186 9 AND
        134 n187 11 MAJ
        135 n188 5 OR
        136 n189 8 AND
        137 n190 12 MAJ
        138 n191 13 OR
        139 n192 13 MAJ
        140 n193 14 OR
        141 n194 3 AND
        142 n195 2 MAJ
        143 n196 4 AND
        144 n197 3 MAJ
        145 n198 4 MAJ
        146 n199 5 OR
        147 n200 4 MAJ
        148 n201 5 OR
        149 n202 7 AND
        150 n203 6 MAJ
        151 n204 8 AND
        152 n205 3 OR
        153 n206 4 MAJ
        154 n207 5 OR
        155 n208 7 AND
        156 n209 10 AND
        157 n210 12 MAJ
        158 n211 7 AND
        159 n212 8 AND
        160 n213 10 AND
        161 n214 12 MAJ
        162 n215 6 OR
        163 n216 9 AND
        164 n217 13 MAJ
        165 n218 14 OR
        166 n219 14 MAJ
        167 n220 15 OR
        168 n221 4 MAJ
        169 n222 5 AND
        170 n223 2 OR
        171 n224 3 MAJ
        172 n225 4 OR
        173 n226 5 OR
        174 n227 6 MAJ
        175 n228 7 AND
        176 n229 6 MAJ
        177 n230 8 MAJ
        178 n29 3 XOR
        179 n30 4 MAJ
        180 n31 3 XOR
        181 n32 4 MAJ
        182 n33 3 XOR
        183 n34 4 MAJ
        184 n35 3 XOR
        185 n36 4 MAJ
        186 n37 2 XOR
        187 n38 3 MAJ
        188 n39 2 XOR
        189 n40 3 MAJ
        190 n41 2 XOR
        191 n42 3 MAJ
        192 n43 2 XOR
        193 n44 3 MAJ
        194 n45 3 XOR
        195 n46 5 MAJ
        196 n47 6 AND
        197 n48 3 AND
        198 n49 4 MAJ
        199 n50 6 AND
        200 n51 4 AND
        201 n52 5 MAJ
        202 n53 7 MAJ
        203 n54 5 AND
        204 n55 4 MAJ
        205 n56 6 AND
        206 n57 4 AND
        207 n58 5 MAJ
        208 n59 7 MAJ
        209 n60 3 OR
        210 n61 4 AND
        211 n62 5 XOR
        212 n63 6 MAJ
        213 n64 4 AND
        214 n65 5 MAJ
        215 n66 7 MAJ
        216 n67 8 OR
        217 n68 9 MAJ
        218 n69 10 OR
        219 n70 4 AND
        220 n71 4 MAJ
        221 n72 5 AND
        222 n73 4 AND
        223 n74 6 MAJ
        224 n75 7 MAJ
        225 n76 3 AND
        226 n77 4 MAJ
        227 n78 8 MAJ
        228 n79 3 OR
        229 n80 6 MAJ
        230 n81 9 MAJ
        231 n82 4 AND
        232 n83 3 MAJ
        233 n84 4 MAJ
        234 n85 5 OR
        235 n86 6 AND
        236 n87 4 MAJ
        237 n88 7 AND
        238 n89 8 AND
        239 n90 6 OR
        240 n91 9 MAJ
        241 n92 6 AND
        242 n93 7 AND
        243 n94 9 AND
        244 n95 11 MAJ
        245 n96 8 AND
        246 n97 12 MAJ
        247 n98 13 OR
        248 n99 13 MAJ
        249 v1 4 VIR
        250 v10 1 VIR
        251 v11 1 VIR
        252 v12 1 VIR
        253 v13 1 VIR
        254 v14 1 VIR
        255 v15 1 VIR
        256 v16 1 VIR
        257 v17 1 VIR
        258 v18 1 VIR
        259 v19 1 VIR
        260 v2 4 VIR
        261 v20 1 VIR
        262 v21 1 VIR
        263 v22 1 VIR
        264 v23 1 VIR
        265 v24 1 VIR
        266 v25 1 VIR
        267 v26 1 VIR
        268 v27 1 VIR
        269 v28 1 VIR
        270 v29 1 VIR
        271 v3 5 VIR
        272 v30 1 VIR
        273 v31 1 VIR
        274 v32 1 VIR
        275 v33 1 VIR
        276 v34 1 VIR
        277 v35 1 VIR
        278 v36 1 VIR
        279 v37 1 VIR
        280 v38 1 VIR
        281 v39 1 VIR
        282 v4 6 VIR
        283 v40 1 VIR
        284 v41 1 VIR
        285 v42 1 VIR
        286 v43 1 VIR
        287 v44 2 VIR
        288 v45 2 VIR
        289 v46 2 VIR
        290 v47 2 VIR
        291 v48 2 VIR
        292 v49 2 VIR
        293 v5 5 VIR
        294 v50 2 VIR
        295 v51 2 VIR
        296 v52 2 VIR
        297 v53 2 VIR
        298 v54 2 VIR
        299 v55 2 VIR
        300 v56 2 VIR
        301 v57 2 VIR
        302 v58 2 VIR
        303 v59 2 VIR
        304 v6 4 VIR
        305 v60 2 VIR
        306 v61 2 VIR
        307 v62 2 VIR
        308 v63 2 VIR
        309 v64 2 VIR
        310 v65 2 VIR
        311 v66 2 VIR
        312 v67 2 VIR
        313 v68 2 VIR
        314 v69 2 VIR
        315 v7 4 VIR
        316 v70 2 VIR
        317 v71 2 VIR
        318 v72 2 VIR
        319 v73 2 VIR
        320 v74 2 VIR
        321 v75 2 VIR
        322 v76 2 VIR
        323 v77 2 VIR
        324 v78 2 VIR
        325 v79 2 VIR
        326 v8 4 VIR
        327 v80 2 VIR
        328 v81 2 VIR
        329 v82 2 VIR
        330 v83 2 VIR
        331 v84 2 VIR
        332 v85 2 VIR
        333 v86 2 VIR
        334 v87 2 VIR
        335 v88 2 VIR
        336 v89 2 VIR
        337 v9 1 VIR
        338 v90 3 VIR
        339 v91 3 VIR
        340 v92 3 VIR
        341 not1 2 INV
        342 not2 2 INV
        343 not3 2 INV
        344 not4 3 INV
        345 not5 3 INV
        346 not6 3 INV
        347 not7 2 INV
        348 not8 2 INV
        349 not9 3 INV
        350 not10 2 INV
        351 not11 3 INV
        352 not12 3 INV
        353 not13 3 INV
        354 not14 3 INV
        355 not15 3 INV
        356 not16 3 INV
        357 not17 3 INV
        358 not18 3 INV
        359 not19 3 INV
        360 not20 3 INV
        361 not21 3 INV
        362 not22 3 INV
        363 not23 3 INV
        364 not24 3 INV
        365 not25 3 INV
        366 not26 3 INV
        367 not27 3 INV
        368 not28 4 INV
        369 not29 3 INV
        370 not30 5 INV
        371 not31 4 INV
        372 not32 4 INV
        373 not33 4 INV
        374 not34 4 INV
        375 not35 1 INV
        376 not36 4 INV
        377 not37 3 INV
        378 not38 5 INV
        379 not39 1 INV
        380 not40 3 INV
        381 not41 3 INV
        382 not42 4 INV
        383 not43 3 INV
        384 not44 4 INV
        385 not45 6 INV
        386 not46 3 INV
        387 not47 5 INV
        388 not48 6 INV
        389 not49 5 INV
        390 not50 3 INV
        391 not51 3 INV
        392 not52 5 INV
        393 not53 7 INV
        394 not54 7 INV
        395 not55 7 INV
        396 not56 6 INV
        397 not57 6 INV
        398 not58 6 INV
        399 not59 6 INV
        400 not60 7 INV
        401 not61 7 INV
        402 not62 3 INV
        403 not63 6 INV
        404 not64 5 INV
        405 not65 5 INV
        406 not66 5 INV
        407 not67 5 INV
        408 not68 5 INV
        409 not69 5 INV
        410 not70 7 INV
        411 not71 5 INV
        412 not72 6 INV
        413 not73 7 INV
        414 not74 8 INV
        415 not75 9 INV
        416 not76 9 INV
        417 not77 8 INV
        418 not78 8 INV
        419 not79 9 INV
        420 not80 5 INV
        421 not81 9 INV
        422 not82 8 INV
        423 not83 6 INV
        424 not84 5 INV
        425 not85 8 INV
        426 not86 4 INV
        427 not87 8 INV
        428 not88 8 INV
        429 not89 3 INV
        430 not90 10 INV
        431 not91 11 INV
        432 not92 11 INV
        433 not93 10 INV
        434 not94 10 INV
        435 not95 11 INV
        436 not96 11 INV
        437 not97 3 INV
        438 not98 10 INV
        439 not99 3 INV
        440 not100 10 INV
        441 not101 9 INV
        442 not102 8 INV
        443 not103 9 INV
        444 not104 10 INV
        445 not105 9 INV
        446 not106 9 INV
        447 not107 7 INV
        448 not108 6 INV
        449 not109 6 INV
        450 not110 5 INV
        451 not111 5 INV
        452 not112 6 INV
        453 not113 5 INV
        454 not114 5 INV
        455 not115 5 INV
        456 not116 5 INV
        457 not117 4 INV
        458 not118 4 INV
        459 not119 4 INV
        460 not120 4 INV
    ]
    edge:
    [
        2 250
        11 251
        11 252
        11 253
        12 254
        12 255
        12 256
        13 257
        13 258
        3 259
        3 261
        3 262
        22 263
        22 264
        4 265
        4 266
        5 267
        5 268
        5 269
        6 270
        6 272
        6 273
        7 274
        7 275
        7 276
        8 277
        8 278
        8 279
        9 280
        9 281
        9 283
        10 284
        10 285
        10 286
        2 337
        252 341
        341 91
        257 91
        284 97
        254 97
        257 342
        342 141
        4 141
        337 142
        265 142
        255 142
        265 170
        258 170
        266 343
        343 171
        250 171
        256 171
        256 186
        272 186
        258 188
        272 188
        272 190
        250 190
        273 192
        266 192
        251 287
        252 288
        253 289
        254 290
        259 291
        259 292
        259 294
        261 295
        261 296
        261 297
        262 298
        262 299
        262 300
        267 301
        267 302
        267 303
        268 305
        268 306
        268 307
        269 308
        269 309
        269 310
        270 311
        274 312
        274 313
        275 314
        275 316
        276 317
        276 318
        277 319
        277 320
        277 321
        278 322
        278 323
        278 324
        279 325
        279 327
        279 328
        280 329
        280 330
        281 331
        283 332
        284 333
        284 334
        285 335
        286 336
        329 48
        285 48
        301 53
        329 53
        335 344
        344 69
        290 69
        335 345
        345 70
        330 70
        252 70
        292 72
        313 72
        18 72
        313 346
        346 73
        292 73
        26 73
        333 75
        287 75
        251 347
        347 92
        333 92
        254 92
        292 94
        313 94
        19 94
        275 348
        348 95
        294 95
        27 95
        333 349
        349 98
        319 98
        251 98
        319 103
        280 103
        287 117
        13 117
        255 350
        350 118
        337 118
        288 118
        294 120
        314 120
        20 120
        314 351
        351 121
        294 121
        28 121
        142 352
        352 143
        141 143
        295 144
        314 144
        21 144
        316 353
        353 145
        1 145
        295 145
        287 354
        354 147
        2 147
        290 147
        281 152
        288 152
        331 355
        355 153
        321 153
        335 153
        336 356
        356 168
        324 168
        283 168
        170 172
        171 172
        328 178
        270 178
        332 180
        270 180
        336 182
        311 182
        289 184
        311 184
        256 187
        26 187
        186 187
        258 189
        27 189
        188 189
        250 191
        28 191
        190 191
        1 193
        266 193
        192 193
        321 194
        302 194
        316 197
        14 197
        303 357
        357 200
        322 200
        296 358
        358 204
        276 204
        263 204
        296 359
        359 206
        303 206
        302 209
        322 209
        316 360
        360 210
        263 210
        322 361
        361 213
        303 213
        305 362
        362 219
        331 219
        323 363
        363 220
        296 220
        305 220
        317 364
        364 222
        297 222
        297 225
        318 225
        299 228
        283 228
        331 365
        365 231
        286 231
        291 232
        274 232
        16 232
        312 366
        366 233
        291 233
        24 233
        320 367
        367 236
        301 236
        329 236
        291 338
        295 339
        298 340
        48 368
        368 49
        253 49
        338 50
        312 50
        17 50
        312 369
        369 51
        338 51
        25 51
        334 54
        53 54
        70 370
        370 71
        69 71
        72 74
        73 74
        53 76
        75 76
        92 371
        371 93
        91 93
        94 96
        95 96
        97 99
        98 99
        306 111
        103 111
        117 372
        372 119
        118 119
        120 122
        121 122
        92 123
        117 123
        334 127
        103 127
        144 146
        145 146
        117 148
        147 148
        152 154
        153 154
        152 373
        373 169
        168 169
        310 173
        172 173
        328 179
        264 179
        178 179
        332 181
        23 181
        180 181
        336 183
        24 183
        182 183
        289 185
        25 185
        184 185
        194 374
        374 195
        317 195
        264 195
        14 375
        375 198
        22 198
        194 198
        325 201
        197 201
        200 201
        339 376
        376 203
        14 203
        307 207
        325 207
        206 207
        325 377
        377 214
        197 214
        213 214
        219 221
        220 221
        222 378
        378 223
        317 223
        23 223
        15 379
        379 226
        318 226
        225 226
        232 234
        233 234
        53 249
        103 260
        206 293
        209 304
        209 315
        209 326
        50 52
        51 52
        320 380
        380 77
        249 77
        74 77
        298 80
        74 80
        255 82
        74 82
        330 100
        99 100
        301 381
        381 101
        281 101
        96 101
        340 382
        382 104
        96 104
        257 107
        96 107
        249 124
        123 124
        321 383
        383 125
        249 125
        122 125
        340 384
        384 128
        122 128
        337 131
        122 131
        306 135
        127 135
        148 385
        385 149
        146 149
        302 150
        127 150
        146 150
        307 162
        154 162
        300 174
        310 174
        169 174
        310 176
        273 176
        293 176
        318 386
        386 196
        195 196
        198 387
        387 199
        263 199
        203 205
        204 205
        304 211
        339 211
        221 388
        388 224
        222 224
        223 224
        326 389
        389 229
        332 229
        228 229
        319 390
        390 235
        234 235
        297 239
        234 239
        286 241
        234 241
        127 271
        146 282
        320 391
        391 55
        285 55
        52 55
        298 58
        52 58
        253 60
        52 60
        76 392
        392 78
        77 78
        71 393
        393 83
        82 83
        82 394
        394 86
        315 86
        100 395
        395 102
        101 102
        93 396
        396 108
        107 108
        107 397
        397 112
        111 112
        124 398
        398 126
        125 126
        119 399
        399 132
        131 132
        131 400
        400 136
        135 136
        150 401
        401 151
        149 151
        299 402
        402 155
        282 155
        265 158
        282 158
        173 403
        403 175
        174 175
        200 404
        404 202
        199 202
        201 202
        206 405
        405 208
        205 208
        207 208
        304 406
        406 212
        210 212
        211 212
        226 407
        407 227
        224 227
        225 227
        236 408
        408 237
        235 237
        231 409
        409 242
        241 242
        241 410
        410 245
        304 245
        54 411
        411 56
        55 56
        49 412
        412 61
        60 61
        60 413
        413 64
        315 64
        308 79
        78 79
        78 414
        414 84
        324 84
        102 415
        415 105
        260 105
        102 416
        416 109
        305 109
        126 417
        417 129
        271 129
        126 418
        418 133
        306 133
        151 419
        419 156
        154 156
        143 420
        420 159
        158 159
        151 421
        421 160
        307 160
        158 422
        422 163
        162 163
        293 423
        423 177
        175 177
        176 177
        213 424
        424 215
        212 215
        214 215
        202 425
        425 217
        196 217
        208 217
        228 426
        426 230
        227 230
        229 230
        308 238
        237 238
        237 427
        427 243
        323 243
        308 57
        56 57
        56 428
        428 62
        323 62
        300 429
        429 81
        79 81
        80 81
        84 430
        430 85
        327 85
        83 85
        105 431
        431 106
        260 106
        104 106
        109 432
        432 110
        309 110
        108 110
        129 433
        433 130
        271 130
        128 130
        133 434
        434 134
        309 134
        132 134
        156 435
        435 157
        154 157
        155 157
        160 436
        436 161
        309 161
        159 161
        202 216
        215 216
        299 437
        437 240
        238 240
        239 240
        243 438
        438 244
        327 244
        242 244
        300 439
        439 59
        57 59
        58 59
        62 440
        440 63
        327 63
        61 63
        86 441
        441 87
        326 87
        85 87
        112 442
        442 113
        110 113
        111 113
        136 443
        443 137
        134 137
        135 137
        163 444
        444 164
        161 164
        162 164
        216 218
        217 218
        245 445
        445 246
        315 246
        244 246
        64 446
        446 65
        326 65
        63 65
        81 88
        87 88
        71 447
        447 89
        78 89
        87 89
        106 114
        113 114
        93 448
        448 115
        102 115
        113 115
        130 138
        137 138
        119 449
        449 139
        126 139
        137 139
        157 165
        164 165
        143 450
        450 166
        151 166
        164 166
        240 247
        246 247
        231 451
        451 248
        237 248
        246 248
        247 47
        248 47
        59 66
        65 66
        49 452
        452 67
        56 67
        65 67
        88 90
        89 90
        114 116
        115 116
        138 140
        139 140
        165 167
        166 167
        66 68
        67 68
        179 453
        453 29
        181 454
        454 30
        183 455
        455 31
        185 456
        456 32
        187 457
        457 33
        189 458
        458 34
        191 459
        459 35
        193 460
        460 36
        273 37
        218 38
        230 39
        47 40
        68 41
        90 42
        116 43
        140 44
        167 45
        177 46
    ]
]
