circuit_name:chtnew_processed
[
    node:
    [
        1 x0 0 PI
        2 x1 0 PI
        3 x2 0 PI
        4 x3 0 PI
        5 x4 0 PI
        6 x5 0 PI
        7 x6 0 PI
        8 x7 0 PI
        9 x8 0 PI
        10 x9 0 PI
        11 x10 0 PI
        12 x11 0 PI
        13 x12 0 PI
        14 x13 0 PI
        15 x14 0 PI
        16 x15 0 PI
        17 x16 0 PI
        18 x17 0 PI
        19 x18 0 PI
        20 x19 0 PI
        21 x20 0 PI
        22 x21 0 PI
        23 x22 0 PI
        24 x23 0 PI
        25 x24 0 PI
        26 x25 0 PI
        27 x26 0 PI
        28 x27 0 PI
        29 x28 0 PI
        30 x29 0 PI
        31 x30 0 PI
        32 x31 0 PI
        33 x32 0 PI
        34 x33 0 PI
        35 x34 0 PI
        36 x35 0 PI
        37 x36 0 PI
        38 x37 0 PI
        39 x38 0 PI
        40 x39 0 PI
        41 x40 0 PI
        42 x41 0 PI
        43 x42 0 PI
        44 x43 0 PI
        45 x44 0 PI
        46 x45 0 PI
        47 x46 0 PI
        48 y0 7 PO
        49 y1 10 PO
        50 y2 10 PO
        51 y3 7 PO
        52 y4 9 PO
        53 y5 7 PO
        54 y6 7 PO
        55 y7 10 PO
        56 y8 7 PO
        57 y9 9 PO
        58 y10 7 PO
        59 y11 10 PO
        60 y12 7 PO
        61 y13 7 PO
        62 y14 7 PO
        63 y15 7 PO
        64 y16 7 PO
        65 y17 7 PO
        66 y18 7 PO
        67 y19 7 PO
        68 y20 7 PO
        69 y21 7 PO
        70 y22 7 PO
        71 y23 7 PO
        72 y24 7 PO
        73 y25 7 PO
        74 y26 7 PO
        75 y27 7 PO
        76 y28 7 PO
        77 y29 7 PO
        78 y30 7 PO
        79 y31 10 PO
        80 y32 11 PO
        81 y33 7 PO
        82 y34 7 PO
        83 y35 9 PO
        84 n100 5 AND
        85 n101 4 MAJ
        86 n102 6 AND
        87 n103 3 AND
        88 n104 5 AND
        89 n105 5 MAJ
        90 n106 6 AND
        91 n107 7 OR
        92 n108 8 OR
        93 n109 4 MAJ
        94 n110 5 MAJ
        95 n111 6 AND
        96 n112 5 MAJ
        97 n113 7 AND
        98 n114 2 AND
        99 n115 5 AND
        100 n116 4 MAJ
        101 n117 6 AND
        102 n118 8 OR
        103 n119 9 OR
        104 n120 4 MAJ
        105 n121 5 MAJ
        106 n122 6 AND
        107 n123 4 MAJ
        108 n124 5 MAJ
        109 n125 6 AND
        110 n126 4 MAJ
        111 n127 5 MAJ
        112 n128 6 AND
        113 n129 4 MAJ
        114 n130 5 MAJ
        115 n131 6 AND
        116 n132 4 MAJ
        117 n133 5 MAJ
        118 n134 6 AND
        119 n135 4 MAJ
        120 n136 5 MAJ
        121 n137 6 AND
        122 n138 4 MAJ
        123 n139 5 MAJ
        124 n140 6 AND
        125 n141 4 MAJ
        126 n142 5 MAJ
        127 n143 6 AND
        128 n144 4 MAJ
        129 n145 5 MAJ
        130 n146 6 AND
        131 n147 4 MAJ
        132 n148 5 MAJ
        133 n149 6 AND
        134 n150 4 MAJ
        135 n151 5 MAJ
        136 n152 6 AND
        137 n153 4 MAJ
        138 n154 5 MAJ
        139 n155 6 AND
        140 n156 4 MAJ
        141 n157 5 MAJ
        142 n158 6 AND
        143 n159 4 MAJ
        144 n160 5 MAJ
        145 n161 6 AND
        146 n162 4 MAJ
        147 n163 5 MAJ
        148 n164 6 AND
        149 n165 4 MAJ
        150 n166 5 MAJ
        151 n167 6 AND
        152 n168 4 MAJ
        153 n169 5 MAJ
        154 n170 6 AND
        155 n171 5 MAJ
        156 n172 4 MAJ
        157 n173 6 AND
        158 n174 5 MAJ
        159 n175 4 MAJ
        160 n176 6 AND
        161 n177 5 AND
        162 n178 5 MAJ
        163 n179 7 AND
        164 n180 3 AND
        165 n181 5 AND
        166 n182 5 AND
        167 n183 5 MAJ
        168 n184 6 AND
        169 n185 8 OR
        170 n186 9 OR
        171 n187 3 MAJ
        172 n188 6 AND
        173 n189 4 MAJ
        174 n190 6 AND
        175 n191 5 AND
        176 n192 3 MAJ
        177 n193 6 AND
        178 n194 4 AND
        179 n195 6 MAJ
        180 n196 7 MAJ
        181 n197 3 MAJ
        182 n198 6 AND
        183 n199 3 MAJ
        184 n200 6 AND
        185 n201 7 OR
        186 n202 7 MAJ
        187 n203 8 OR
        188 n204 9 OR
        189 n205 8 MAJ
        190 n206 10 OR
        191 n207 5 MAJ
        192 n208 4 MAJ
        193 n209 6 AND
        194 n210 4 MAJ
        195 n211 5 MAJ
        196 n212 6 AND
        197 n213 4 MAJ
        198 n214 6 AND
        199 n215 3 AND
        200 n216 5 AND
        201 n217 5 MAJ
        202 n218 6 AND
        203 n219 7 OR
        204 n220 8 OR
        205 n48 4 MAJ
        206 n49 5 MAJ
        207 n50 6 AND
        208 n51 5 AND
        209 n52 5 MAJ
        210 n53 7 AND
        211 n54 3 AND
        212 n55 5 AND
        213 n56 5 AND
        214 n57 4 MAJ
        215 n58 6 AND
        216 n59 8 OR
        217 n60 9 OR
        218 n61 5 AND
        219 n62 5 MAJ
        220 n63 7 AND
        221 n64 3 AND
        222 n65 5 AND
        223 n66 4 MAJ
        224 n67 6 AND
        225 n68 8 OR
        226 n69 9 OR
        227 n70 4 MAJ
        228 n71 5 MAJ
        229 n72 6 AND
        230 n73 4 MAJ
        231 n74 6 AND
        232 n75 3 AND
        233 n76 5 AND
        234 n77 5 AND
        235 n78 4 MAJ
        236 n79 6 AND
        237 n80 7 OR
        238 n81 8 OR
        239 n82 4 MAJ
        240 n83 5 MAJ
        241 n84 6 AND
        242 n85 4 MAJ
        243 n86 5 MAJ
        244 n87 6 AND
        245 n88 5 AND
        246 n89 5 MAJ
        247 n90 7 AND
        248 n91 5 AND
        249 n92 5 MAJ
        250 n93 6 AND
        251 n94 8 OR
        252 n95 8 MAJ
        253 n96 9 OR
        254 n97 4 MAJ
        255 n98 5 MAJ
        256 n99 6 AND
        257 v1 1 VIR
        258 v10 1 VIR
        259 v11 1 VIR
        260 v12 1 VIR
        261 v13 1 VIR
        262 v14 1 VIR
        263 v15 1 VIR
        264 v16 1 VIR
        265 v17 1 VIR
        266 v18 1 VIR
        267 v19 1 VIR
        268 v2 1 VIR
        269 v20 1 VIR
        270 v21 1 VIR
        271 v22 1 VIR
        272 v23 1 VIR
        273 v24 1 VIR
        274 v25 1 VIR
        275 v26 1 VIR
        276 v27 1 VIR
        277 v28 2 VIR
        278 v29 2 VIR
        279 v3 1 VIR
        280 v30 2 VIR
        281 v31 2 VIR
        282 v32 2 VIR
        283 v33 2 VIR
        284 v34 2 VIR
        285 v35 2 VIR
        286 v36 2 VIR
        287 v37 2 VIR
        288 v38 2 VIR
        289 v39 2 VIR
        290 v4 1 VIR
        291 v40 2 VIR
        292 v41 2 VIR
        293 v42 2 VIR
        294 v43 2 VIR
        295 v44 2 VIR
        296 v45 2 VIR
        297 v46 2 VIR
        298 v47 2 VIR
        299 v48 2 VIR
        300 v49 2 VIR
        301 v5 1 VIR
        302 v50 2 VIR
        303 v51 2 VIR
        304 v52 2 VIR
        305 v53 2 VIR
        306 v54 2 VIR
        307 v55 2 VIR
        308 v56 2 VIR
        309 v57 2 VIR
        310 v58 2 VIR
        311 v59 2 VIR
        312 v6 1 VIR
        313 v60 2 VIR
        314 v61 2 VIR
        315 v62 2 VIR
        316 v63 2 VIR
        317 v64 3 VIR
        318 v65 3 VIR
        319 v66 3 VIR
        320 v67 3 VIR
        321 v68 3 VIR
        322 v69 3 VIR
        323 v7 1 VIR
        324 v70 3 VIR
        325 v71 3 VIR
        326 v72 3 VIR
        327 v73 3 VIR
        328 v74 3 VIR
        329 v75 3 VIR
        330 v76 3 VIR
        331 v77 3 VIR
        332 v78 3 VIR
        333 v79 3 VIR
        334 v8 1 VIR
        335 v80 3 VIR
        336 v81 3 VIR
        337 v82 3 VIR
        338 v83 3 VIR
        339 v84 3 VIR
        340 v85 3 VIR
        341 v86 3 VIR
        342 v87 3 VIR
        343 v88 3 VIR
        344 v89 3 VIR
        345 v9 1 VIR
        346 v90 3 VIR
        347 v91 3 VIR
        348 v92 3 VIR
        349 v93 3 VIR
        350 v94 3 VIR
        351 v95 3 VIR
        352 v96 3 VIR
        353 v97 3 VIR
        354 v98 3 VIR
        355 not1 2 INV
        356 not2 2 INV
        357 not3 3 INV
        358 not4 3 INV
        359 not5 2 INV
        360 not6 3 INV
        361 not7 2 INV
        362 not8 3 INV
        363 not9 3 INV
        364 not10 3 INV
        365 not11 3 INV
        366 not12 3 INV
        367 not13 3 INV
        368 not14 4 INV
        369 not15 4 INV
        370 not16 4 INV
        371 not17 1 INV
        372 not18 4 INV
        373 not19 4 INV
        374 not20 4 INV
        375 not21 1 INV
        376 not22 4 INV
        377 not23 1 INV
        378 not24 4 INV
        379 not25 1 INV
        380 not26 4 INV
        381 not27 1 INV
        382 not28 4 INV
        383 not29 1 INV
        384 not30 4 INV
        385 not31 1 INV
        386 not32 4 INV
        387 not33 1 INV
        388 not34 4 INV
        389 not35 1 INV
        390 not36 4 INV
        391 not37 1 INV
        392 not38 4 INV
        393 not39 1 INV
        394 not40 4 INV
        395 not41 2 INV
        396 not42 4 INV
        397 not43 1 INV
        398 not44 4 INV
        399 not45 1 INV
        400 not46 4 INV
        401 not47 1 INV
        402 not48 4 INV
        403 not49 1 INV
        404 not50 4 INV
        405 not51 2 INV
        406 not52 4 INV
        407 not53 1 INV
        408 not54 4 INV
        409 not55 4 INV
        410 not56 1 INV
        411 not57 4 INV
        412 not58 1 INV
        413 not59 4 INV
        414 not60 4 INV
        415 not61 4 INV
        416 not62 4 INV
        417 not63 4 INV
        418 not64 4 INV
        419 not65 4 INV
        420 not66 1 INV
        421 not67 1 INV
        422 not68 4 INV
        423 not69 4 INV
        424 not70 4 INV
        425 not71 1 INV
        426 not72 4 INV
        427 not73 4 INV
        428 not74 4 INV
        429 not75 4 INV
        430 not76 4 INV
        431 not77 4 INV
        432 not78 4 INV
        433 not79 4 INV
        434 not80 1 INV
        435 not81 4 INV
        436 not82 4 INV
        437 not83 4 INV
        438 not84 1 INV
        439 not85 4 INV
        440 not86 1 INV
        441 not87 4 INV
        442 not88 4 INV
        443 not89 4 INV
        444 not90 4 INV
        445 not91 4 INV
        446 not92 1 INV
        447 not93 4 INV
        448 not94 5 INV
        449 not95 5 INV
        450 not96 6 INV
        451 not97 5 INV
        452 not98 5 INV
        453 not99 5 INV
        454 not100 5 INV
        455 not101 5 INV
        456 not102 5 INV
        457 not103 5 INV
        458 not104 5 INV
        459 not105 5 INV
        460 not106 5 INV
        461 not107 5 INV
        462 not108 5 INV
        463 not109 5 INV
        464 not110 5 INV
        465 not111 5 INV
        466 not112 5 INV
        467 not113 5 INV
        468 not114 5 INV
        469 not115 5 INV
        470 not116 6 INV
        471 not117 5 INV
        472 not118 4 INV
        473 not119 5 INV
        474 not120 5 INV
        475 not121 5 INV
        476 not122 5 INV
        477 not123 6 INV
        478 not124 6 INV
        479 not125 5 INV
        480 not126 5 INV
        481 not127 5 INV
        482 not128 5 INV
        483 not129 6 INV
        484 not130 5 INV
        485 not131 5 INV
        486 not132 4 INV
        487 not133 4 INV
        488 not134 7 INV
    ]
    edge:
    [
        1 257
        28 258
        29 259
        30 260
        32 261
        34 262
        36 263
        41 264
        41 265
        41 266
        42 267
        1 268
        42 269
        42 270
        43 271
        43 272
        43 273
        44 274
        44 275
        44 276
        1 279
        25 290
        26 301
        26 312
        27 323
        28 334
        28 345
        279 98
        263 98
        301 355
        355 181
        257 181
        25 181
        301 356
        356 183
        290 183
        334 183
        257 277
        257 278
        264 280
        265 281
        266 282
        267 283
        267 284
        267 285
        268 286
        268 287
        269 288
        269 289
        269 291
        270 292
        270 293
        270 294
        271 295
        271 296
        271 297
        272 298
        272 299
        272 300
        273 302
        273 303
        273 304
        274 305
        274 306
        274 307
        275 308
        275 309
        275 310
        276 311
        276 313
        276 314
        279 315
        279 316
        297 357
        357 85
        287 85
        36 85
        287 87
        262 87
        299 358
        358 100
        263 100
        38 100
        315 164
        301 164
        258 359
        359 171
        312 171
        296 171
        297 360
        360 173
        315 173
        312 173
        334 361
        361 176
        277 176
        295 176
        277 362
        362 178
        345 178
        295 363
        363 197
        316 197
        259 197
        316 199
        323 199
        278 211
        30 211
        299 364
        364 214
        260 214
        261 214
        278 221
        261 221
        298 365
        365 223
        261 223
        262 223
        296 366
        366 230
        268 230
        260 230
        286 232
        29 232
        298 367
        367 235
        259 235
        260 235
        283 317
        295 318
        296 319
        297 320
        298 321
        299 322
        302 324
        303 325
        305 326
        305 327
        305 328
        306 329
        306 330
        306 331
        307 332
        307 333
        307 335
        308 336
        308 337
        308 338
        309 339
        309 340
        309 341
        310 342
        310 343
        310 344
        311 346
        311 347
        311 348
        313 349
        313 350
        313 351
        314 352
        314 353
        314 354
        328 368
        368 84
        36 84
        331 369
        369 88
        87 88
        321 370
        370 89
        262 89
        263 89
        17 371
        371 93
        284 93
        335 93
        336 372
        372 94
        15 94
        285 94
        320 373
        373 96
        287 96
        38 96
        330 374
        374 99
        98 99
        15 375
        375 104
        285 104
        336 104
        336 376
        376 105
        13 105
        285 105
        21 377
        377 107
        288 107
        337 107
        337 378
        378 108
        19 108
        288 108
        19 379
        379 110
        288 110
        337 110
        338 380
        380 111
        17 111
        289 111
        4 381
        381 113
        289 113
        338 113
        339 382
        382 114
        2 114
        289 114
        2 383
        383 116
        291 116
        339 116
        339 384
        384 117
        21 117
        291 117
        8 385
        385 119
        291 119
        340 119
        340 386
        386 120
        6 120
        292 120
        6 387
        387 122
        292 122
        340 122
        341 388
        388 123
        4 123
        292 123
        12 389
        389 125
        293 125
        341 125
        342 390
        390 126
        10 126
        293 126
        10 391
        391 128
        293 128
        342 128
        342 392
        392 129
        8 129
        294 129
        16 393
        393 131
        304 131
        343 131
        343 394
        394 132
        14 132
        325 132
        258 395
        395 134
        294 134
        343 134
        344 396
        396 135
        12 135
        294 135
        20 397
        397 137
        325 137
        344 137
        346 398
        398 138
        18 138
        303 138
        18 399
        399 140
        303 140
        346 140
        346 400
        400 141
        16 141
        304 141
        23 401
        401 143
        324 143
        347 143
        347 402
        402 144
        22 144
        304 144
        22 403
        403 146
        300 146
        351 146
        348 404
        404 147
        20 147
        300 147
        290 405
        405 149
        300 149
        348 149
        349 406
        406 150
        24 150
        302 150
        24 407
        407 152
        302 152
        349 152
        349 408
        408 153
        23 153
        324 153
        350 409
        409 155
        265 155
        45 155
        37 410
        410 156
        265 156
        350 156
        350 411
        411 158
        281 158
        46 158
        39 412
        412 159
        281 159
        354 159
        329 413
        413 161
        27 161
        320 414
        414 162
        315 162
        27 162
        332 415
        415 165
        164 165
        326 416
        416 166
        26 166
        322 417
        417 167
        312 167
        323 167
        326 418
        418 175
        25 175
        353 419
        419 191
        266 191
        47 191
        40 420
        420 192
        266 192
        353 192
        31 421
        421 194
        282 194
        353 194
        354 422
        422 195
        316 195
        282 195
        332 423
        423 200
        199 200
        321 424
        424 201
        323 201
        259 201
        33 425
        425 205
        264 205
        352 205
        347 426
        426 206
        3 206
        264 206
        327 427
        427 208
        32 208
        318 428
        428 209
        277 209
        32 209
        330 429
        429 212
        211 212
        327 430
        430 213
        30 213
        328 431
        431 218
        34 218
        318 432
        432 219
        278 219
        34 219
        330 433
        433 222
        221 222
        9 434
        434 227
        283 227
        351 227
        352 435
        435 228
        7 228
        283 228
        331 436
        436 233
        232 233
        327 437
        437 234
        29 234
        35 438
        438 239
        280 239
        352 239
        332 439
        439 240
        5 240
        280 240
        13 440
        440 242
        317 242
        333 242
        333 441
        441 243
        11 243
        317 243
        326 442
        442 245
        334 245
        319 443
        443 246
        286 246
        345 246
        329 444
        444 248
        38 248
        329 445
        445 249
        286 249
        345 249
        11 446
        446 254
        284 254
        333 254
        335 447
        447 255
        9 255
        284 255
        85 448
        448 86
        84 86
        218 90
        89 90
        93 449
        449 95
        94 95
        96 450
        450 97
        248 97
        84 101
        100 101
        104 451
        451 106
        105 106
        107 452
        452 109
        108 109
        110 453
        453 112
        111 112
        113 454
        454 115
        114 115
        116 455
        455 118
        117 118
        119 456
        456 121
        120 121
        122 457
        457 124
        123 124
        125 458
        458 127
        126 127
        128 459
        459 130
        129 130
        131 460
        460 133
        132 133
        134 461
        461 136
        135 136
        137 462
        462 139
        138 139
        140 463
        463 142
        141 142
        143 464
        464 145
        144 145
        146 465
        465 148
        147 148
        149 466
        466 151
        150 151
        152 467
        467 154
        153 154
        156 468
        468 157
        155 157
        159 469
        469 160
        158 160
        162 470
        470 163
        161 163
        166 168
        167 168
        245 172
        171 172
        173 471
        471 174
        166 174
        245 177
        176 177
        258 179
        175 179
        178 179
        181 472
        472 182
        175 182
        166 184
        183 184
        192 473
        473 193
        191 193
        194 474
        474 196
        195 196
        197 475
        475 198
        234 198
        161 202
        201 202
        205 476
        476 207
        206 207
        209 477
        477 210
        208 210
        213 215
        214 215
        219 478
        478 220
        218 220
        208 224
        223 224
        227 479
        479 229
        228 229
        230 480
        480 231
        213 231
        234 236
        235 236
        239 481
        481 241
        240 241
        242 482
        482 244
        243 244
        246 483
        483 247
        245 247
        248 250
        249 250
        254 484
        484 256
        255 256
        86 91
        88 91
        97 102
        99 102
        163 169
        165 169
        178 485
        485 180
        177 180
        179 180
        182 185
        184 185
        319 486
        486 186
        175 186
        184 186
        198 203
        200 203
        210 216
        212 216
        220 225
        222 225
        231 237
        233 237
        247 251
        250 251
        322 487
        487 252
        247 252
        248 252
        90 92
        91 92
        101 103
        102 103
        168 170
        169 170
        185 187
        186 187
        174 488
        488 189
        172 189
        180 189
        202 204
        203 204
        215 217
        216 217
        224 226
        225 226
        236 238
        237 238
        251 253
        252 253
        174 188
        187 188
        188 190
        189 190
        207 48
        217 49
        226 50
        229 51
        238 52
        241 53
        244 54
        253 55
        256 56
        92 57
        95 58
        103 59
        106 60
        109 61
        112 62
        115 63
        118 64
        121 65
        124 66
        127 67
        130 68
        133 69
        136 70
        139 71
        142 72
        145 73
        148 74
        151 75
        154 76
        157 77
        160 78
        170 79
        190 80
        193 81
        196 82
        204 83
    ]
]
