circuit_name:cmbnew_processed
[
    node:
    [
        1 x0 0 PI
        2 x1 0 PI
        3 x2 0 PI
        4 x3 0 PI
        5 x4 0 PI
        6 x5 0 PI
        7 x6 0 PI
        8 x7 0 PI
        9 x8 0 PI
        10 x9 0 PI
        11 x10 0 PI
        12 x11 0 PI
        13 x12 0 PI
        14 x13 0 PI
        15 x14 0 PI
        16 x15 0 PI
        17 y0 8 PO
        18 y1 18 PO
        19 y2 20 PO
        20 y3 9 PO
        21 n17 2 AND
        22 n18 3 MAJ
        23 n19 4 AND
        24 n20 1 AND
        25 n21 2 MAJ
        26 n22 3 AND
        27 n23 4 AND
        28 n24 5 MAJ
        29 n25 6 AND
        30 n26 2 AND
        31 n27 7 AND
        32 n28 2 AND
        33 n29 1 AND
        34 n30 3 MAJ
        35 n31 2 AND
        36 n32 1 AND
        37 n33 3 MAJ
        38 n34 2 AND
        39 n35 1 AND
        40 n36 3 MAJ
        41 n37 4 OR
        42 n38 4 MAJ
        43 n39 5 OR
        44 n40 6 OR
        45 n41 6 MAJ
        46 n42 7 OR
        47 n43 1 OR
        48 n44 8 OR
        49 n45 9 AND
        50 n46 3 AND
        51 n47 10 AND
        52 n48 10 AND
        53 n49 11 OR
        54 n50 13 MAJ
        55 n51 14 OR
        56 n52 15 MAJ
        57 n53 16 AND
        58 n54 17 OR
        59 n55 18 AND
        60 n56 2 OR
        61 n57 3 MAJ
        62 n58 4 OR
        63 n59 2 OR
        64 n60 4 OR
        65 n61 5 OR
        66 n62 5 MAJ
        67 n63 6 OR
        68 n64 2 OR
        69 n65 7 OR
        70 v1 1 VIR
        71 v10 1 VIR
        72 v2 1 VIR
        73 v3 1 VIR
        74 v4 1 VIR
        75 v5 1 VIR
        76 v6 1 VIR
        77 v7 1 VIR
        78 v8 1 VIR
        79 v9 1 VIR
        80 not1 1 INV
        81 not2 1 INV
        82 not3 1 INV
        83 not4 1 INV
        84 not5 2 INV
        85 not6 2 INV
        86 not7 2 INV
        87 not8 2 INV
        88 not9 2 INV
        89 not10 2 INV
        90 not11 2 INV
        91 not12 2 INV
        92 not13 2 INV
        93 not14 1 INV
        94 not15 8 INV
        95 not16 12 INV
        96 not17 14 INV
        97 not18 15 INV
        98 not19 17 INV
        99 not20 19 INV
        100 not21 8 INV
    ]
    edge:
    [
        4 24
        6 24
        4 80
        80 25
        3 25
        5 25
        9 81
        81 32
        10 32
        11 33
        12 33
        1 82
        82 35
        6 35
        14 36
        15 36
        13 83
        83 38
        14 38
        15 39
        16 39
        8 47
        9 47
        11 70
        10 71
        12 72
        12 73
        13 74
        15 75
        16 76
        6 77
        8 78
        9 79
        78 21
        71 21
        78 84
        84 22
        7 22
        79 22
        24 26
        25 26
        70 30
        74 30
        33 85
        85 34
        72 34
        32 34
        36 86
        86 37
        75 37
        35 37
        39 87
        87 40
        16 40
        38 40
        79 88
        88 50
        77 50
        72 60
        14 60
        73 89
        89 61
        70 61
        74 61
        78 63
        71 63
        1 68
        75 68
        21 23
        22 23
        73 27
        26 27
        37 41
        40 41
        72 90
        90 42
        13 42
        40 42
        60 62
        61 62
        22 64
        63 64
        73 91
        91 28
        2 28
        23 28
        41 43
        42 43
        76 65
        64 65
        76 92
        92 66
        77 66
        62 66
        27 29
        28 29
        34 44
        43 44
        10 93
        93 45
        11 45
        43 45
        65 67
        66 67
        29 31
        30 31
        44 46
        45 46
        67 69
        68 69
        46 48
        47 48
        46 94
        94 49
        7 49
        49 51
        50 51
        8 52
        49 52
        48 53
        52 53
        53 95
        95 54
        77 54
        52 54
        51 55
        54 55
        54 96
        96 56
        7 56
        48 56
        55 97
        97 57
        56 57
        1 58
        57 58
        57 98
        98 59
        76 59
        31 17
        58 18
        59 99
        99 19
        69 100
        100 20
    ]
]
