circuit_name:compnew_processed
[
    node:
    [
        1 x0 0 PI
        2 x1 0 PI
        3 x2 0 PI
        4 x3 0 PI
        5 x4 0 PI
        6 x5 0 PI
        7 x6 0 PI
        8 x7 0 PI
        9 x8 0 PI
        10 x9 0 PI
        11 x10 0 PI
        12 x11 0 PI
        13 x12 0 PI
        14 x13 0 PI
        15 x14 0 PI
        16 x15 0 PI
        17 x16 0 PI
        18 x17 0 PI
        19 x18 0 PI
        20 x19 0 PI
        21 x20 0 PI
        22 x21 0 PI
        23 x22 0 PI
        24 x23 0 PI
        25 x24 0 PI
        26 x25 0 PI
        27 x26 0 PI
        28 x27 0 PI
        29 x28 0 PI
        30 x29 0 PI
        31 x30 0 PI
        32 x31 0 PI
        33 y0 21 PO
        34 y1 18 PO
        35 y2 19 PO
        36 n100 1 XOR
        37 n101 5 MAJ
        38 n102 7 AND
        39 n103 1 AND
        40 n104 3 MAJ
        41 n105 8 MAJ
        42 n106 3 AND
        43 n107 3 MAJ
        44 n108 5 AND
        45 n109 9 OR
        46 n110 6 MAJ
        47 n111 10 OR
        48 n112 4 MAJ
        49 n113 5 OR
        50 n114 1 XOR
        51 n115 11 MAJ
        52 n116 12 OR
        53 n117 13 OR
        54 n118 15 MAJ
        55 n119 16 OR
        56 n120 14 MAJ
        57 n121 15 AND
        58 n122 13 OR
        59 n123 14 MAJ
        60 n124 16 MAJ
        61 n125 17 OR
        62 n126 17 MAJ
        63 n127 18 OR
        64 n128 20 AND
        65 n33 1 XOR
        66 n34 1 XOR
        67 n35 2 MAJ
        68 n36 4 AND
        69 n37 1 XOR
        70 n38 5 MAJ
        71 n39 7 AND
        72 n40 1 AND
        73 n41 3 MAJ
        74 n42 8 MAJ
        75 n43 3 AND
        76 n44 3 MAJ
        77 n45 5 AND
        78 n46 9 OR
        79 n47 6 MAJ
        80 n48 10 OR
        81 n49 4 MAJ
        82 n50 5 OR
        83 n51 1 XOR
        84 n52 11 MAJ
        85 n53 12 OR
        86 n54 1 XOR
        87 n55 1 XOR
        88 n56 3 MAJ
        89 n57 4 AND
        90 n58 1 XOR
        91 n59 5 MAJ
        92 n60 7 AND
        93 n61 1 AND
        94 n62 3 MAJ
        95 n63 8 MAJ
        96 n64 3 AND
        97 n65 3 MAJ
        98 n66 5 AND
        99 n67 9 OR
        100 n68 6 MAJ
        101 n69 10 OR
        102 n70 4 MAJ
        103 n71 5 OR
        104 n72 1 XOR
        105 n73 11 MAJ
        106 n74 12 OR
        107 n75 1 XOR
        108 n76 1 XOR
        109 n77 3 MAJ
        110 n78 4 AND
        111 n79 1 XOR
        112 n80 5 MAJ
        113 n81 7 AND
        114 n82 1 AND
        115 n83 3 MAJ
        116 n84 8 MAJ
        117 n85 3 AND
        118 n86 3 MAJ
        119 n87 5 AND
        120 n88 9 OR
        121 n89 6 MAJ
        122 n90 10 OR
        123 n91 4 MAJ
        124 n92 5 OR
        125 n93 1 XOR
        126 n94 11 MAJ
        127 n95 12 OR
        128 n96 1 XOR
        129 n97 1 XOR
        130 n98 3 MAJ
        131 n99 4 AND
        132 v1 2 VIR
        133 v10 2 VIR
        134 v2 2 VIR
        135 v3 2 VIR
        136 v4 2 VIR
        137 v5 13 VIR
        138 v6 2 VIR
        139 v7 2 VIR
        140 v8 13 VIR
        141 v9 2 VIR
        142 not1 2 INV
        143 not2 2 INV
        144 not3 2 INV
        145 not4 2 INV
        146 not5 2 INV
        147 not6 2 INV
        148 not7 2 INV
        149 not8 2 INV
        150 not9 2 INV
        151 not10 2 INV
        152 not11 2 INV
        153 not12 3 INV
        154 not13 3 INV
        155 not14 3 INV
        156 not15 1 INV
        157 not16 3 INV
        158 not17 1 INV
        159 not18 3 INV
        160 not19 1 INV
        161 not20 4 INV
        162 not21 4 INV
        163 not22 4 INV
        164 not23 4 INV
        165 not24 6 INV
        166 not25 1 INV
        167 not26 6 INV
        168 not27 1 INV
        169 not28 6 INV
        170 not29 1 INV
        171 not30 6 INV
        172 not31 1 INV
        173 not32 2 INV
        174 not33 2 INV
        175 not34 2 INV
        176 not35 2 INV
        177 not36 6 INV
        178 not37 6 INV
        179 not38 6 INV
        180 not39 6 INV
        181 not40 14 INV
        182 not41 13 INV
        183 not42 14 INV
        184 not43 15 INV
        185 not44 14 INV
        186 not45 19 INV
        187 not46 17 INV
    ]
    edge:
    [
        28 36
        2 36
        17 39
        27 39
        29 50
        4 50
        30 65
        6 65
        31 66
        8 66
        32 69
        10 69
        8 72
        31 72
        12 83
        1 83
        22 86
        11 86
        23 87
        13 87
        24 90
        14 90
        13 93
        23 93
        25 104
        15 104
        18 107
        3 107
        19 108
        5 108
        20 111
        7 111
        5 114
        19 114
        21 125
        9 125
        26 128
        16 128
        27 129
        17 129
        128 142
        142 40
        27 40
        39 40
        129 143
        143 42
        28 42
        1 67
        12 67
        66 67
        65 144
        144 73
        31 73
        72 73
        66 145
        145 75
        32 75
        87 146
        146 88
        15 88
        25 88
        86 147
        147 94
        23 94
        93 94
        87 148
        148 96
        24 96
        108 149
        149 109
        9 109
        21 109
        107 150
        150 115
        19 115
        114 115
        108 151
        151 117
        20 117
        129 152
        152 130
        4 130
        29 130
        65 132
        129 133
        66 134
        86 135
        87 136
        107 138
        108 139
        128 141
        2 43
        28 43
        141 43
        133 153
        153 48
        141 48
        36 48
        67 154
        154 68
        1 68
        10 76
        32 76
        132 76
        134 155
        155 81
        132 81
        69 81
        15 156
        156 89
        88 89
        14 97
        24 97
        135 97
        136 157
        157 102
        135 102
        90 102
        9 158
        158 110
        109 110
        7 118
        20 118
        138 118
        139 159
        159 123
        138 123
        111 123
        4 160
        160 131
        130 131
        128 37
        131 37
        36 37
        43 161
        161 44
        42 44
        133 49
        48 49
        65 70
        68 70
        69 70
        76 162
        162 77
        75 77
        134 82
        81 82
        86 91
        89 91
        90 91
        97 163
        163 98
        96 98
        136 103
        102 103
        107 112
        110 112
        111 112
        118 164
        164 119
        117 119
        139 124
        123 124
        37 165
        165 38
        131 38
        16 166
        166 46
        26 46
        44 46
        70 167
        167 71
        68 71
        6 168
        168 79
        30 79
        77 79
        91 169
        169 92
        89 92
        11 170
        170 100
        22 100
        98 100
        112 171
        171 113
        110 113
        3 172
        172 121
        18 121
        119 121
        39 173
        173 41
        38 41
        40 41
        72 174
        174 74
        71 74
        73 74
        93 175
        175 95
        92 95
        94 95
        114 176
        176 116
        113 116
        115 116
        41 45
        44 45
        74 78
        77 78
        95 99
        98 99
        116 120
        119 120
        45 47
        46 47
        78 80
        79 80
        99 101
        100 101
        120 122
        121 122
        49 177
        177 51
        47 51
        50 51
        82 178
        178 84
        80 84
        83 84
        103 179
        179 105
        101 105
        104 105
        124 180
        180 126
        122 126
        125 126
        49 52
        51 52
        82 85
        84 85
        103 106
        105 106
        124 127
        126 127
        106 53
        52 53
        106 58
        47 58
        106 137
        127 140
        137 181
        181 54
        85 54
        140 54
        127 182
        182 56
        80 56
        137 56
        137 59
        127 59
        58 59
        53 55
        54 55
        53 183
        183 57
        56 57
        59 184
        184 60
        122 60
        58 60
        57 61
        60 61
        140 185
        185 62
        101 62
        60 62
        61 63
        62 63
        63 186
        186 64
        55 64
        64 33
        55 187
        187 34
        63 35
    ]
]
