circuit_name:countnew_processed
[
    node:
    [
        1 x0 0 PI
        2 x1 0 PI
        3 x2 0 PI
        4 x3 0 PI
        5 x4 0 PI
        6 x5 0 PI
        7 x6 0 PI
        8 x7 0 PI
        9 x8 0 PI
        10 x9 0 PI
        11 x10 0 PI
        12 x11 0 PI
        13 x12 0 PI
        14 x13 0 PI
        15 x14 0 PI
        16 x15 0 PI
        17 x16 0 PI
        18 x17 0 PI
        19 x18 0 PI
        20 x19 0 PI
        21 x20 0 PI
        22 x21 0 PI
        23 x22 0 PI
        24 x23 0 PI
        25 x24 0 PI
        26 x25 0 PI
        27 x26 0 PI
        28 x27 0 PI
        29 x28 0 PI
        30 x29 0 PI
        31 x30 0 PI
        32 x31 0 PI
        33 x32 0 PI
        34 x33 0 PI
        35 x34 0 PI
        36 y0 7 PO
        37 y1 9 PO
        38 y2 10 PO
        39 y3 8 PO
        40 y4 11 PO
        41 y5 12 PO
        42 y6 10 PO
        43 y7 13 PO
        44 y8 14 PO
        45 y9 12 PO
        46 y10 15 PO
        47 y11 16 PO
        48 y12 15 PO
        49 y13 18 PO
        50 y14 18 PO
        51 y15 18 PO
        52 n100 4 MAJ
        53 n101 12 MAJ
        54 n102 14 AND
        55 n103 2 MAJ
        56 n104 9 OR
        57 n105 11 XOR
        58 n106 3 XOR
        59 n107 12 MAJ
        60 n108 13 AND
        61 n109 11 OR
        62 n110 12 XOR
        63 n111 4 MAJ
        64 n112 14 MAJ
        65 n113 16 AND
        66 n114 10 OR
        67 n115 11 OR
        68 n116 12 XOR
        69 n117 4 MAJ
        70 n118 14 MAJ
        71 n119 16 AND
        72 n120 1 OR
        73 n121 10 OR
        74 n122 11 OR
        75 n123 12 XOR
        76 n124 4 MAJ
        77 n125 14 MAJ
        78 n126 16 AND
        79 n36 2 XOR
        80 n37 3 XOR
        81 n38 4 MAJ
        82 n39 5 AND
        83 n40 2 OR
        84 n41 3 XOR
        85 n42 4 MAJ
        86 n43 5 MAJ
        87 n44 7 AND
        88 n45 2 OR
        89 n46 3 OR
        90 n47 4 XOR
        91 n48 4 MAJ
        92 n49 6 MAJ
        93 n50 8 AND
        94 n51 1 OR
        95 n52 2 MAJ
        96 n53 3 OR
        97 n54 4 XOR
        98 n55 3 XOR
        99 n56 5 MAJ
        100 n57 6 AND
        101 n58 4 OR
        102 n59 5 XOR
        103 n60 4 MAJ
        104 n61 7 MAJ
        105 n62 9 AND
        106 n63 4 OR
        107 n64 5 OR
        108 n65 6 XOR
        109 n66 4 MAJ
        110 n67 8 MAJ
        111 n68 10 AND
        112 n69 2 MAJ
        113 n70 5 OR
        114 n71 6 XOR
        115 n72 3 XOR
        116 n73 7 MAJ
        117 n74 8 AND
        118 n75 6 OR
        119 n76 7 XOR
        120 n77 4 MAJ
        121 n78 9 MAJ
        122 n79 11 AND
        123 n80 6 OR
        124 n81 7 OR
        125 n82 8 XOR
        126 n83 4 MAJ
        127 n84 10 MAJ
        128 n85 12 AND
        129 n86 2 MAJ
        130 n87 7 OR
        131 n88 8 XOR
        132 n89 3 XOR
        133 n90 9 MAJ
        134 n91 10 AND
        135 n92 8 OR
        136 n93 9 XOR
        137 n94 4 MAJ
        138 n95 11 MAJ
        139 n96 13 AND
        140 n97 8 OR
        141 n98 9 OR
        142 n99 10 XOR
        143 v1 10 VIR
        144 v10 1 VIR
        145 v11 1 VIR
        146 v12 1 VIR
        147 v13 1 VIR
        148 v14 2 VIR
        149 v15 2 VIR
        150 v16 2 VIR
        151 v17 2 VIR
        152 v18 2 VIR
        153 v19 2 VIR
        154 v2 1 VIR
        155 v20 2 VIR
        156 v21 2 VIR
        157 v22 2 VIR
        158 v23 2 VIR
        159 v24 2 VIR
        160 v25 2 VIR
        161 v26 2 VIR
        162 v27 2 VIR
        163 v28 2 VIR
        164 v29 2 VIR
        165 v3 1 VIR
        166 v30 2 VIR
        167 v31 2 VIR
        168 v4 1 VIR
        169 v5 1 VIR
        170 v6 1 VIR
        171 v7 1 VIR
        172 v8 1 VIR
        173 v9 1 VIR
        174 not1 1 INV
        175 not2 1 INV
        176 not3 1 INV
        177 not4 1 INV
        178 not5 3 INV
        179 not6 3 INV
        180 not7 3 INV
        181 not8 3 INV
        182 not9 3 INV
        183 not10 3 INV
        184 not11 3 INV
        185 not12 3 INV
        186 not13 3 INV
        187 not14 3 INV
        188 not15 3 INV
        189 not16 4 INV
        190 not17 3 INV
        191 not18 6 INV
        192 not19 5 INV
        193 not20 3 INV
        194 not21 6 INV
        195 not22 7 INV
        196 not23 8 INV
        197 not24 7 INV
        198 not25 9 INV
        199 not26 3 INV
        200 not27 8 INV
        201 not28 10 INV
        202 not29 9 INV
        203 not30 11 INV
        204 not31 3 INV
        205 not32 10 INV
        206 not33 11 INV
        207 not34 12 INV
        208 not35 13 INV
        209 not36 3 INV
        210 not37 13 INV
        211 not38 13 INV
        212 not39 13 INV
        213 not40 15 INV
        214 not41 15 INV
        215 not42 15 INV
        216 not43 6 INV
        217 not44 8 INV
        218 not45 9 INV
        219 not46 7 INV
        220 not47 10 INV
        221 not48 11 INV
        222 not49 9 INV
        223 not50 12 INV
        224 not51 13 INV
        225 not52 11 INV
        226 not53 14 INV
        227 not54 15 INV
        228 not55 14 INV
        229 not56 17 INV
        230 not57 17 INV
        231 not58 17 INV
    ]
    edge:
    [
        9 174
        174 55
        8 55
        11 55
        13 72
        15 72
        10 94
        14 94
        10 175
        175 95
        5 95
        12 95
        18 176
        176 112
        16 112
        20 112
        4 177
        177 129
        2 129
        6 129
        7 144
        7 145
        8 146
        10 147
        2 154
        13 165
        16 168
        3 169
        3 170
        3 171
        5 172
        7 173
        147 79
        172 79
        5 83
        147 83
        147 88
        12 88
        94 96
        95 96
        144 148
        144 149
        144 150
        145 151
        145 152
        145 153
        169 155
        169 156
        169 157
        170 158
        170 159
        170 160
        171 161
        171 162
        171 163
        173 164
        173 166
        173 167
        149 178
        178 52
        161 52
        25 52
        24 58
        156 58
        150 179
        179 63
        162 63
        23 63
        151 180
        180 69
        162 69
        22 69
        151 181
        181 76
        163 76
        21 76
        155 80
        1 80
        83 84
        12 84
        164 182
        182 85
        156 85
        35 85
        172 89
        88 89
        164 183
        183 91
        157 91
        34 91
        96 97
        168 97
        33 98
        155 98
        16 101
        96 101
        166 184
        184 103
        158 103
        32 103
        18 106
        96 106
        167 185
        185 109
        158 109
        31 109
        30 115
        155 115
        167 186
        186 120
        159 120
        29 120
        148 187
        187 126
        160 126
        28 126
        27 132
        156 132
        149 188
        188 137
        160 137
        26 137
        1 81
        79 81
        80 81
        84 189
        189 86
        157 86
        164 86
        89 90
        14 90
        33 99
        97 99
        98 99
        101 102
        18 102
        168 107
        106 107
        106 113
        112 113
        152 190
        190 82
        81 82
        86 191
        191 87
        85 87
        90 192
        192 92
        157 92
        166 92
        152 193
        193 100
        99 100
        102 194
        194 104
        158 104
        166 104
        107 108
        20 108
        113 114
        154 114
        2 118
        113 118
        4 123
        113 123
        92 195
        195 93
        91 93
        104 196
        196 105
        103 105
        108 197
        197 110
        159 110
        167 110
        30 116
        114 116
        115 116
        118 119
        4 119
        154 124
        123 124
        123 130
        129 130
        110 198
        198 111
        109 111
        153 199
        199 117
        116 117
        119 200
        200 121
        159 121
        148 121
        124 125
        6 125
        130 131
        146 131
        8 135
        130 135
        9 140
        130 140
        140 56
        55 56
        121 201
        201 122
        120 122
        125 202
        202 127
        160 127
        148 127
        27 133
        131 133
        132 133
        135 136
        9 136
        146 141
        140 141
        15 66
        56 66
        56 73
        72 73
        127 203
        203 128
        126 128
        153 204
        204 134
        133 134
        136 205
        205 138
        161 138
        149 138
        141 142
        11 142
        56 143
        142 206
        206 53
        161 53
        150 53
        143 57
        165 57
        13 61
        143 61
        165 67
        66 67
        17 74
        73 74
        138 207
        207 139
        137 139
        53 208
        208 54
        52 54
        24 59
        57 59
        58 59
        61 62
        15 62
        67 68
        17 68
        74 75
        19 75
        153 209
        209 60
        59 60
        62 210
        210 64
        162 64
        150 64
        68 211
        211 70
        163 70
        151 70
        75 212
        212 77
        163 77
        152 77
        64 213
        213 65
        63 65
        70 214
        214 71
        69 71
        77 215
        215 78
        76 78
        82 216
        216 36
        87 217
        217 37
        93 218
        218 38
        100 219
        219 39
        105 220
        220 40
        111 221
        221 41
        117 222
        222 42
        122 223
        223 43
        128 224
        224 44
        134 225
        225 45
        139 226
        226 46
        54 227
        227 47
        60 228
        228 48
        65 229
        229 49
        71 230
        230 50
        78 231
        231 51
    ]
]
