circuit_name:ctrlnew_processed
[
    node:
    [
        1 x0 0 PI
        2 x1 0 PI
        3 x2 0 PI
        4 x3 0 PI
        5 x4 0 PI
        6 x5 0 PI
        7 x6 0 PI
        8 y0 10 PO
        9 y1 10 PO
        10 y2 8 PO
        11 y3 10 PO
        12 y4 12 PO
        13 y5 9 PO
        14 y6 8 PO
        15 y7 10 PO
        16 y8 8 PO
        17 y9 9 PO
        18 y10 10 PO
        19 y11 8 PO
        20 y12 10 PO
        21 y13 7 PO
        22 y14 6 PO
        23 y15 7 PO
        24 y16 10 PO
        25 y17 10 PO
        26 y18 7 PO
        27 y19 6 PO
        28 y20 11 PO
        29 y21 11 PO
        30 y22 10 PO
        31 y23 10 PO
        32 y24 9 PO
        33 n10 5 AND
        34 n100 5 AND
        35 n101 4 AND
        36 n102 5 AND
        37 n103 4 MAJ
        38 n104 6 AND
        39 n105 5 MAJ
        40 n106 6 AND
        41 n107 7 OR
        42 n108 4 MAJ
        43 n109 9 AND
        44 n11 4 MAJ
        45 n110 8 AND
        46 n111 9 AND
        47 n112 5 AND
        48 n113 4 MAJ
        49 n114 6 AND
        50 n115 4 AND
        51 n116 5 AND
        52 n117 4 MAJ
        53 n118 5 AND
        54 n119 3 AND
        55 n12 5 MAJ
        56 n120 6 MAJ
        57 n121 8 MAJ
        58 n122 4 OR
        59 n123 6 MAJ
        60 n124 6 AND
        61 n125 9 AND
        62 n126 10 MAJ
        63 n127 3 AND
        64 n128 5 AND
        65 n129 8 MAJ
        66 n13 6 AND
        67 n130 6 MAJ
        68 n131 9 AND
        69 n132 10 AND
        70 n133 6 AND
        71 n134 8 AND
        72 n135 9 MAJ
        73 n136 4 XOR
        74 n137 7 MAJ
        75 n138 9 AND
        76 n139 7 AND
        77 n14 7 XOR
        78 n140 8 AND
        79 n15 8 MAJ
        80 n16 9 OR
        81 n17 4 MAJ
        82 n18 5 MAJ
        83 n19 6 OR
        84 n20 7 XOR
        85 n21 4 OR
        86 n22 6 AND
        87 n23 8 XOR
        88 n24 9 MAJ
        89 n25 3 XOR
        90 n26 4 MAJ
        91 n27 5 MAJ
        92 n28 6 XOR
        93 n29 7 AND
        94 n30 5 AND
        95 n31 3 XOR
        96 n32 4 MAJ
        97 n33 6 MAJ
        98 n34 4 OR
        99 n35 7 XOR
        100 n36 9 MAJ
        101 n37 3 AND
        102 n38 6 AND
        103 n39 1 AND
        104 n40 3 OR
        105 n41 5 MAJ
        106 n42 6 AND
        107 n43 8 AND
        108 n44 9 MAJ
        109 n45 7 AND
        110 n46 10 XOR
        111 n47 11 MAJ
        112 n48 4 MAJ
        113 n49 5 AND
        114 n50 6 MAJ
        115 n51 7 MAJ
        116 n52 8 AND
        117 n53 3 AND
        118 n54 4 MAJ
        119 n55 5 OR
        120 n56 6 XOR
        121 n57 7 MAJ
        122 n58 3 OR
        123 n59 4 MAJ
        124 n60 6 MAJ
        125 n61 4 MAJ
        126 n62 3 AND
        127 n63 5 XOR
        128 n64 6 MAJ
        129 n65 7 AND
        130 n66 7 XOR
        131 n67 9 MAJ
        132 n68 3 OR
        133 n69 5 AND
        134 n70 6 MAJ
        135 n71 5 MAJ
        136 n72 7 AND
        137 n73 3 MAJ
        138 n74 4 MAJ
        139 n75 5 AND
        140 n76 6 XOR
        141 n77 7 XOR
        142 n78 8 MAJ
        143 n79 5 AND
        144 n8 3 AND
        145 n80 5 AND
        146 n81 6 MAJ
        147 n82 7 OR
        148 n83 7 XOR
        149 n84 9 MAJ
        150 n85 5 OR
        151 n86 4 MAJ
        152 n87 6 OR
        153 n88 4 OR
        154 n89 5 AND
        155 n9 4 MAJ
        156 n90 7 MAJ
        157 n91 4 AND
        158 n92 6 AND
        159 n93 7 MAJ
        160 n94 8 MAJ
        161 n95 9 OR
        162 n96 4 AND
        163 n97 4 MAJ
        164 n98 6 AND
        165 n99 3 MAJ
        166 v1 4 VIR
        167 v10 1 VIR
        168 v11 1 VIR
        169 v12 1 VIR
        170 v13 1 VIR
        171 v14 1 VIR
        172 v15 1 VIR
        173 v16 1 VIR
        174 v17 1 VIR
        175 v18 1 VIR
        176 v19 1 VIR
        177 v2 6 VIR
        178 v20 1 VIR
        179 v21 1 VIR
        180 v22 2 VIR
        181 v23 2 VIR
        182 v24 2 VIR
        183 v25 2 VIR
        184 v26 2 VIR
        185 v27 2 VIR
        186 v28 2 VIR
        187 v29 2 VIR
        188 v3 6 VIR
        189 v30 2 VIR
        190 v31 2 VIR
        191 v32 2 VIR
        192 v33 2 VIR
        193 v34 2 VIR
        194 v35 2 VIR
        195 v36 2 VIR
        196 v37 2 VIR
        197 v38 2 VIR
        198 v39 2 VIR
        199 v4 6 VIR
        200 v40 2 VIR
        201 v41 2 VIR
        202 v42 2 VIR
        203 v43 2 VIR
        204 v44 2 VIR
        205 v45 2 VIR
        206 v46 2 VIR
        207 v47 2 VIR
        208 v48 2 VIR
        209 v49 2 VIR
        210 v5 4 VIR
        211 v50 2 VIR
        212 v51 2 VIR
        213 v52 2 VIR
        214 v53 2 VIR
        215 v54 2 VIR
        216 v55 2 VIR
        217 v56 2 VIR
        218 v57 2 VIR
        219 v58 2 VIR
        220 v59 2 VIR
        221 v6 5 VIR
        222 v60 2 VIR
        223 v61 2 VIR
        224 v62 2 VIR
        225 v63 2 VIR
        226 v64 2 VIR
        227 v65 2 VIR
        228 v66 2 VIR
        229 v67 3 VIR
        230 v68 3 VIR
        231 v69 3 VIR
        232 v7 1 VIR
        233 v70 3 VIR
        234 v71 3 VIR
        235 v72 3 VIR
        236 v73 3 VIR
        237 v74 3 VIR
        238 v75 3 VIR
        239 v76 3 VIR
        240 v77 3 VIR
        241 v78 3 VIR
        242 v79 3 VIR
        243 v8 1 VIR
        244 v80 3 VIR
        245 v81 3 VIR
        246 v82 3 VIR
        247 v9 1 VIR
        248 not1 3 INV
        249 not2 3 INV
        250 not3 3 INV
        251 not4 3 INV
        252 not5 3 INV
        253 not6 1 INV
        254 not7 3 INV
        255 not8 3 INV
        256 not9 3 INV
        257 not10 3 INV
        258 not11 3 INV
        259 not12 4 INV
        260 not13 4 INV
        261 not14 4 INV
        262 not15 3 INV
        263 not16 3 INV
        264 not17 4 INV
        265 not18 3 INV
        266 not19 4 INV
        267 not20 3 INV
        268 not21 4 INV
        269 not22 3 INV
        270 not23 3 INV
        271 not24 4 INV
        272 not25 4 INV
        273 not26 3 INV
        274 not27 5 INV
        275 not28 5 INV
        276 not29 5 INV
        277 not30 5 INV
        278 not31 3 INV
        279 not32 5 INV
        280 not33 4 INV
        281 not34 5 INV
        282 not35 5 INV
        283 not36 5 INV
        284 not37 4 INV
        285 not38 3 INV
        286 not39 3 INV
        287 not40 5 INV
        288 not41 7 INV
        289 not42 7 INV
        290 not43 7 INV
        291 not44 3 INV
        292 not45 7 INV
        293 not46 4 INV
        294 not47 7 INV
        295 not48 3 INV
        296 not49 4 INV
        297 not50 6 INV
        298 not51 6 INV
        299 not52 8 INV
        300 not53 7 INV
        301 not54 7 INV
        302 not55 8 INV
        303 not56 3 INV
        304 not57 3 INV
        305 not58 8 INV
        306 not59 8 INV
        307 not60 8 INV
        308 not61 3 INV
        309 not62 7 INV
        310 not63 3 INV
        311 not64 7 INV
    ]
    edge:
    [
        6 103
        7 103
        2 167
        2 168
        2 169
        3 170
        3 171
        3 172
        4 173
        4 174
        4 175
        5 176
        5 178
        5 179
        1 232
        1 243
        1 247
        167 180
        167 181
        167 182
        168 183
        168 184
        168 185
        169 186
        169 187
        169 189
        170 190
        170 191
        170 192
        171 193
        171 194
        171 195
        172 196
        172 197
        172 198
        173 200
        173 201
        173 202
        174 203
        174 204
        174 205
        175 206
        175 207
        175 208
        176 209
        176 211
        176 212
        178 213
        178 214
        178 215
        179 216
        179 217
        179 218
        232 219
        232 220
        232 222
        243 223
        243 224
        243 225
        247 226
        247 227
        247 228
        213 248
        248 35
        203 35
        227 249
        249 37
        186 37
        196 37
        209 250
        250 44
        190 44
        200 44
        196 251
        251 48
        228 48
        187 48
        208 252
        252 50
        197 50
        223 54
        181 54
        7 253
        253 63
        214 63
        209 254
        254 81
        180 81
        200 81
        204 89
        182 89
        211 95
        202 95
        201 101
        6 101
        209 104
        103 104
        220 117
        212 117
        220 122
        212 122
        202 255
        255 125
        181 125
        212 125
        223 126
        205 126
        224 132
        205 132
        180 137
        201 137
        211 137
        204 144
        214 144
        189 256
        256 151
        226 151
        194 151
        218 257
        257 162
        195 162
        227 258
        258 163
        195 163
        208 163
        227 165
        195 165
        208 165
        180 229
        181 230
        182 231
        183 233
        184 234
        185 235
        186 236
        187 237
        189 238
        190 239
        193 240
        200 241
        201 242
        203 244
        204 245
        206 246
        165 259
        259 34
        162 34
        235 260
        260 36
        35 36
        244 261
        261 39
        222 39
        213 39
        228 42
        236 42
        196 42
        187 47
        35 47
        218 262
        262 51
        50 51
        213 263
        263 52
        244 52
        6 52
        229 264
        264 55
        242 55
        44 55
        144 58
        54 58
        233 73
        226 73
        219 265
        265 82
        242 82
        81 82
        246 85
        217 85
        223 90
        182 90
        245 90
        246 266
        266 94
        216 94
        211 267
        267 96
        219 96
        241 96
        233 98
        190 98
        104 268
        268 105
        241 105
        103 105
        215 269
        269 112
        245 112
        7 112
        231 118
        95 118
        117 118
        205 270
        270 123
        224 123
        122 123
        125 127
        215 127
        132 271
        271 133
        217 133
        220 138
        202 138
        137 138
        117 272
        272 145
        206 145
        222 153
        229 153
        222 155
        230 155
        215 155
        203 273
        273 157
        229 157
        163 274
        274 164
        162 164
        54 166
        95 210
        144 33
        155 33
        36 38
        37 38
        224 40
        39 40
        48 275
        275 49
        47 49
        206 53
        52 53
        35 276
        276 56
        231 56
        153 56
        58 277
        277 59
        197 59
        166 59
        52 64
        63 64
        214 278
        278 66
        55 66
        105 70
        166 70
        230 83
        82 83
        85 279
        279 86
        185 86
        89 280
        280 91
        217 91
        90 91
        96 281
        281 97
        207 97
        210 97
        96 282
        282 102
        101 102
        219 106
        105 106
        207 113
        112 113
        95 119
        118 119
        123 283
        283 124
        184 124
        122 124
        125 128
        126 128
        127 128
        235 134
        193 134
        133 134
        238 284
        284 135
        240 135
        210 135
        183 139
        138 139
        184 285
        285 143
        210 143
        234 146
        117 146
        145 146
        189 150
        85 150
        216 286
        286 154
        153 154
        157 287
        287 158
        216 158
        94 177
        94 188
        94 199
        153 221
        186 41
        40 41
        40 288
        288 45
        236 45
        56 289
        289 57
        239 57
        221 57
        53 60
        54 60
        40 290
        290 65
        225 65
        234 65
        183 291
        291 67
        225 67
        64 67
        70 292
        292 71
        197 71
        198 74
        188 74
        73 74
        238 293
        293 76
        188 76
        66 77
        44 77
        83 84
        81 84
        91 92
        218 92
        98 99
        177 99
        106 294
        294 107
        102 107
        226 109
        177 109
        185 114
        192 114
        113 114
        192 295
        295 115
        237 115
        177 115
        119 120
        192 120
        237 296
        296 129
        124 129
        128 130
        193 130
        135 297
        297 136
        134 136
        139 140
        137 140
        143 147
        146 147
        188 148
        194 148
        150 152
        151 152
        154 298
        298 156
        207 156
        221 156
        239 159
        157 159
        158 159
        41 299
        299 43
        42 43
        151 46
        45 46
        60 300
        300 61
        57 61
        65 68
        67 68
        59 301
        301 72
        70 72
        71 72
        74 302
        302 75
        199 75
        48 78
        76 78
        191 303
        303 79
        33 79
        77 79
        84 87
        191 87
        198 304
        304 93
        92 93
        99 305
        305 100
        199 100
        97 100
        233 108
        106 108
        107 108
        114 116
        115 116
        144 121
        119 121
        120 121
        130 306
        306 131
        128 131
        129 131
        140 141
        240 141
        148 307
        307 149
        199 149
        147 149
        194 308
        308 160
        156 160
        159 160
        59 309
        309 62
        60 62
        61 62
        198 310
        310 69
        68 69
        77 80
        79 80
        84 88
        86 88
        87 88
        108 110
        191 110
        86 142
        140 142
        141 142
        159 161
        160 161
        108 111
        109 111
        110 111
        80 8
        88 9
        93 10
        100 11
        111 12
        116 13
        121 14
        131 15
        136 16
        142 17
        149 18
        152 311
        311 19
        161 20
        164 21
        34 22
        38 23
        43 24
        46 25
        49 26
        51 27
        62 28
        69 29
        72 30
        75 31
        78 32
    ]
]
