circuit_name:cunew_processed
[
    node:
    [
        1 x0 0 PI
        2 x1 0 PI
        3 x2 0 PI
        4 x3 0 PI
        5 x4 0 PI
        6 x5 0 PI
        7 x6 0 PI
        8 x7 0 PI
        9 x8 0 PI
        10 x9 0 PI
        11 x10 0 PI
        12 x11 0 PI
        13 x12 0 PI
        14 x13 0 PI
        15 y0 7 PO
        16 y1 6 PO
        17 y2 9 PO
        18 y3 8 PO
        19 y4 8 PO
        20 y5 8 PO
        21 y6 14 PO
        22 y7 7 PO
        23 y8 9 PO
        24 y9 3 PO
        25 y10 5 PO
        26 n15 3 MAJ
        27 n16 4 XOR
        28 n17 5 AND
        29 n18 3 OR
        30 n19 4 MAJ
        31 n20 5 OR
        32 n21 7 AND
        33 n22 2 MAJ
        34 n23 8 AND
        35 n24 4 MAJ
        36 n25 5 AND
        37 n26 6 AND
        38 n27 7 AND
        39 n28 3 AND
        40 n29 3 MAJ
        41 n30 5 AND
        42 n31 6 AND
        43 n32 7 AND
        44 n33 3 MAJ
        45 n34 5 AND
        46 n35 6 AND
        47 n36 7 AND
        48 n37 2 MAJ
        49 n38 3 OR
        50 n39 5 AND
        51 n40 2 MAJ
        52 n41 6 AND
        53 n42 3 MAJ
        54 n43 2 AND
        55 n44 4 XOR
        56 n45 5 MAJ
        57 n46 3 AND
        58 n47 4 MAJ
        59 n48 6 MAJ
        60 n49 7 AND
        61 n50 2 MAJ
        62 n51 8 AND
        63 n52 3 AND
        64 n53 4 MAJ
        65 n54 9 MAJ
        66 n55 10 AND
        67 n56 12 AND
        68 n57 13 MAJ
        69 n58 3 AND
        70 n59 3 MAJ
        71 n60 5 AND
        72 n61 6 AND
        73 n62 3 AND
        74 n63 4 AND
        75 n64 7 MAJ
        76 n65 8 AND
        77 n66 2 AND
        78 n67 3 AND
        79 n68 4 AND
        80 v1 3 VIR
        81 v10 1 VIR
        82 v11 1 VIR
        83 v12 1 VIR
        84 v13 1 VIR
        85 v14 1 VIR
        86 v15 1 VIR
        87 v16 1 VIR
        88 v17 1 VIR
        89 v18 1 VIR
        90 v19 1 VIR
        91 v2 1 VIR
        92 v20 2 VIR
        93 v21 2 VIR
        94 v22 2 VIR
        95 v23 2 VIR
        96 v24 2 VIR
        97 v25 2 VIR
        98 v3 1 VIR
        99 v4 1 VIR
        100 v5 1 VIR
        101 v6 1 VIR
        102 v7 1 VIR
        103 v8 1 VIR
        104 v9 1 VIR
        105 not1 1 INV
        106 not2 2 INV
        107 not3 1 INV
        108 not4 2 INV
        109 not5 2 INV
        110 not6 2 INV
        111 not7 2 INV
        112 not8 3 INV
        113 not9 3 INV
        114 not10 2 INV
        115 not11 1 INV
        116 not12 2 INV
        117 not13 2 INV
        118 not14 2 INV
        119 not15 1 INV
        120 not16 3 INV
        121 not17 4 INV
        122 not18 4 INV
        123 not19 4 INV
        124 not20 4 INV
        125 not21 5 INV
        126 not22 4 INV
        127 not23 2 INV
        128 not24 6 INV
        129 not25 3 INV
        130 not26 4 INV
        131 not27 1 INV
        132 not28 2 INV
        133 not29 3 INV
        134 not30 3 INV
        135 not31 4 INV
        136 not32 4 INV
        137 not33 5 INV
        138 not34 6 INV
        139 not35 11 INV
        140 not36 6 INV
    ]
    edge:
    [
        8 105
        105 61
        13 61
        14 61
        3 81
        3 82
        3 83
        4 84
        4 85
        4 86
        5 87
        6 88
        6 89
        6 90
        1 91
        1 98
        1 99
        2 100
        2 101
        2 102
        14 103
        14 104
        87 33
        89 33
        103 33
        85 106
        106 39
        102 39
        81 48
        84 48
        88 48
        5 107
        107 51
        82 51
        103 51
        101 54
        11 54
        100 108
        108 57
        91 57
        85 109
        109 69
        89 69
        7 77
        104 77
        86 110
        110 78
        7 78
        81 92
        82 93
        88 94
        100 95
        101 96
        102 97
        87 111
        111 26
        93 26
        94 26
        96 29
        84 29
        96 112
        112 30
        98 30
        81 30
        92 113
        113 35
        98 35
        102 35
        99 40
        97 40
        92 40
        99 114
        114 44
        97 44
        82 44
        84 49
        48 49
        10 115
        115 53
        91 53
        95 53
        100 116
        116 58
        9 58
        57 58
        91 117
        117 63
        95 63
        85 118
        118 70
        93 70
        87 70
        13 119
        119 73
        94 73
        48 120
        120 79
        78 79
        33 80
        26 27
        83 27
        29 31
        30 31
        29 121
        121 36
        35 36
        40 122
        122 41
        39 41
        44 123
        123 45
        39 45
        49 124
        124 50
        5 50
        53 55
        98 55
        58 125
        125 59
        88 59
        57 59
        101 64
        12 64
        63 64
        70 126
        126 71
        69 71
        103 74
        73 74
        86 127
        127 28
        27 28
        31 128
        128 32
        89 32
        90 37
        36 37
        90 42
        41 42
        90 46
        45 46
        51 129
        129 52
        50 52
        53 130
        130 56
        54 56
        55 56
        13 131
        131 60
        59 60
        104 132
        132 72
        71 72
        33 133
        133 34
        32 34
        33 134
        134 38
        37 38
        80 135
        135 43
        42 43
        80 136
        136 47
        46 47
        60 62
        61 62
        83 75
        52 75
        74 75
        64 137
        137 65
        62 65
        63 65
        52 76
        75 76
        56 138
        138 66
        65 66
        66 139
        139 67
        83 67
        52 68
        66 68
        67 68
        28 140
        140 15
        28 16
        34 17
        38 18
        43 19
        47 20
        68 21
        72 22
        76 23
        77 24
        79 25
    ]
]
