circuit_name:example2new_processed
[
    node:
    [
        1 x0 0 PI
        2 x1 0 PI
        3 x2 0 PI
        4 x3 0 PI
        5 x4 0 PI
        6 x5 0 PI
        7 x6 0 PI
        8 x7 0 PI
        9 x8 0 PI
        10 x9 0 PI
        11 x10 0 PI
        12 x11 0 PI
        13 x12 0 PI
        14 x13 0 PI
        15 x14 0 PI
        16 x15 0 PI
        17 x16 0 PI
        18 x17 0 PI
        19 x18 0 PI
        20 x19 0 PI
        21 x20 0 PI
        22 x21 0 PI
        23 x22 0 PI
        24 x23 0 PI
        25 x24 0 PI
        26 x25 0 PI
        27 x26 0 PI
        28 x27 0 PI
        29 x28 0 PI
        30 x29 0 PI
        31 x30 0 PI
        32 x31 0 PI
        33 x32 0 PI
        34 x33 0 PI
        35 x34 0 PI
        36 x35 0 PI
        37 x36 0 PI
        38 x37 0 PI
        39 x38 0 PI
        40 x39 0 PI
        41 x40 0 PI
        42 x41 0 PI
        43 x42 0 PI
        44 x43 0 PI
        45 x44 0 PI
        46 x45 0 PI
        47 x46 0 PI
        48 x47 0 PI
        49 x48 0 PI
        50 x49 0 PI
        51 x50 0 PI
        52 x51 0 PI
        53 x52 0 PI
        54 x53 0 PI
        55 x54 0 PI
        56 x55 0 PI
        57 x56 0 PI
        58 x57 0 PI
        59 x58 0 PI
        60 x59 0 PI
        61 x60 0 PI
        62 x61 0 PI
        63 x62 0 PI
        64 x63 0 PI
        65 x64 0 PI
        66 x65 0 PI
        67 x66 0 PI
        68 x67 0 PI
        69 x68 0 PI
        70 x69 0 PI
        71 x70 0 PI
        72 x71 0 PI
        73 x72 0 PI
        74 x73 0 PI
        75 x74 0 PI
        76 x75 0 PI
        77 x76 0 PI
        78 x77 0 PI
        79 x78 0 PI
        80 x79 0 PI
        81 x80 0 PI
        82 x81 0 PI
        83 x82 0 PI
        84 x83 0 PI
        85 x84 0 PI
        86 y0 5 PO
        87 y1 13 PO
        88 y2 5 PO
        89 y3 13 PO
        90 y4 5 PO
        91 y5 14 PO
        92 y6 14 PO
        93 y7 9 PO
        94 y8 15 PO
        95 y9 9 PO
        96 y10 15 PO
        97 y11 12 PO
        98 y12 16 PO
        99 y13 5 PO
        100 y14 7 PO
        101 y15 14 PO
        102 y16 12 PO
        103 y17 14 PO
        104 y18 9 PO
        105 y19 20 PO
        106 y20 13 PO
        107 y21 6 PO
        108 y22 13 PO
        109 y23 11 PO
        110 y24 14 PO
        111 y25 14 PO
        112 y26 5 PO
        113 y27 13 PO
        114 y28 14 PO
        115 y29 13 PO
        116 y30 5 PO
        117 y31 14 PO
        118 y32 6 PO
        119 y33 13 PO
        120 y34 13 PO
        121 y35 13 PO
        122 y36 9 PO
        123 y37 5 PO
        124 y38 16 PO
        125 y39 12 PO
        126 y40 16 PO
        127 y41 5 PO
        128 y42 14 PO
        129 y43 5 PO
        130 y44 15 PO
        131 y45 12 PO
        132 y46 14 PO
        133 y47 5 PO
        134 y48 15 PO
        135 y49 5 PO
        136 y50 15 PO
        137 y51 17 PO
        138 y52 16 PO
        139 y53 5 PO
        140 y54 11 PO
        141 y55 5 PO
        142 y56 16 PO
        143 y57 13 PO
        144 y58 15 PO
        145 y59 5 PO
        146 y60 5 PO
        147 y61 15 PO
        148 y62 5 PO
        149 y63 16 PO
        150 y64 16 PO
        151 y65 5 PO
        152 n100 5 MAJ
        153 n101 7 AND
        154 n102 9 MAJ
        155 n103 10 OR
        156 n104 3 OR
        157 n105 3 MAJ
        158 n106 5 AND
        159 n107 6 AND
        160 n108 4 OR
        161 n109 3 MAJ
        162 n110 6 AND
        163 n111 0 UNKNOWN
        164 n112 3 AND
        165 n113 7 MAJ
        166 n114 8 AND
        167 n115 11 OR
        168 n116 11 MAJ
        169 n117 12 OR
        170 n118 3 XOR
        171 n119 4 MAJ
        172 n120 6 AND
        173 n121 9 AND
        174 n122 8 AND
        175 n123 10 MAJ
        176 n124 11 MAJ
        177 n125 12 OR
        178 n126 3 XOR
        179 n127 4 MAJ
        180 n128 9 AND
        181 n129 9 AND
        182 n130 11 MAJ
        183 n131 12 MAJ
        184 n132 13 OR
        185 n133 9 AND
        186 n134 9 AND
        187 n135 11 MAJ
        188 n136 12 MAJ
        189 n137 13 OR
        190 n138 3 AND
        191 n139 4 MAJ
        192 n140 6 AND
        193 n141 3 OR
        194 n142 5 AND
        195 n143 3 OR
        196 n144 7 MAJ
        197 n145 8 AND
        198 n146 4 AND
        199 n147 6 AND
        200 n148 4 MAJ
        201 n149 7 AND
        202 n150 4 XOR
        203 n151 5 XOR
        204 n152 2 XOR
        205 n153 3 XOR
        206 n154 8 MAJ
        207 n155 10 AND
        208 n156 9 AND
        209 n157 10 MAJ
        210 n158 12 MAJ
        211 n159 14 AND
        212 n160 3 OR
        213 n161 5 AND
        214 n162 5 MAJ
        215 n163 7 AND
        216 n164 14 AND
        217 n165 4 AND
        218 n166 5 AND
        219 n167 5 AND
        220 n168 7 AND
        221 n169 8 MAJ
        222 n170 2 AND
        223 n171 2 AND
        224 n172 3 MAJ
        225 n173 4 AND
        226 n174 5 AND
        227 n175 2 MAJ
        228 n176 6 AND
        229 n177 3 AND
        230 n178 8 AND
        231 n179 5 AND
        232 n180 9 MAJ
        233 n181 10 AND
        234 n182 6 AND
        235 n183 9 MAJ
        236 n184 11 MAJ
        237 n185 15 AND
        238 n186 3 XOR
        239 n187 4 MAJ
        240 n188 3 XOR
        241 n189 5 MAJ
        242 n190 13 AND
        243 n191 9 AND
        244 n192 2 MAJ
        245 n193 10 AND
        246 n194 3 AND
        247 n195 11 AND
        248 n196 13 AND
        249 n197 3 OR
        250 n198 2 OR
        251 n199 3 MAJ
        252 n200 4 OR
        253 n201 5 AND
        254 n202 7 MAJ
        255 n203 9 AND
        256 n204 4 AND
        257 n205 3 MAJ
        258 n206 5 AND
        259 n207 6 AND
        260 n208 11 AND
        261 n209 13 MAJ
        262 n210 5 AND
        263 n211 3 MAJ
        264 n212 6 AND
        265 n213 14 OR
        266 n214 14 MAJ
        267 n215 15 OR
        268 n216 3 MAJ
        269 n217 5 AND
        270 n218 3 MAJ
        271 n219 4 OR
        272 n220 6 MAJ
        273 n221 5 MAJ
        274 n222 7 AND
        275 n223 9 AND
        276 n224 16 MAJ
        277 n225 18 AND
        278 n226 12 AND
        279 n227 4 AND
        280 n228 3 MAJ
        281 n229 5 AND
        282 n230 12 AND
        283 n231 3 OR
        284 n232 5 MAJ
        285 n233 7 MAJ
        286 n234 8 AND
        287 n235 3 XOR
        288 n236 10 MAJ
        289 n237 6 AND
        290 n238 3 MAJ
        291 n239 7 AND
        292 n240 4 OR
        293 n241 8 AND
        294 n242 9 MAJ
        295 n243 7 AND
        296 n244 6 AND
        297 n245 3 MAJ
        298 n246 7 AND
        299 n247 7 AND
        300 n248 6 MAJ
        301 n249 8 AND
        302 n250 9 AND
        303 n251 8 OR
        304 n252 10 MAJ
        305 n253 10 AND
        306 n254 12 AND
        307 n255 9 AND
        308 n256 9 AND
        309 n257 11 MAJ
        310 n258 12 MAJ
        311 n259 13 OR
        312 n260 3 XOR
        313 n261 4 MAJ
        314 n262 12 AND
        315 n263 9 AND
        316 n264 9 AND
        317 n265 11 MAJ
        318 n266 12 MAJ
        319 n267 13 OR
        320 n268 12 AND
        321 n269 3 XOR
        322 n270 4 MAJ
        323 n271 9 AND
        324 n272 9 AND
        325 n273 11 MAJ
        326 n274 12 MAJ
        327 n275 13 OR
        328 n276 12 AND
        329 n277 8 AND
        330 n278 10 AND
        331 n279 12 MAJ
        332 n280 12 AND
        333 n281 3 XOR
        334 n282 4 MAJ
        335 n283 15 AND
        336 n284 6 MAJ
        337 n285 4 AND
        338 n286 7 AND
        339 n287 8 MAJ
        340 n288 9 AND
        341 n289 11 AND
        342 n290 15 AND
        343 n291 3 XOR
        344 n292 4 MAJ
        345 n293 4 AND
        346 n294 7 AND
        347 n295 8 AND
        348 n296 11 AND
        349 n297 13 MAJ
        350 n298 3 XOR
        351 n299 4 MAJ
        352 n300 14 AND
        353 n301 11 AND
        354 n302 6 AND
        355 n303 9 MAJ
        356 n304 10 AND
        357 n305 12 MAJ
        358 n306 13 OR
        359 n307 3 XOR
        360 n308 4 MAJ
        361 n309 4 AND
        362 n310 4 MAJ
        363 n311 6 AND
        364 n312 3 MAJ
        365 n313 6 AND
        366 n314 4 AND
        367 n315 4 MAJ
        368 n316 6 AND
        369 n317 9 AND
        370 n318 10 OR
        371 n319 11 MAJ
        372 n320 12 AND
        373 n321 8 MAJ
        374 n322 13 AND
        375 n323 3 XOR
        376 n324 4 MAJ
        377 n325 14 AND
        378 n326 5 AND
        379 n327 7 AND
        380 n328 5 MAJ
        381 n329 6 AND
        382 n330 6 AND
        383 n331 7 MAJ
        384 n332 12 MAJ
        385 n333 4 AND
        386 n334 8 MAJ
        387 n335 13 MAJ
        388 n336 5 AND
        389 n337 4 MAJ
        390 n338 6 AND
        391 n339 8 AND
        392 n340 10 AND
        393 n341 11 MAJ
        394 n342 14 AND
        395 n343 12 MAJ
        396 n344 15 AND
        397 n345 15 AND
        398 n346 3 XOR
        399 n347 4 MAJ
        400 n348 6 AND
        401 n349 5 AND
        402 n350 7 AND
        403 n351 7 MAJ
        404 n352 8 AND
        405 n353 6 AND
        406 n354 9 MAJ
        407 n355 10 MAJ
        408 n356 3 XOR
        409 n357 4 MAJ
        410 n358 15 AND
        411 n359 11 MAJ
        412 n360 12 OR
        413 n361 14 AND
        414 n362 3 XOR
        415 n363 4 MAJ
        416 n364 3 XOR
        417 n365 4 MAJ
        418 n366 14 AND
        419 n367 3 XOR
        420 n368 4 MAJ
        421 n369 15 AND
        422 n370 15 AND
        423 n371 3 XOR
        424 n372 4 MAJ
        425 n86 3 XOR
        426 n87 4 MAJ
        427 n88 4 AND
        428 n89 5 MAJ
        429 n90 0 UNKNOWN
        430 n91 2 XOR
        431 n92 5 MAJ
        432 n93 6 AND
        433 n94 7 AND
        434 n95 5 MAJ
        435 n96 8 AND
        436 n97 4 AND
        437 n98 5 AND
        438 n99 6 AND
        439 v1 8 VIR
        440 v10 5 VIR
        441 v100 2 VIR
        442 v101 2 VIR
        443 v102 2 VIR
        444 v103 2 VIR
        445 v104 2 VIR
        446 v105 2 VIR
        447 v106 2 VIR
        448 v107 2 VIR
        449 v108 2 VIR
        450 v109 2 VIR
        451 v11 5 VIR
        452 v110 2 VIR
        453 v111 2 VIR
        454 v112 2 VIR
        455 v113 2 VIR
        456 v114 2 VIR
        457 v115 2 VIR
        458 v116 2 VIR
        459 v117 2 VIR
        460 v118 2 VIR
        461 v119 3 VIR
        462 v12 5 VIR
        463 v120 3 VIR
        464 v121 3 VIR
        465 v122 3 VIR
        466 v123 3 VIR
        467 v124 3 VIR
        468 v125 3 VIR
        469 v13 8 VIR
        470 v14 8 VIR
        471 v15 11 VIR
        472 v16 11 VIR
        473 v17 11 VIR
        474 v18 13 VIR
        475 v19 13 VIR
        476 v2 8 VIR
        477 v20 13 VIR
        478 v21 3 VIR
        479 v22 3 VIR
        480 v23 5 VIR
        481 v24 5 VIR
        482 v25 10 VIR
        483 v26 5 VIR
        484 v27 3 VIR
        485 v28 3 VIR
        486 v29 3 VIR
        487 v3 8 VIR
        488 v30 6 VIR
        489 v31 1 VIR
        490 v32 1 VIR
        491 v33 1 VIR
        492 v34 1 VIR
        493 v35 1 VIR
        494 v36 1 VIR
        495 v37 1 VIR
        496 v38 1 VIR
        497 v39 1 VIR
        498 v4 4 VIR
        499 v40 1 VIR
        500 v41 1 VIR
        501 v42 1 VIR
        502 v43 1 VIR
        503 v44 1 VIR
        504 v45 1 VIR
        505 v46 1 VIR
        506 v47 1 VIR
        507 v48 1 VIR
        508 v49 1 VIR
        509 v5 7 VIR
        510 v50 1 VIR
        511 v51 1 VIR
        512 v52 1 VIR
        513 v53 1 VIR
        514 v54 1 VIR
        515 v55 1 VIR
        516 v56 1 VIR
        517 v57 1 VIR
        518 v58 1 VIR
        519 v59 1 VIR
        520 v6 7 VIR
        521 v60 1 VIR
        522 v61 1 VIR
        523 v62 1 VIR
        524 v63 1 VIR
        525 v64 1 VIR
        526 v65 1 VIR
        527 v66 1 VIR
        528 v67 1 VIR
        529 v68 1 VIR
        530 v69 12 VIR
        531 v7 7 VIR
        532 v70 14 VIR
        533 v71 14 VIR
        534 v72 14 VIR
        535 v73 4 VIR
        536 v74 4 VIR
        537 v75 4 VIR
        538 v76 2 VIR
        539 v77 2 VIR
        540 v78 2 VIR
        541 v79 2 VIR
        542 v8 7 VIR
        543 v80 2 VIR
        544 v81 2 VIR
        545 v82 2 VIR
        546 v83 2 VIR
        547 v84 2 VIR
        548 v85 2 VIR
        549 v86 2 VIR
        550 v87 2 VIR
        551 v88 2 VIR
        552 v89 2 VIR
        553 v9 7 VIR
        554 v90 2 VIR
        555 v91 2 VIR
        556 v92 2 VIR
        557 v93 2 VIR
        558 v94 2 VIR
        559 v95 2 VIR
        560 v96 2 VIR
        561 v97 2 VIR
        562 v98 2 VIR
        563 v99 2 VIR
        564 not1 1 INV
        565 not2 2 INV
        566 not3 1 INV
        567 not4 2 INV
        568 not5 2 INV
        569 not6 3 INV
        570 not7 3 INV
        571 not8 3 INV
        572 not9 3 INV
        573 not10 2 INV
        574 not11 1 INV
        575 not12 2 INV
        576 not13 1 INV
        577 not14 3 INV
        578 not15 1 INV
        579 not16 3 INV
        580 not17 3 INV
        581 not18 3 INV
        582 not19 3 INV
        583 not20 3 INV
        584 not21 3 INV
        585 not22 3 INV
        586 not23 1 INV
        587 not24 4 INV
        588 not25 5 INV
        589 not26 4 INV
        590 not27 4 INV
        591 not28 4 INV
        592 not29 4 INV
        593 not30 4 INV
        594 not31 4 INV
        595 not32 5 INV
        596 not33 3 INV
        597 not34 4 INV
        598 not35 4 INV
        599 not36 4 INV
        600 not37 5 INV
        601 not38 2 INV
        602 not39 6 INV
        603 not40 3 INV
        604 not41 5 INV
        605 not42 6 INV
        606 not43 2 INV
        607 not44 3 INV
        608 not45 6 INV
        609 not46 3 INV
        610 not47 5 INV
        611 not48 5 INV
        612 not49 5 INV
        613 not50 3 INV
        614 not51 6 INV
        615 not52 2 INV
        616 not53 4 INV
        617 not54 4 INV
        618 not55 5 INV
        619 not56 4 INV
        620 not57 5 INV
        621 not58 6 INV
        622 not59 7 INV
        623 not60 8 INV
        624 not61 3 INV
        625 not62 6 INV
        626 not63 2 INV
        627 not64 4 INV
        628 not65 2 INV
        629 not66 5 INV
        630 not67 7 INV
        631 not68 6 INV
        632 not69 3 INV
        633 not70 4 INV
        634 not71 7 INV
        635 not72 4 INV
        636 not73 3 INV
        637 not74 10 INV
        638 not75 8 INV
        639 not76 9 INV
        640 not77 4 INV
        641 not78 4 INV
        642 not79 3 INV
        643 not80 3 INV
        644 not81 3 INV
        645 not82 6 INV
        646 not83 8 INV
        647 not84 8 INV
        648 not85 9 INV
        649 not86 2 INV
        650 not87 5 INV
        651 not88 12 INV
        652 not89 8 INV
        653 not90 8 INV
        654 not91 8 INV
        655 not92 8 INV
        656 not93 9 INV
        657 not94 2 INV
        658 not95 9 INV
        659 not96 9 INV
        660 not97 10 INV
        661 not98 10 INV
        662 not99 7 INV
        663 not100 3 INV
        664 not101 4 INV
        665 not102 3 INV
        666 not103 8 INV
        667 not104 10 INV
        668 not105 10 INV
        669 not106 10 INV
        670 not107 11 INV
        671 not108 10 INV
        672 not109 10 INV
        673 not110 3 INV
        674 not111 7 INV
        675 not112 10 INV
        676 not113 11 INV
        677 not114 12 INV
        678 not115 7 INV
        679 not116 8 INV
        680 not117 3 INV
        681 not118 1 INV
        682 not119 9 INV
        683 not120 9 INV
        684 not121 17 INV
        685 not122 12 INV
        686 not123 13 INV
        687 not124 8 INV
        688 not125 6 INV
        689 not126 19 INV
        690 not127 13 INV
        691 not128 8 INV
        692 not129 14 INV
        693 not130 16 INV
    ]
    edge:
    [
        2 489
        2 490
        2 491
        11 492
        16 493
        16 494
        20 495
        20 496
        20 497
        22 499
        22 500
        22 501
        26 502
        26 503
        36 504
        36 505
        5 506
        5 507
        5 508
        50 510
        50 511
        50 512
        54 513
        55 514
        55 515
        55 516
        56 517
        56 518
        56 519
        66 521
        66 522
        66 523
        69 524
        69 525
        74 526
        10 527
        10 528
        10 529
        502 204
        493 204
        489 222
        521 222
        76 564
        564 223
        499 223
        499 565
        565 224
        16 224
        26 224
        59 566
        566 227
        495 227
        504 227
        494 244
        496 244
        503 244
        501 567
        567 246
        505 246
        495 250
        504 250
        495 568
        568 251
        493 251
        502 251
        504 430
        502 430
        512 441
        514 442
        514 443
        514 444
        515 445
        515 446
        515 447
        516 448
        516 449
        516 450
        527 452
        527 453
        527 454
        528 455
        528 456
        528 457
        529 458
        529 459
        529 460
        489 538
        489 539
        490 540
        490 541
        491 543
        491 544
        499 545
        506 546
        506 547
        506 548
        507 549
        507 550
        507 551
        508 552
        508 554
        508 555
        510 556
        510 557
        510 558
        511 559
        511 560
        511 561
        512 562
        512 563
        550 156
        444 156
        541 157
        550 157
        11 157
        548 161
        444 161
        74 161
        541 164
        457 164
        558 170
        45 170
        559 178
        42 178
        458 190
        69 190
        543 569
        569 191
        458 191
        59 191
        552 193
        59 193
        448 195
        523 195
        442 570
        570 198
        546 198
        539 571
        571 200
        453 200
        522 200
        204 205
        505 205
        547 212
        521 212
        454 572
        572 217
        490 217
        223 225
        224 225
        517 573
        573 229
        452 229
        559 238
        49 238
        460 240
        544 240
        544 249
        460 249
        250 252
        251 252
        54 574
        574 257
        546 257
        74 257
        526 575
        575 263
        549 263
        513 263
        81 576
        576 268
        540 268
        454 268
        540 270
        454 270
        545 270
        449 577
        577 279
        63 279
        60 578
        578 280
        52 280
        449 280
        491 283
        551 283
        72 287
        559 287
        455 290
        556 290
        517 290
        551 297
        557 297
        518 297
        560 312
        35 312
        560 321
        39 321
        560 333
        12 333
        561 343
        14 343
        554 579
        579 345
        522 345
        561 350
        4 350
        562 359
        7 359
        459 580
        580 362
        557 362
        446 362
        543 364
        555 364
        459 364
        446 581
        581 366
        459 366
        558 582
        582 367
        555 367
        460 367
        562 375
        28 375
        445 583
        583 385
        500 385
        545 584
        584 389
        541 389
        456 389
        562 398
        30 398
        563 408
        19 408
        563 414
        23 414
        563 416
        41 416
        441 419
        34 419
        441 423
        37 423
        558 425
        46 425
        546 585
        585 436
        538 436
        442 461
        445 463
        448 464
        452 465
        453 466
        455 467
        458 468
        222 478
        222 479
        430 484
        430 485
        430 486
        11 586
        586 152
        443 152
        436 152
        156 587
        587 158
        157 158
        443 160
        485 160
        45 171
        67 171
        170 171
        42 179
        71 179
        178 179
        191 588
        588 192
        190 192
        193 589
        589 194
        524 194
        485 202
        493 202
        464 590
        590 213
        52 213
        212 591
        591 214
        464 214
        525 214
        526 218
        217 218
        36 226
        225 226
        463 592
        592 231
        478 231
        49 239
        61 239
        238 239
        54 256
        484 256
        268 593
        593 269
        81 269
        500 271
        270 271
        279 281
        280 281
        468 594
        594 284
        554 284
        283 284
        446 292
        212 292
        35 313
        47 313
        312 313
        39 322
        48 322
        321 322
        12 334
        38 334
        333 334
        467 337
        522 337
        14 344
        40 344
        343 344
        4 351
        43 351
        350 351
        7 360
        44 360
        359 360
        557 361
        479 361
        367 595
        595 368
        366 368
        24 376
        28 376
        375 376
        1 399
        30 399
        398 399
        501 401
        217 401
        19 409
        31 409
        408 409
        23 415
        33 415
        414 415
        41 417
        73 417
        416 417
        34 420
        79 420
        419 420
        37 424
        77 424
        423 424
        46 426
        65 426
        425 426
        538 596
        596 427
        465 427
        484 597
        597 431
        51 431
        442 431
        466 598
        598 434
        539 434
        547 434
        465 599
        599 437
        521 437
        198 440
        198 451
        198 462
        252 480
        252 481
        156 498
        484 535
        485 536
        486 537
        437 159
        158 159
        160 600
        600 162
        161 162
        523 601
        601 196
        192 196
        194 196
        453 199
        440 199
        202 203
        496 203
        214 602
        602 215
        213 215
        53 219
        427 219
        227 603
        603 228
        226 228
        537 604
        604 234
        513 234
        450 241
        498 241
        240 241
        535 253
        252 253
        480 605
        605 254
        538 254
        452 254
        256 258
        257 258
        513 606
        606 262
        536 262
        552 272
        486 272
        269 272
        554 607
        607 273
        486 273
        271 273
        284 608
        608 285
        447 285
        283 285
        556 609
        609 289
        440 289
        457 300
        518 300
        440 300
        536 610
        610 336
        540 336
        467 336
        362 611
        611 363
        361 363
        498 612
        612 365
        364 365
        547 378
        535 378
        539 380
        466 380
        535 380
        444 382
        480 382
        456 613
        613 388
        536 388
        481 614
        614 402
        451 402
        501 615
        615 405
        462 405
        549 428
        443 428
        427 428
        461 616
        616 432
        431 432
        461 617
        617 438
        437 438
        427 483
        434 488
        438 153
        152 153
        457 165
        162 165
        164 165
        160 618
        618 172
        428 172
        195 619
        619 197
        196 197
        200 620
        620 201
        199 201
        219 621
        621 220
        218 220
        228 622
        622 230
        229 230
        254 623
        623 255
        253 255
        455 624
        624 259
        258 259
        262 264
        263 264
        273 625
        625 274
        272 274
        492 626
        626 286
        285 286
        289 291
        290 291
        156 627
        627 295
        488 295
        556 296
        483 296
        517 628
        628 299
        228 299
        337 629
        629 338
        336 338
        488 346
        345 346
        524 354
        203 354
        365 630
        630 373
        363 373
        368 373
        434 631
        631 379
        378 379
        456 632
        632 381
        380 381
        388 390
        389 390
        500 400
        483 400
        548 433
        432 433
        159 509
        159 520
        159 531
        164 633
        633 166
        165 166
        172 634
        634 174
        58 174
        205 635
        635 206
        518 206
        201 206
        451 221
        219 221
        220 221
        552 636
        636 232
        478 232
        230 232
        255 637
        637 260
        549 260
        274 638
        638 275
        249 275
        286 639
        639 288
        72 288
        287 288
        478 640
        640 293
        291 293
        297 641
        641 298
        296 298
        299 301
        300 301
        32 329
        531 329
        543 642
        642 339
        336 339
        338 339
        450 643
        643 347
        346 347
        222 369
        230 369
        480 383
        381 383
        382 383
        447 644
        644 386
        379 386
        385 386
        481 391
        379 391
        462 403
        400 403
        401 403
        434 645
        645 435
        433 435
        153 439
        201 469
        201 470
        153 476
        153 487
        172 542
        172 553
        75 154
        435 154
        439 154
        78 173
        439 173
        80 180
        439 180
        542 646
        646 181
        57 181
        82 185
        476 185
        542 647
        647 186
        64 186
        206 648
        648 207
        469 207
        519 649
        649 208
        469 208
        231 233
        232 233
        537 650
        650 235
        221 235
        234 235
        496 243
        470 243
        260 651
        651 261
        550 261
        259 261
        291 652
        652 294
        292 294
        293 294
        479 302
        301 302
        447 303
        298 303
        83 307
        476 307
        542 653
        653 308
        62 308
        84 315
        476 315
        553 654
        654 316
        70 316
        85 323
        487 323
        553 655
        655 324
        68 324
        487 656
        656 330
        3 330
        451 340
        339 340
        524 657
        657 355
        519 355
        469 355
        212 370
        369 370
        391 658
        658 392
        390 392
        402 404
        403 404
        462 406
        339 406
        405 406
        435 155
        154 155
        174 659
        659 175
        58 175
        173 175
        181 660
        660 182
        57 182
        180 182
        186 661
        661 187
        64 187
        185 187
        470 209
        203 209
        208 209
        234 662
        662 236
        233 236
        235 236
        244 663
        663 245
        243 245
        463 265
        261 265
        468 664
        664 266
        261 266
        264 266
        449 665
        665 304
        302 304
        303 304
        295 666
        666 305
        294 305
        308 667
        667 309
        62 309
        307 309
        316 668
        668 317
        70 317
        315 317
        324 669
        669 325
        68 325
        323 325
        330 670
        670 331
        3 331
        329 331
        340 671
        671 348
        497 348
        354 356
        355 356
        369 672
        672 371
        445 371
        370 371
        448 673
        673 393
        391 393
        392 393
        405 674
        674 407
        404 407
        406 407
        503 411
        233 411
        340 411
        207 471
        207 472
        207 473
        340 482
        155 167
        166 167
        6 168
        155 168
        509 168
        9 176
        509 176
        175 176
        13 183
        509 183
        182 183
        17 188
        520 188
        187 188
        208 675
        675 210
        471 210
        209 210
        245 247
        246 247
        265 267
        266 267
        61 278
        472 278
        525 282
        472 282
        304 676
        676 306
        305 306
        21 310
        520 310
        309 310
        79 314
        472 314
        25 318
        520 318
        317 318
        77 320
        473 320
        29 326
        531 326
        325 326
        73 328
        473 328
        71 332
        473 332
        494 341
        482 341
        348 677
        677 349
        497 349
        347 349
        505 353
        482 353
        1 357
        471 357
        356 357
        365 678
        678 372
        371 372
        383 679
        679 384
        371 384
        382 384
        450 680
        680 395
        436 395
        393 395
        233 412
        411 412
        471 530
        167 169
        168 169
        175 177
        176 177
        182 184
        183 184
        187 189
        188 189
        67 242
        530 242
        65 248
        530 248
        52 681
        681 276
        249 276
        267 276
        309 311
        310 311
        317 319
        318 319
        325 327
        326 327
        356 358
        357 358
        373 682
        682 374
        372 374
        386 683
        683 387
        384 387
        385 387
        210 474
        210 475
        210 477
        44 211
        474 211
        43 216
        474 216
        276 684
        684 277
        275 277
        492 352
        475 352
        33 377
        475 377
        393 685
        685 394
        387 394
        15 413
        477 413
        38 418
        477 418
        474 532
        475 533
        477 534
        48 237
        532 237
        18 335
        532 335
        8 342
        532 342
        395 686
        686 396
        394 396
        24 397
        533 397
        27 410
        533 410
        40 421
        534 421
        31 422
        534 422
        426 86
        169 87
        171 88
        177 89
        179 90
        184 91
        189 92
        197 93
        211 94
        215 687
        687 95
        216 96
        236 97
        237 98
        239 99
        241 688
        688 100
        242 101
        247 102
        248 103
        221 104
        277 689
        689 105
        278 106
        281 107
        282 108
        288 109
        306 690
        690 110
        311 111
        313 112
        314 113
        319 114
        320 115
        322 116
        327 117
        158 118
        328 119
        331 120
        332 121
        285 691
        691 122
        334 123
        335 124
        341 125
        342 126
        344 127
        349 128
        351 129
        352 130
        353 131
        358 132
        360 133
        374 692
        692 134
        376 135
        377 136
        396 693
        693 137
        397 138
        399 139
        407 140
        409 141
        410 142
        412 143
        413 144
        415 145
        417 146
        418 147
        420 148
        421 149
        422 150
        424 151
    ]
]
