circuit_name:f51mnew_processed
[
    node:
    [
        1 x0 0 PI
        2 x1 0 PI
        3 x2 0 PI
        4 x3 0 PI
        5 x4 0 PI
        6 x5 0 PI
        7 x6 0 PI
        8 x7 0 PI
        9 y0 12 PO
        10 y1 6 PO
        11 y2 6 PO
        12 y3 16 PO
        13 y4 13 PO
        14 y5 14 PO
        15 y6 4 PO
        16 y7 4 PO
        17 n10 5 MAJ
        18 n100 8 OR
        19 n101 8 MAJ
        20 n102 9 OR
        21 n103 4 OR
        22 n104 5 OR
        23 n105 7 AND
        24 n106 8 AND
        25 n107 10 MAJ
        26 n108 11 OR
        27 n109 11 MAJ
        28 n11 6 AND
        29 n110 12 OR
        30 n111 4 OR
        31 n112 3 MAJ
        32 n113 6 AND
        33 n114 4 AND
        34 n115 5 MAJ
        35 n116 7 AND
        36 n117 4 AND
        37 n118 5 MAJ
        38 n119 6 AND
        39 n12 7 XOR
        40 n120 8 OR
        41 n121 9 OR
        42 n122 4 MAJ
        43 n123 6 AND
        44 n124 4 MAJ
        45 n125 5 XOR
        46 n126 7 AND
        47 n127 10 OR
        48 n128 10 MAJ
        49 n129 11 OR
        50 n13 4 AND
        51 n130 13 OR
        52 n131 14 MAJ
        53 n132 15 OR
        54 n133 4 AND
        55 n134 4 MAJ
        56 n135 5 XOR
        57 n136 7 AND
        58 n137 6 AND
        59 n138 7 OR
        60 n139 8 MAJ
        61 n14 5 AND
        62 n140 4 OR
        63 n141 5 MAJ
        64 n142 6 AND
        65 n143 4 OR
        66 n144 4 MAJ
        67 n145 6 AND
        68 n146 4 AND
        69 n147 4 MAJ
        70 n148 6 AND
        71 n149 7 OR
        72 n15 4 OR
        73 n150 6 XOR
        74 n151 8 MAJ
        75 n152 9 MAJ
        76 n153 9 MAJ
        77 n154 10 OR
        78 n155 6 XOR
        79 n156 8 AND
        80 n157 4 OR
        81 n158 3 MAJ
        82 n159 6 AND
        83 n16 4 AND
        84 n160 6 AND
        85 n161 7 OR
        86 n162 8 MAJ
        87 n163 3 AND
        88 n164 7 AND
        89 n165 4 AND
        90 n166 4 MAJ
        91 n167 5 AND
        92 n168 6 MAJ
        93 n169 8 MAJ
        94 n17 4 MAJ
        95 n170 9 AND
        96 n171 3 OR
        97 n172 5 AND
        98 n173 3 AND
        99 n174 4 AND
        100 n175 6 MAJ
        101 n176 6 MAJ
        102 n177 8 AND
        103 n178 9 OR
        104 n179 10 MAJ
        105 n18 5 AND
        106 n180 11 OR
        107 n181 11 OR
        108 n182 12 OR
        109 n183 5 MAJ
        110 n184 6 AND
        111 n185 7 AND
        112 n186 8 OR
        113 n187 9 MAJ
        114 n188 5 MAJ
        115 n189 7 AND
        116 n19 4 OR
        117 n190 4 MAJ
        118 n191 6 AND
        119 n192 4 AND
        120 n193 5 AND
        121 n194 7 OR
        122 n195 8 AND
        123 n196 10 MAJ
        124 n197 4 OR
        125 n198 6 AND
        126 n199 4 MAJ
        127 n20 5 MAJ
        128 n200 6 AND
        129 n201 7 OR
        130 n202 7 XOR
        131 n203 8 MAJ
        132 n204 5 AND
        133 n205 5 OR
        134 n206 5 MAJ
        135 n207 6 XOR
        136 n208 7 AND
        137 n209 7 AND
        138 n21 7 MAJ
        139 n210 8 OR
        140 n211 9 MAJ
        141 n212 11 OR
        142 n213 12 MAJ
        143 n214 13 OR
        144 n215 3 XOR
        145 n22 8 OR
        146 n23 8 MAJ
        147 n24 9 OR
        148 n25 5 AND
        149 n26 4 MAJ
        150 n27 6 AND
        151 n28 5 AND
        152 n29 4 MAJ
        153 n30 6 AND
        154 n31 3 OR
        155 n32 3 OR
        156 n33 5 AND
        157 n34 4 MAJ
        158 n35 6 OR
        159 n36 5 AND
        160 n37 7 MAJ
        161 n38 8 OR
        162 n39 10 MAJ
        163 n40 11 OR
        164 n41 4 MAJ
        165 n42 3 XOR
        166 n43 5 XOR
        167 n44 4 AND
        168 n45 5 XOR
        169 n46 4 AND
        170 n47 5 AND
        171 n48 4 OR
        172 n49 5 OR
        173 n50 3 AND
        174 n51 4 AND
        175 n52 5 OR
        176 n53 4 OR
        177 n54 5 OR
        178 n55 7 AND
        179 n56 8 MAJ
        180 n57 10 MAJ
        181 n58 7 AND
        182 n59 8 OR
        183 n60 11 MAJ
        184 n61 4 AND
        185 n62 4 MAJ
        186 n63 6 AND
        187 n64 5 AND
        188 n65 6 AND
        189 n66 3 AND
        190 n67 4 AND
        191 n68 4 MAJ
        192 n69 6 AND
        193 n70 7 AND
        194 n71 8 AND
        195 n72 10 MAJ
        196 n73 3 AND
        197 n74 4 MAJ
        198 n75 5 AND
        199 n76 3 AND
        200 n77 6 AND
        201 n78 4 OR
        202 n79 5 OR
        203 n80 4 AND
        204 n81 4 MAJ
        205 n82 5 AND
        206 n83 7 AND
        207 n84 8 OR
        208 n85 9 MAJ
        209 n86 11 OR
        210 n87 10 MAJ
        211 n88 12 OR
        212 n89 4 OR
        213 n9 4 MAJ
        214 n90 5 OR
        215 n91 4 MAJ
        216 n92 7 AND
        217 n93 6 AND
        218 n94 4 MAJ
        219 n95 7 AND
        220 n96 4 AND
        221 n97 5 AND
        222 n98 4 MAJ
        223 n99 6 AND
        224 v1 1 VIR
        225 v10 1 VIR
        226 v100 3 VIR
        227 v101 3 VIR
        228 v102 3 VIR
        229 v103 3 VIR
        230 v104 3 VIR
        231 v105 3 VIR
        232 v106 3 VIR
        233 v107 3 VIR
        234 v108 3 VIR
        235 v109 3 VIR
        236 v11 1 VIR
        237 v110 3 VIR
        238 v111 3 VIR
        239 v112 3 VIR
        240 v113 3 VIR
        241 v114 3 VIR
        242 v12 1 VIR
        243 v13 1 VIR
        244 v14 1 VIR
        245 v15 1 VIR
        246 v16 1 VIR
        247 v17 1 VIR
        248 v18 1 VIR
        249 v19 1 VIR
        250 v2 1 VIR
        251 v20 1 VIR
        252 v21 1 VIR
        253 v22 1 VIR
        254 v23 1 VIR
        255 v24 1 VIR
        256 v25 2 VIR
        257 v26 2 VIR
        258 v27 2 VIR
        259 v28 2 VIR
        260 v29 2 VIR
        261 v3 1 VIR
        262 v30 2 VIR
        263 v31 2 VIR
        264 v32 2 VIR
        265 v33 2 VIR
        266 v34 2 VIR
        267 v35 2 VIR
        268 v36 2 VIR
        269 v37 2 VIR
        270 v38 2 VIR
        271 v39 2 VIR
        272 v4 1 VIR
        273 v40 2 VIR
        274 v41 2 VIR
        275 v42 2 VIR
        276 v43 2 VIR
        277 v44 2 VIR
        278 v45 2 VIR
        279 v46 2 VIR
        280 v47 2 VIR
        281 v48 2 VIR
        282 v49 2 VIR
        283 v5 1 VIR
        284 v50 2 VIR
        285 v51 2 VIR
        286 v52 2 VIR
        287 v53 2 VIR
        288 v54 2 VIR
        289 v55 2 VIR
        290 v56 2 VIR
        291 v57 2 VIR
        292 v58 2 VIR
        293 v59 2 VIR
        294 v6 1 VIR
        295 v60 2 VIR
        296 v61 2 VIR
        297 v62 2 VIR
        298 v63 2 VIR
        299 v64 2 VIR
        300 v65 2 VIR
        301 v66 2 VIR
        302 v67 2 VIR
        303 v68 2 VIR
        304 v69 2 VIR
        305 v7 1 VIR
        306 v70 2 VIR
        307 v71 2 VIR
        308 v72 2 VIR
        309 v73 2 VIR
        310 v74 2 VIR
        311 v75 2 VIR
        312 v76 2 VIR
        313 v77 2 VIR
        314 v78 2 VIR
        315 v79 2 VIR
        316 v8 1 VIR
        317 v80 2 VIR
        318 v81 2 VIR
        319 v82 2 VIR
        320 v83 2 VIR
        321 v84 2 VIR
        322 v85 2 VIR
        323 v86 2 VIR
        324 v87 2 VIR
        325 v88 3 VIR
        326 v89 3 VIR
        327 v9 1 VIR
        328 v90 3 VIR
        329 v91 3 VIR
        330 v92 3 VIR
        331 v93 3 VIR
        332 v94 3 VIR
        333 v95 3 VIR
        334 v96 3 VIR
        335 v97 3 VIR
        336 v98 3 VIR
        337 v99 3 VIR
        338 not1 3 INV
        339 not2 3 INV
        340 not3 3 INV
        341 not4 3 INV
        342 not5 3 INV
        343 not6 3 INV
        344 not7 3 INV
        345 not8 3 INV
        346 not9 3 INV
        347 not10 3 INV
        348 not11 3 INV
        349 not12 3 INV
        350 not13 3 INV
        351 not14 3 INV
        352 not15 3 INV
        353 not16 4 INV
        354 not17 4 INV
        355 not18 5 INV
        356 not19 3 INV
        357 not20 4 INV
        358 not21 3 INV
        359 not22 3 INV
        360 not23 3 INV
        361 not24 4 INV
        362 not25 3 INV
        363 not26 4 INV
        364 not27 3 INV
        365 not28 4 INV
        366 not29 4 INV
        367 not30 4 INV
        368 not31 4 INV
        369 not32 4 INV
        370 not33 3 INV
        371 not34 3 INV
        372 not35 4 INV
        373 not36 3 INV
        374 not37 5 INV
        375 not38 6 INV
        376 not39 6 INV
        377 not40 5 INV
        378 not41 5 INV
        379 not42 5 INV
        380 not43 6 INV
        381 not44 3 INV
        382 not45 5 INV
        383 not46 2 INV
        384 not47 5 INV
        385 not48 3 INV
        386 not49 5 INV
        387 not50 5 INV
        388 not51 5 INV
        389 not52 5 INV
        390 not53 5 INV
        391 not54 5 INV
        392 not55 5 INV
        393 not56 3 INV
        394 not57 6 INV
        395 not58 7 INV
        396 not59 6 INV
        397 not60 5 INV
        398 not61 7 INV
        399 not62 5 INV
        400 not63 7 INV
        401 not64 6 INV
        402 not65 6 INV
        403 not66 4 INV
        404 not67 6 INV
        405 not68 6 INV
        406 not69 5 INV
        407 not70 6 INV
        408 not71 6 INV
        409 not72 3 INV
        410 not73 7 INV
        411 not74 6 INV
        412 not75 6 INV
        413 not76 5 INV
        414 not77 3 INV
        415 not78 9 INV
        416 not79 6 INV
        417 not80 5 INV
        418 not81 9 INV
        419 not82 4 INV
        420 not83 3 INV
        421 not84 7 INV
        422 not85 3 INV
        423 not86 5 INV
        424 not87 7 INV
        425 not88 8 INV
        426 not89 9 INV
        427 not90 8 INV
        428 not91 9 INV
        429 not92 8 INV
        430 not93 9 INV
        431 not94 11 INV
        432 not95 7 INV
        433 not96 8 INV
        434 not97 2 INV
        435 not98 13 INV
        436 not99 3 INV
    ]
    edge:
    [
        1 224
        4 225
        4 236
        4 242
        5 243
        5 244
        5 245
        6 246
        6 247
        6 248
        7 249
        1 250
        7 251
        7 252
        8 253
        8 254
        8 255
        1 261
        2 272
        2 283
        2 294
        3 305
        3 316
        3 327
        224 256
        224 257
        225 258
        225 259
        225 260
        236 262
        236 263
        236 264
        242 265
        242 266
        242 267
        243 268
        243 269
        243 270
        244 271
        244 273
        244 274
        245 275
        245 276
        245 277
        246 278
        246 279
        246 280
        247 281
        247 282
        247 284
        248 285
        248 286
        248 287
        249 288
        249 289
        249 290
        250 291
        250 292
        251 293
        251 295
        251 296
        252 297
        252 298
        253 299
        253 300
        254 301
        255 302
        261 303
        261 304
        272 306
        272 307
        272 308
        283 309
        283 310
        283 311
        294 312
        294 313
        294 314
        305 315
        305 317
        305 318
        316 319
        316 320
        316 321
        327 322
        327 323
        327 324
        270 31
        280 31
        289 31
        280 338
        338 33
        299 33
        265 339
        339 42
        291 42
        273 42
        293 340
        340 44
        273 44
        301 44
        319 341
        341 69
        256 69
        260 69
        265 81
        274 81
        285 81
        321 87
        284 87
        320 342
        342 89
        284 89
        263 343
        343 90
        309 90
        321 90
        309 96
        320 96
        257 98
        320 98
        264 344
        344 119
        310 119
        314 144
        304 144
        303 345
        345 149
        313 149
        323 149
        256 154
        260 154
        250 155
        310 155
        267 165
        303 165
        314 346
        346 167
        304 167
        318 173
        268 173
        264 347
        347 184
        284 184
        315 189
        258 189
        318 196
        289 196
        315 348
        348 197
        306 197
        278 197
        257 199
        254 199
        307 349
        349 204
        224 204
        268 204
        317 350
        350 213
        307 213
        269 213
        300 351
        351 215
        279 215
        290 215
        280 226
        281 227
        282 228
        285 229
        286 230
        306 231
        307 232
        309 233
        310 234
        312 235
        313 237
        315 238
        317 239
        319 240
        322 241
        258 325
        268 326
        269 328
        270 329
        271 330
        273 331
        274 332
        275 333
        276 334
        277 335
        278 336
        279 337
        262 352
        352 17
        271 17
        213 17
        232 21
        337 21
        337 30
        299 30
        226 353
        353 34
        329 34
        289 34
        227 36
        254 36
        227 354
        354 37
        262 37
        293 37
        42 355
        355 43
        184 43
        44 45
        293 45
        308 50
        240 50
        275 54
        189 54
        311 356
        356 55
        265 55
        332 55
        322 62
        229 62
        233 357
        357 63
        321 63
        271 63
        333 65
        154 65
        318 358
        358 66
        232 66
        260 66
        319 359
        359 68
        329 68
        231 72
        258 72
        331 80
        295 80
        308 83
        330 83
        89 91
        90 91
        308 360
        360 94
        256 94
        240 94
        96 361
        361 97
        332 97
        274 362
        362 99
        98 99
        235 363
        363 109
        323 109
        267 109
        239 116
        269 116
        257 364
        364 117
        233 117
        263 117
        311 124
        331 124
        292 126
        311 126
        241 126
        333 365
        365 134
        322 134
        266 134
        335 366
        366 148
        313 148
        237 367
        367 151
        334 151
        303 152
        235 152
        267 152
        155 368
        368 156
        241 156
        324 157
        277 157
        154 157
        326 369
        369 159
        317 159
        324 370
        370 164
        314 164
        155 164
        167 168
        324 168
        262 169
        330 169
        263 171
        228 171
        228 174
        173 174
        259 176
        328 176
        259 371
        371 185
        239 185
        270 185
        336 372
        372 187
        259 187
        288 190
        189 190
        336 191
        288 191
        253 191
        196 198
        197 198
        238 201
        288 201
        231 203
        278 203
        238 212
        325 212
        328 218
        281 218
        299 218
        306 220
        325 220
        300 373
        373 222
        326 222
        279 222
        204 22
        21 22
        234 28
        17 28
        30 374
        374 32
        31 32
        34 375
        375 35
        33 35
        36 38
        37 38
        45 376
        376 46
        229 46
        55 56
        312 56
        264 61
        50 61
        62 377
        377 64
        63 64
        159 67
        66 67
        69 378
        378 70
        68 70
        37 78
        286 78
        80 379
        379 82
        81 82
        63 380
        380 88
        87 88
        297 381
        381 92
        292 92
        91 92
        99 382
        382 100
        266 100
        296 100
        252 383
        383 101
        266 101
        97 101
        83 105
        94 105
        62 384
        384 110
        109 110
        286 385
        385 114
        72 114
        154 114
        117 386
        386 118
        83 118
        94 120
        119 120
        124 387
        387 125
        117 125
        275 127
        72 127
        116 127
        124 388
        388 128
        126 128
        276 132
        220 132
        276 133
        212 133
        134 135
        323 135
        149 389
        389 150
        148 150
        151 153
        152 153
        335 158
        156 158
        165 166
        164 166
        285 170
        169 170
        295 172
        171 172
        282 175
        116 175
        282 177
        176 177
        185 390
        390 186
        184 186
        185 188
        187 188
        191 391
        391 192
        190 192
        198 200
        199 200
        197 202
        201 202
        203 205
        204 205
        290 214
        212 214
        72 392
        392 217
        226 217
        281 393
        393 221
        220 221
        22 394
        394 23
        255 23
        192 395
        395 24
        234 24
        28 39
        213 39
        32 40
        35 40
        56 396
        396 57
        297 57
        54 397
        397 58
        175 58
        67 71
        70 71
        22 73
        295 73
        78 398
        398 79
        334 79
        174 399
        399 84
        177 84
        261 93
        297 93
        88 93
        100 400
        400 102
        101 102
        61 401
        401 111
        65 111
        114 402
        402 115
        89 115
        118 121
        120 121
        54 129
        128 129
        125 130
        287 130
        230 403
        403 136
        135 136
        132 404
        404 137
        133 137
        127 405
        405 138
        105 138
        116 138
        157 406
        406 160
        158 160
        159 160
        177 407
        407 178
        175 178
        170 408
        408 181
        172 181
        301 409
        409 193
        188 193
        192 410
        410 194
        291 194
        205 411
        411 206
        202 206
        214 412
        412 216
        215 216
        218 413
        413 219
        217 219
        221 223
        222 223
        219 18
        223 18
        291 414
        414 19
        216 19
        223 19
        24 415
        415 25
        312 25
        23 25
        38 41
        40 41
        298 59
        58 59
        22 416
        416 74
        71 74
        73 74
        296 85
        84 85
        92 95
        93 95
        287 112
        111 112
        230 122
        121 122
        125 131
        129 131
        130 131
        287 139
        137 139
        39 145
        138 145
        277 146
        39 146
        61 146
        150 161
        160 161
        174 417
        417 179
        175 179
        178 179
        302 182
        181 182
        194 418
        418 195
        292 195
        193 195
        301 207
        206 207
        18 20
        19 20
        237 419
        419 27
        216 27
        25 27
        41 47
        46 47
        302 420
        420 48
        41 48
        43 48
        58 421
        421 60
        57 60
        59 60
        298 422
        422 75
        64 75
        74 75
        65 423
        423 76
        298 76
        74 76
        84 424
        424 86
        82 86
        85 86
        111 425
        425 113
        110 113
        112 113
        122 426
        426 123
        115 123
        121 123
        137 427
        427 140
        136 140
        139 140
        145 147
        146 147
        179 428
        428 180
        302 180
        178 180
        206 429
        429 208
        200 208
        207 208
        20 26
        25 26
        47 49
        48 49
        75 77
        76 77
        86 103
        102 103
        86 430
        430 104
        79 104
        95 104
        123 141
        140 141
        123 431
        431 142
        113 142
        131 142
        150 432
        432 162
        147 162
        153 162
        181 433
        433 183
        180 183
        182 183
        195 209
        208 209
        255 434
        434 210
        186 210
        208 210
        26 29
        27 29
        103 106
        104 106
        60 107
        77 107
        141 143
        142 143
        161 163
        162 163
        209 211
        210 211
        211 51
        49 51
        211 435
        435 52
        183 52
        29 52
        106 108
        107 108
        51 53
        52 53
        163 9
        166 10
        168 11
        53 12
        108 13
        143 14
        144 15
        304 436
        436 16
    ]
]
