circuit_name:i5new_processed
[
    node:
    [
        1 x0 0 PI
        2 x1 0 PI
        3 x2 0 PI
        4 x3 0 PI
        5 x4 0 PI
        6 x5 0 PI
        7 x6 0 PI
        8 x7 0 PI
        9 x8 0 PI
        10 x9 0 PI
        11 x10 0 PI
        12 x11 0 PI
        13 x12 0 PI
        14 x13 0 PI
        15 x14 0 PI
        16 x15 0 PI
        17 x16 0 PI
        18 x17 0 PI
        19 x18 0 PI
        20 x19 0 PI
        21 x20 0 PI
        22 x21 0 PI
        23 x22 0 PI
        24 x23 0 PI
        25 x24 0 PI
        26 x25 0 PI
        27 x26 0 PI
        28 x27 0 PI
        29 x28 0 PI
        30 x29 0 PI
        31 x30 0 PI
        32 x31 0 PI
        33 x32 0 PI
        34 x33 0 PI
        35 x34 0 PI
        36 x35 0 PI
        37 x36 0 PI
        38 x37 0 PI
        39 x38 0 PI
        40 x39 0 PI
        41 x40 0 PI
        42 x41 0 PI
        43 x42 0 PI
        44 x43 0 PI
        45 x44 0 PI
        46 x45 0 PI
        47 x46 0 PI
        48 x47 0 PI
        49 x48 0 PI
        50 x49 0 PI
        51 x50 0 PI
        52 x51 0 PI
        53 x52 0 PI
        54 x53 0 PI
        55 x54 0 PI
        56 x55 0 PI
        57 x56 0 PI
        58 x57 0 PI
        59 x58 0 PI
        60 x59 0 PI
        61 x60 0 PI
        62 x61 0 PI
        63 x62 0 PI
        64 x63 0 PI
        65 x64 0 PI
        66 x65 0 PI
        67 x66 0 PI
        68 x67 0 PI
        69 x68 0 PI
        70 x69 0 PI
        71 x70 0 PI
        72 x71 0 PI
        73 x72 0 PI
        74 x73 0 PI
        75 x74 0 PI
        76 x75 0 PI
        77 x76 0 PI
        78 x77 0 PI
        79 x78 0 PI
        80 x79 0 PI
        81 x80 0 PI
        82 x81 0 PI
        83 x82 0 PI
        84 x83 0 PI
        85 x84 0 PI
        86 x85 0 PI
        87 x86 0 PI
        88 x87 0 PI
        89 x88 0 PI
        90 x89 0 PI
        91 x90 0 PI
        92 x91 0 PI
        93 x92 0 PI
        94 x93 0 PI
        95 x94 0 PI
        96 x95 0 PI
        97 x96 0 PI
        98 x97 0 PI
        99 x98 0 PI
        100 x99 0 PI
        101 x100 0 PI
        102 x101 0 PI
        103 x102 0 PI
        104 x103 0 PI
        105 x104 0 PI
        106 x105 0 PI
        107 x106 0 PI
        108 x107 0 PI
        109 x108 0 PI
        110 x109 0 PI
        111 x110 0 PI
        112 x111 0 PI
        113 x112 0 PI
        114 x113 0 PI
        115 x114 0 PI
        116 x115 0 PI
        117 x116 0 PI
        118 x117 0 PI
        119 x118 0 PI
        120 x119 0 PI
        121 x120 0 PI
        122 x121 0 PI
        123 x122 0 PI
        124 x123 0 PI
        125 x124 0 PI
        126 x125 0 PI
        127 x126 0 PI
        128 x127 0 PI
        129 x128 0 PI
        130 x129 0 PI
        131 x130 0 PI
        132 x131 0 PI
        133 x132 0 PI
        134 y0 12 PO
        135 y1 7 PO
        136 y2 11 PO
        137 y3 8 PO
        138 y4 10 PO
        139 y5 14 PO
        140 y6 13 PO
        141 y7 9 PO
        142 y8 9 PO
        143 y9 12 PO
        144 y10 8 PO
        145 y11 14 PO
        146 y12 10 PO
        147 y13 10 PO
        148 y14 15 PO
        149 y15 14 PO
        150 y16 9 PO
        151 y17 13 PO
        152 y18 11 PO
        153 y19 9 PO
        154 y20 15 PO
        155 y21 6 PO
        156 y22 14 PO
        157 y23 10 PO
        158 y24 12 PO
        159 y25 13 PO
        160 y26 14 PO
        161 y27 8 PO
        162 y28 13 PO
        163 y29 5 PO
        164 y30 17 PO
        165 y31 5 PO
        166 y32 16 PO
        167 y33 7 PO
        168 y34 10 PO
        169 y35 7 PO
        170 y36 9 PO
        171 y37 15 PO
        172 y38 13 PO
        173 y39 11 PO
        174 y40 10 PO
        175 y41 11 PO
        176 y42 16 PO
        177 y43 15 PO
        178 y44 12 PO
        179 y45 8 PO
        180 y46 12 PO
        181 y47 11 PO
        182 y48 10 PO
        183 y49 10 PO
        184 y50 17 PO
        185 y51 12 PO
        186 y52 9 PO
        187 y53 8 PO
        188 y54 20 PO
        189 y55 11 PO
        190 y56 12 PO
        191 y57 13 PO
        192 y58 17 PO
        193 y59 10 PO
        194 y60 15 PO
        195 y61 14 PO
        196 y62 11 PO
        197 y63 8 PO
        198 y64 15 PO
        199 y65 11 PO
        200 n134 2 AND
        201 n135 3 MAJ
        202 n136 4 MAJ
        203 n137 5 MAJ
        204 n138 6 OR
        205 n139 8 MAJ
        206 n140 9 OR
        207 n141 10 MAJ
        208 n142 11 OR
        209 n143 2 MAJ
        210 n144 3 OR
        211 n145 2 AND
        212 n146 3 AND
        213 n147 1 AND
        214 n148 3 AND
        215 n149 4 MAJ
        216 n150 5 OR
        217 n151 4 MAJ
        218 n152 6 OR
        219 n153 2 AND
        220 n154 3 MAJ
        221 n155 4 MAJ
        222 n156 5 MAJ
        223 n157 6 OR
        224 n158 1 AND
        225 n159 2 AND
        226 n160 1 AND
        227 n161 3 AND
        228 n162 4 MAJ
        229 n163 5 OR
        230 n164 8 MAJ
        231 n165 9 OR
        232 n166 9 AND
        233 n167 10 MAJ
        234 n168 11 MAJ
        235 n169 12 MAJ
        236 n170 13 OR
        237 n171 2 AND
        238 n172 4 MAJ
        239 n173 5 AND
        240 n174 2 AND
        241 n175 4 AND
        242 n176 5 MAJ
        243 n177 6 OR
        244 n178 7 OR
        245 n179 2 AND
        246 n180 3 AND
        247 n181 1 AND
        248 n182 3 AND
        249 n183 4 MAJ
        250 n184 5 OR
        251 n185 9 MAJ
        252 n186 10 OR
        253 n187 2 AND
        254 n188 3 AND
        255 n189 1 AND
        256 n190 3 AND
        257 n191 4 MAJ
        258 n192 5 OR
        259 n193 11 MAJ
        260 n194 12 OR
        261 n195 1 AND
        262 n196 2 AND
        263 n197 1 AND
        264 n198 3 AND
        265 n199 4 MAJ
        266 n200 5 OR
        267 n201 7 MAJ
        268 n202 8 OR
        269 n203 2 AND
        270 n204 1 AND
        271 n205 2 AND
        272 n206 2 AND
        273 n207 3 MAJ
        274 n208 4 AND
        275 n209 3 OR
        276 n210 5 MAJ
        277 n211 6 OR
        278 n212 2 AND
        279 n213 3 MAJ
        280 n214 4 AND
        281 n215 7 OR
        282 n216 8 OR
        283 n217 3 MAJ
        284 n218 4 OR
        285 n219 6 MAJ
        286 n220 7 OR
        287 n221 2 AND
        288 n222 8 MAJ
        289 n223 9 MAJ
        290 n224 10 MAJ
        291 n225 11 OR
        292 n226 2 AND
        293 n227 3 MAJ
        294 n228 4 AND
        295 n229 1 AND
        296 n230 3 AND
        297 n231 4 MAJ
        298 n232 5 OR
        299 n233 6 OR
        300 n234 12 MAJ
        301 n235 13 OR
        302 n236 8 MAJ
        303 n237 9 OR
        304 n238 8 MAJ
        305 n239 9 OR
        306 n240 2 AND
        307 n241 11 MAJ
        308 n242 12 MAJ
        309 n243 13 MAJ
        310 n244 14 OR
        311 n245 2 AND
        312 n246 10 MAJ
        313 n247 11 MAJ
        314 n248 12 MAJ
        315 n249 13 OR
        316 n250 8 AND
        317 n251 9 MAJ
        318 n252 10 MAJ
        319 n253 11 MAJ
        320 n254 12 OR
        321 n255 1 AND
        322 n256 2 AND
        323 n257 1 AND
        324 n258 3 AND
        325 n259 4 MAJ
        326 n260 5 OR
        327 n261 8 MAJ
        328 n262 9 OR
        329 n263 1 AND
        330 n264 2 AND
        331 n265 1 AND
        332 n266 3 AND
        333 n267 4 MAJ
        334 n268 5 OR
        335 n269 7 MAJ
        336 n270 8 OR
        337 n271 8 AND
        338 n272 9 MAJ
        339 n273 10 MAJ
        340 n274 11 MAJ
        341 n275 12 OR
        342 n276 1 AND
        343 n277 2 AND
        344 n278 1 AND
        345 n279 3 AND
        346 n280 4 MAJ
        347 n281 5 OR
        348 n282 13 MAJ
        349 n283 14 OR
        350 n284 2 AND
        351 n285 10 MAJ
        352 n286 11 MAJ
        353 n287 12 MAJ
        354 n288 13 OR
        355 n289 8 MAJ
        356 n290 9 OR
        357 n291 10 MAJ
        358 n292 11 OR
        359 n293 8 AND
        360 n294 9 MAJ
        361 n295 10 MAJ
        362 n296 11 MAJ
        363 n297 12 OR
        364 n298 3 AND
        365 n299 4 MAJ
        366 n300 5 MAJ
        367 n301 6 MAJ
        368 n302 7 OR
        369 n303 2 AND
        370 n304 3 AND
        371 n305 1 AND
        372 n306 3 AND
        373 n307 4 MAJ
        374 n308 5 OR
        375 n309 11 MAJ
        376 n310 12 OR
        377 n311 3 MAJ
        378 n312 4 OR
        379 n313 2 AND
        380 n314 13 MAJ
        381 n315 14 MAJ
        382 n316 15 MAJ
        383 n317 16 OR
        384 n318 14 MAJ
        385 n319 15 OR
        386 n320 3 AND
        387 n321 2 MAJ
        388 n322 4 AND
        389 n323 2 AND
        390 n324 4 AND
        391 n325 5 MAJ
        392 n326 5 OR
        393 n327 6 OR
        394 n328 5 AND
        395 n329 6 MAJ
        396 n330 7 MAJ
        397 n331 8 MAJ
        398 n332 9 OR
        399 n333 5 MAJ
        400 n334 6 OR
        401 n335 2 AND
        402 n336 5 MAJ
        403 n337 6 MAJ
        404 n338 7 MAJ
        405 n339 8 OR
        406 n340 10 AND
        407 n341 11 MAJ
        408 n342 12 MAJ
        409 n343 13 MAJ
        410 n344 14 OR
        411 n345 1 AND
        412 n346 2 AND
        413 n347 1 AND
        414 n348 3 AND
        415 n349 4 MAJ
        416 n350 5 OR
        417 n351 11 MAJ
        418 n352 12 OR
        419 n353 9 MAJ
        420 n354 10 OR
        421 n355 2 AND
        422 n356 3 AND
        423 n357 1 AND
        424 n358 3 AND
        425 n359 4 MAJ
        426 n360 5 OR
        427 n361 9 MAJ
        428 n362 10 OR
        429 n363 9 AND
        430 n364 10 MAJ
        431 n365 11 MAJ
        432 n366 12 MAJ
        433 n367 13 OR
        434 n368 1 AND
        435 n369 2 AND
        436 n370 1 AND
        437 n371 3 AND
        438 n372 4 MAJ
        439 n373 5 OR
        440 n374 14 MAJ
        441 n375 15 OR
        442 n376 10 AND
        443 n377 11 MAJ
        444 n378 12 MAJ
        445 n379 13 MAJ
        446 n380 14 OR
        447 n381 2 AND
        448 n382 3 AND
        449 n383 2 AND
        450 n384 4 AND
        451 n385 5 MAJ
        452 n386 6 OR
        453 n387 6 MAJ
        454 n388 7 OR
        455 n389 2 AND
        456 n390 8 MAJ
        457 n391 9 MAJ
        458 n392 10 MAJ
        459 n393 11 OR
        460 n394 2 AND
        461 n395 3 AND
        462 n396 1 AND
        463 n397 3 AND
        464 n398 4 MAJ
        465 n399 5 OR
        466 n400 6 MAJ
        467 n401 7 OR
        468 n402 9 MAJ
        469 n403 10 OR
        470 n404 8 MAJ
        471 n405 9 OR
        472 n406 2 AND
        473 n407 6 MAJ
        474 n408 7 MAJ
        475 n409 8 MAJ
        476 n410 9 OR
        477 n411 15 MAJ
        478 n412 16 OR
        479 n413 9 MAJ
        480 n414 10 OR
        481 n415 6 MAJ
        482 n416 7 OR
        483 n417 15 AND
        484 n418 16 MAJ
        485 n419 17 MAJ
        486 n420 18 MAJ
        487 n421 19 OR
        488 n422 1 AND
        489 n423 2 AND
        490 n424 1 AND
        491 n425 3 AND
        492 n426 4 MAJ
        493 n427 5 OR
        494 n428 9 MAJ
        495 n429 10 OR
        496 n430 2 AND
        497 n431 3 AND
        498 n432 1 AND
        499 n433 3 AND
        500 n434 4 MAJ
        501 n435 5 OR
        502 n436 10 MAJ
        503 n437 11 OR
        504 n438 2 AND
        505 n439 3 AND
        506 n440 1 AND
        507 n441 3 AND
        508 n442 4 MAJ
        509 n443 5 OR
        510 n444 11 MAJ
        511 n445 12 OR
        512 n446 12 AND
        513 n447 13 MAJ
        514 n448 14 MAJ
        515 n449 15 MAJ
        516 n450 16 OR
        517 n451 8 MAJ
        518 n452 9 OR
        519 n453 12 MAJ
        520 n454 13 OR
        521 n455 9 MAJ
        522 n456 10 OR
        523 n457 10 AND
        524 n458 11 MAJ
        525 n459 12 MAJ
        526 n460 13 MAJ
        527 n461 14 OR
        528 n462 2 AND
        529 n463 3 AND
        530 n464 1 AND
        531 n465 3 AND
        532 n466 4 MAJ
        533 n467 5 OR
        534 n468 9 MAJ
        535 n469 10 OR
        536 v1 7 VIR
        537 v10 5 VIR
        538 v11 8 VIR
        539 v12 7 VIR
        540 v13 10 VIR
        541 v14 13 VIR
        542 v15 9 VIR
        543 v16 14 VIR
        544 v17 8 VIR
        545 v18 11 VIR
        546 v19 1 VIR
        547 v2 7 VIR
        548 v20 1 VIR
        549 v21 1 VIR
        550 v22 1 VIR
        551 v23 1 VIR
        552 v24 1 VIR
        553 v25 1 VIR
        554 v26 1 VIR
        555 v27 1 VIR
        556 v28 1 VIR
        557 v29 1 VIR
        558 v3 10 VIR
        559 v30 1 VIR
        560 v31 1 VIR
        561 v32 1 VIR
        562 v33 1 VIR
        563 v34 1 VIR
        564 v35 1 VIR
        565 v36 1 VIR
        566 v37 1 VIR
        567 v38 1 VIR
        568 v39 1 VIR
        569 v4 4 VIR
        570 v40 1 VIR
        571 v41 1 VIR
        572 v42 1 VIR
        573 v43 1 VIR
        574 v44 1 VIR
        575 v45 1 VIR
        576 v46 1 VIR
        577 v47 1 VIR
        578 v48 1 VIR
        579 v49 1 VIR
        580 v5 7 VIR
        581 v50 1 VIR
        582 v51 1 VIR
        583 v52 1 VIR
        584 v53 1 VIR
        585 v54 1 VIR
        586 v55 1 VIR
        587 v56 1 VIR
        588 v57 1 VIR
        589 v58 1 VIR
        590 v59 1 VIR
        591 v6 8 VIR
        592 v60 1 VIR
        593 v61 1 VIR
        594 v62 1 VIR
        595 v63 1 VIR
        596 v64 1 VIR
        597 v65 1 VIR
        598 v66 1 VIR
        599 v67 1 VIR
        600 v68 1 VIR
        601 v69 1 VIR
        602 v7 8 VIR
        603 v70 1 VIR
        604 v71 1 VIR
        605 v72 1 VIR
        606 v73 1 VIR
        607 v74 1 VIR
        608 v75 1 VIR
        609 v76 1 VIR
        610 v77 2 VIR
        611 v78 2 VIR
        612 v79 2 VIR
        613 v8 11 VIR
        614 v9 5 VIR
        615 not1 1 INV
        616 not2 1 INV
        617 not3 1 INV
        618 not4 1 INV
        619 not5 1 INV
        620 not6 1 INV
        621 not7 1 INV
        622 not8 1 INV
        623 not9 1 INV
        624 not10 2 INV
        625 not11 1 INV
        626 not12 2 INV
        627 not13 2 INV
        628 not14 2 INV
        629 not15 2 INV
        630 not16 2 INV
        631 not17 2 INV
        632 not18 2 INV
        633 not19 2 INV
        634 not20 2 INV
        635 not21 2 INV
        636 not22 2 INV
        637 not23 2 INV
        638 not24 1 INV
        639 not25 2 INV
        640 not26 2 INV
        641 not27 2 INV
        642 not28 2 INV
        643 not29 2 INV
        644 not30 2 INV
        645 not31 2 INV
        646 not32 2 INV
        647 not33 3 INV
        648 not34 3 INV
        649 not35 2 INV
        650 not36 3 INV
        651 not37 3 INV
        652 not38 3 INV
        653 not39 3 INV
        654 not40 4 INV
        655 not41 4 INV
        656 not42 6 INV
        657 not43 3 INV
        658 not44 7 INV
        659 not45 7 INV
        660 not46 7 INV
        661 not47 8 INV
        662 not48 3 INV
        663 not49 8 INV
        664 not50 9 INV
        665 not51 9 INV
        666 not52 3 INV
        667 not53 9 INV
        668 not54 9 INV
        669 not55 9 INV
        670 not56 9 INV
        671 not57 10 INV
        672 not58 3 INV
        673 not59 10 INV
        674 not60 11 INV
        675 not61 11 INV
        676 not62 11 INV
        677 not63 3 INV
        678 not64 3 INV
        679 not65 3 INV
        680 not66 11 INV
        681 not67 14 INV
        682 not68 13 INV
        683 not69 3 INV
        684 not70 16 INV
    ]
    edge:
    [
        48 213
        50 213
        26 224
        33 224
        2 226
        33 226
        83 247
        112 247
        70 255
        113 255
        59 261
        63 261
        5 263
        63 263
        30 270
        52 270
        77 615
        615 287
        82 287
        56 295
        84 295
        70 616
        616 306
        73 306
        10 617
        617 311
        15 311
        93 321
        94 321
        17 323
        93 323
        49 329
        72 329
        28 331
        75 331
        91 342
        97 342
        101 344
        125 344
        85 618
        618 350
        88 350
        10 371
        19 371
        97 619
        619 379
        101 379
        7 620
        620 401
        36 401
        76 411
        85 411
        88 413
        109 413
        77 423
        128 423
        58 434
        61 434
        31 436
        58 436
        20 621
        621 455
        27 455
        66 462
        87 462
        66 622
        622 472
        69 472
        114 488
        120 488
        38 490
        124 490
        89 498
        111 498
        4 506
        60 506
        27 530
        74 530
        2 546
        101 548
        103 549
        104 550
        109 551
        12 552
        111 553
        112 554
        113 555
        116 556
        124 557
        125 559
        128 560
        130 561
        15 562
        17 563
        19 564
        22 565
        23 566
        27 567
        28 568
        4 570
        31 571
        33 572
        36 573
        38 574
        40 575
        5 576
        48 577
        50 578
        52 579
        56 581
        58 582
        60 583
        61 584
        63 585
        66 586
        69 587
        70 588
        73 589
        74 590
        75 592
        77 593
        82 594
        83 595
        84 596
        87 597
        88 598
        89 599
        10 600
        92 601
        93 603
        95 604
        96 605
        96 606
        96 607
        99 608
        99 609
        99 623
        623 200
        605 200
        56 209
        607 209
        131 209
        578 211
        64 211
        213 624
        624 214
        62 214
        131 625
        625 219
        606 219
        575 225
        224 225
        226 626
        626 227
        14 227
        605 237
        104 237
        12 240
        608 240
        108 245
        554 245
        247 627
        627 248
        78 248
        588 253
        73 253
        255 628
        628 256
        117 256
        601 262
        261 262
        263 629
        629 264
        3 264
        24 269
        579 269
        550 271
        270 271
        604 272
        550 272
        604 630
        630 273
        52 273
        609 273
        579 278
        550 278
        579 631
        631 279
        552 279
        609 279
        596 292
        131 292
        295 632
        632 296
        51 296
        549 322
        321 322
        323 633
        633 324
        11 324
        592 330
        329 330
        331 634
        634 332
        21 332
        548 343
        342 343
        344 635
        635 345
        121 345
        607 636
        636 364
        23 364
        600 369
        562 369
        371 637
        637 372
        39 372
        29 638
        638 387
        566 387
        43 387
        22 389
        566 389
        598 412
        411 412
        413 639
        639 414
        106 414
        593 421
        594 421
        423 640
        640 424
        110 424
        67 435
        434 435
        436 641
        641 437
        37 437
        7 447
        573 447
        573 449
        130 449
        586 460
        69 460
        462 642
        642 463
        126 463
        557 489
        488 489
        490 643
        643 491
        32 491
        107 496
        553 496
        498 644
        644 499
        86 499
        570 504
        54 504
        506 645
        645 507
        57 507
        20 528
        567 528
        530 646
        646 531
        71 531
        605 610
        606 611
        607 612
        95 201
        610 201
        200 201
        581 210
        209 210
        98 212
        211 212
        98 215
        213 215
        214 215
        84 220
        606 220
        219 220
        26 228
        226 228
        227 228
        610 647
        647 238
        95 238
        608 238
        240 648
        648 241
        30 241
        556 246
        245 246
        108 249
        247 249
        248 249
        80 254
        253 254
        80 257
        255 257
        256 257
        59 265
        263 265
        264 265
        272 274
        273 274
        269 275
        271 275
        278 280
        279 280
        552 283
        604 283
        610 283
        596 649
        649 293
        79 293
        611 293
        79 297
        295 297
        296 297
        94 325
        323 325
        324 325
        72 333
        331 333
        332 333
        91 346
        344 346
        345 346
        23 365
        43 365
        364 365
        47 370
        369 370
        47 373
        371 373
        372 373
        565 377
        43 377
        612 377
        29 386
        612 386
        389 650
        650 390
        42 390
        76 415
        413 415
        414 415
        129 422
        421 422
        129 425
        423 425
        424 425
        67 438
        436 438
        437 438
        44 448
        447 448
        449 651
        651 450
        133 450
        90 461
        460 461
        90 464
        462 464
        463 464
        120 492
        490 492
        491 492
        115 497
        496 497
        115 500
        498 500
        499 500
        127 505
        504 505
        54 508
        506 508
        507 508
        34 529
        528 529
        34 532
        530 532
        531 532
        200 652
        652 202
        30 202
        201 202
        16 216
        215 216
        16 217
        210 217
        212 217
        219 653
        653 221
        51 221
        220 221
        9 229
        228 229
        237 239
        238 239
        104 242
        240 242
        241 242
        102 250
        249 250
        105 258
        257 258
        41 266
        265 266
        611 276
        271 276
        274 276
        552 284
        283 284
        292 294
        293 294
        6 326
        325 326
        119 334
        333 334
        118 347
        346 347
        364 654
        654 366
        42 366
        365 366
        132 374
        373 374
        565 378
        377 378
        386 388
        387 388
        29 391
        389 391
        390 391
        210 655
        655 394
        50 394
        100 416
        415 416
        81 426
        425 426
        18 439
        438 439
        44 451
        449 451
        450 451
        122 465
        464 465
        25 493
        492 493
        68 501
        500 501
        1 509
        508 509
        55 533
        532 533
        210 569
        12 203
        608 203
        202 203
        216 218
        217 218
        581 222
        596 222
        221 222
        24 243
        239 243
        275 277
        276 277
        65 298
        294 298
        22 367
        566 367
        366 367
        35 392
        388 392
        578 395
        64 395
        394 395
        577 399
        64 399
        569 399
        36 402
        284 402
        401 402
        123 452
        451 452
        284 537
        284 614
        202 204
        203 204
        221 223
        222 223
        242 244
        243 244
        45 281
        277 281
        7 285
        561 285
        614 285
        297 299
        298 299
        366 368
        367 368
        391 393
        392 393
        394 656
        656 396
        62 396
        395 396
        577 400
        399 400
        401 657
        657 403
        133 403
        402 403
        123 453
        614 453
        448 453
        122 466
        537 466
        461 466
        587 473
        614 473
        472 473
        587 481
        597 481
        537 481
        41 267
        223 267
        262 267
        280 282
        281 282
        561 286
        285 286
        223 658
        658 316
        92 316
        119 335
        299 335
        330 335
        204 659
        659 337
        103 337
        299 660
        660 359
        75 359
        48 397
        578 397
        396 397
        573 404
        130 404
        403 404
        244 661
        661 429
        116 429
        452 454
        453 454
        465 467
        466 467
        472 662
        662 474
        126 474
        473 474
        597 482
        481 482
        204 536
        299 539
        204 547
        223 580
        244 591
        244 602
        17 205
        549 205
        536 205
        9 230
        547 230
        225 230
        536 663
        663 232
        40 232
        102 251
        591 251
        246 251
        266 268
        267 268
        82 288
        286 288
        287 288
        594 302
        560 302
        286 302
        5 304
        601 304
        580 304
        585 317
        92 317
        316 317
        6 327
        536 327
        322 327
        334 336
        335 336
        603 338
        103 338
        337 338
        28 355
        49 355
        539 355
        49 360
        592 360
        359 360
        396 398
        397 398
        403 405
        404 405
        112 430
        116 430
        429 430
        591 664
        664 442
        124 442
        567 456
        454 456
        455 456
        574 468
        114 468
        602 468
        20 470
        590 470
        454 470
        586 475
        87 475
        474 475
        595 479
        556 479
        591 479
        25 494
        602 494
        489 494
        546 517
        575 517
        547 517
        13 521
        53 521
        282 521
        282 665
        665 523
        53 523
        286 538
        454 544
        563 206
        205 206
        229 231
        230 231
        572 233
        40 233
        232 233
        250 252
        251 252
        287 666
        666 289
        110 289
        288 289
        560 303
        302 303
        576 305
        304 305
        316 667
        667 318
        3 318
        317 318
        326 328
        327 328
        337 668
        668 339
        11 339
        338 339
        568 356
        355 356
        359 669
        669 361
        21 361
        360 361
        405 670
        670 406
        111 406
        599 419
        107 419
        405 419
        81 427
        538 427
        422 427
        429 671
        671 431
        78 431
        430 431
        114 443
        557 443
        442 443
        455 672
        672 457
        71 457
        456 457
        574 469
        468 469
        590 471
        470 471
        474 476
        475 476
        595 480
        479 480
        493 495
        494 495
        546 518
        517 518
        13 522
        521 522
        46 524
        53 524
        523 524
        55 534
        544 534
        529 534
        405 542
        562 207
        19 207
        206 207
        232 673
        673 234
        14 234
        233 234
        105 259
        252 259
        254 259
        593 290
        128 290
        289 290
        589 307
        252 307
        306 307
        15 312
        206 312
        311 312
        576 319
        585 319
        318 319
        563 340
        603 340
        339 340
        598 351
        328 351
        350 351
        85 357
        551 357
        328 357
        568 362
        592 362
        361 362
        107 407
        553 407
        406 407
        599 420
        419 420
        426 428
        427 428
        83 432
        554 432
        431 432
        442 674
        674 444
        32 444
        443 444
        567 458
        74 458
        457 458
        68 502
        542 502
        497 502
        1 510
        480 510
        505 510
        480 675
        675 512
        4 512
        523 676
        676 525
        8 525
        524 525
        533 535
        534 535
        328 540
        480 545
        206 558
        252 613
        564 208
        207 208
        2 235
        572 235
        234 235
        258 260
        259 260
        289 291
        290 291
        589 300
        113 300
        613 300
        306 677
        677 308
        117 308
        307 308
        311 678
        678 313
        39 313
        312 313
        318 320
        319 320
        339 341
        340 341
        350 679
        679 352
        106 352
        351 352
        551 358
        357 358
        361 363
        362 363
        132 375
        558 375
        370 375
        406 680
        680 408
        86 408
        407 408
        100 417
        540 417
        412 417
        431 433
        432 433
        38 445
        557 445
        444 445
        457 459
        458 459
        501 503
        502 503
        509 511
        510 511
        570 513
        127 513
        512 513
        583 519
        127 519
        545 519
        13 526
        46 526
        525 526
        234 236
        235 236
        555 301
        300 301
        588 309
        555 309
        308 309
        600 314
        564 314
        313 314
        118 348
        341 348
        343 348
        598 353
        109 353
        352 353
        374 376
        375 376
        548 380
        341 380
        379 380
        89 409
        553 409
        408 409
        416 418
        417 418
        18 440
        433 440
        435 440
        444 446
        445 446
        433 681
        681 483
        61 483
        512 682
        682 514
        57 514
        513 514
        583 520
        519 520
        525 527
        526 527
        341 541
        433 543
        308 310
        309 310
        313 315
        314 315
        347 349
        348 349
        352 354
        353 354
        379 683
        683 381
        121 381
        380 381
        97 384
        559 384
        541 384
        408 410
        409 410
        439 441
        440 441
        31 477
        584 477
        543 477
        582 484
        584 484
        483 484
        570 515
        60 515
        514 515
        548 382
        125 382
        381 382
        559 385
        384 385
        571 478
        477 478
        483 684
        684 485
        37 485
        484 485
        514 516
        515 516
        381 383
        382 383
        571 486
        582 486
        485 486
        485 487
        486 487
        208 134
        218 135
        558 136
        580 137
        231 138
        236 139
        260 140
        268 141
        282 142
        291 143
        539 144
        301 145
        303 146
        305 147
        310 148
        315 149
        538 150
        320 151
        540 152
        336 153
        349 154
        537 155
        354 156
        356 157
        358 158
        363 159
        541 160
        368 161
        376 162
        378 163
        383 164
        569 165
        385 166
        393 167
        398 168
        400 169
        602 170
        410 171
        418 172
        420 173
        542 174
        428 175
        441 176
        446 177
        459 178
        467 179
        613 180
        469 181
        471 182
        476 183
        478 184
        545 185
        544 186
        482 187
        487 188
        495 189
        503 190
        511 191
        516 192
        518 193
        543 194
        520 195
        522 196
        547 197
        527 198
        535 199
    ]
]
