circuit_name:int2floatnew_processed
[
    node:
    [
        1 x0 0 PI
        2 x1 0 PI
        3 x2 0 PI
        4 x3 0 PI
        5 x4 0 PI
        6 x5 0 PI
        7 x6 0 PI
        8 x7 0 PI
        9 x8 0 PI
        10 x9 0 PI
        11 x10 0 PI
        12 y0 19 PO
        13 y1 22 PO
        14 y2 24 PO
        15 y3 11 PO
        16 y4 17 PO
        17 y5 14 PO
        18 y6 11 PO
        19 n100 19 MAJ
        20 n101 5 AND
        21 n102 6 AND
        22 n103 3 AND
        23 n104 5 MAJ
        24 n105 7 MAJ
        25 n106 4 AND
        26 n107 5 MAJ
        27 n108 7 MAJ
        28 n109 3 AND
        29 n110 4 AND
        30 n111 5 MAJ
        31 n112 7 AND
        32 n113 8 OR
        33 n114 8 MAJ
        34 n115 9 OR
        35 n116 8 AND
        36 n117 10 AND
        37 n118 11 MAJ
        38 n119 4 AND
        39 n12 3 OR
        40 n120 12 AND
        41 n121 13 MAJ
        42 n122 5 AND
        43 n123 4 MAJ
        44 n124 6 AND
        45 n125 14 OR
        46 n126 20 MAJ
        47 n127 21 AND
        48 n128 3 OR
        49 n129 3 MAJ
        50 n13 4 AND
        51 n130 5 AND
        52 n131 4 OR
        53 n132 5 MAJ
        54 n133 7 MAJ
        55 n134 5 MAJ
        56 n135 7 AND
        57 n136 3 OR
        58 n137 8 AND
        59 n138 10 MAJ
        60 n139 8 AND
        61 n14 5 XOR
        62 n140 11 OR
        63 n141 13 MAJ
        64 n142 4 OR
        65 n143 3 XOR
        66 n144 6 MAJ
        67 n145 7 AND
        68 n146 14 AND
        69 n147 15 MAJ
        70 n148 4 MAJ
        71 n149 3 AND
        72 n15 6 MAJ
        73 n150 5 XOR
        74 n151 6 MAJ
        75 n152 3 AND
        76 n153 4 MAJ
        77 n154 6 AND
        78 n155 4 AND
        79 n156 7 MAJ
        80 n157 8 MAJ
        81 n158 4 MAJ
        82 n159 4 AND
        83 n16 3 AND
        84 n160 5 XOR
        85 n161 6 MAJ
        86 n162 4 AND
        87 n163 5 MAJ
        88 n164 7 AND
        89 n165 7 MAJ
        90 n166 8 MAJ
        91 n167 16 OR
        92 n168 17 AND
        93 n169 19 MAJ
        94 n17 5 AND
        95 n170 4 XOR
        96 n171 4 AND
        97 n172 5 AND
        98 n173 6 MAJ
        99 n174 20 AND
        100 n175 8 AND
        101 n176 21 MAJ
        102 n177 3 AND
        103 n178 3 XOR
        104 n179 5 MAJ
        105 n18 7 MAJ
        106 n180 4 AND
        107 n181 6 AND
        108 n182 8 AND
        109 n183 9 MAJ
        110 n184 4 AND
        111 n185 6 MAJ
        112 n186 10 MAJ
        113 n187 22 MAJ
        114 n188 23 OR
        115 n189 4 AND
        116 n19 8 MAJ
        117 n190 5 AND
        118 n191 5 OR
        119 n192 5 MAJ
        120 n193 6 OR
        121 n194 5 AND
        122 n195 6 MAJ
        123 n196 8 MAJ
        124 n197 9 OR
        125 n198 4 MAJ
        126 n199 10 OR
        127 n20 4 OR
        128 n200 4 AND
        129 n201 4 MAJ
        130 n202 6 AND
        131 n203 4 OR
        132 n204 6 MAJ
        133 n205 8 MAJ
        134 n206 5 AND
        135 n207 3 MAJ
        136 n208 6 AND
        137 n209 7 OR
        138 n21 3 MAJ
        139 n210 5 MAJ
        140 n211 8 OR
        141 n212 6 OR
        142 n213 7 AND
        143 n214 9 MAJ
        144 n215 8 AND
        145 n216 11 MAJ
        146 n217 4 AND
        147 n218 9 MAJ
        148 n219 12 MAJ
        149 n22 6 AND
        150 n220 4 MAJ
        151 n221 4 MAJ
        152 n222 5 AND
        153 n223 6 AND
        154 n224 4 MAJ
        155 n225 7 AND
        156 n226 4 AND
        157 n227 5 MAJ
        158 n228 7 MAJ
        159 n229 8 MAJ
        160 n23 4 MAJ
        161 n230 9 OR
        162 n231 13 OR
        163 n232 14 AND
        164 n233 16 MAJ
        165 n234 3 AND
        166 n235 4 AND
        167 n236 5 AND
        168 n237 4 MAJ
        169 n238 6 AND
        170 n239 5 AND
        171 n24 8 AND
        172 n240 6 MAJ
        173 n241 7 MAJ
        174 n242 5 AND
        175 n243 4 MAJ
        176 n244 6 AND
        177 n245 8 AND
        178 n246 10 AND
        179 n247 11 MAJ
        180 n248 3 XOR
        181 n249 4 AND
        182 n25 5 AND
        183 n250 5 AND
        184 n251 7 MAJ
        185 n252 8 AND
        186 n253 9 OR
        187 n254 12 MAJ
        188 n255 13 OR
        189 n256 6 AND
        190 n257 7 MAJ
        191 n258 8 MAJ
        192 n259 9 OR
        193 n26 10 MAJ
        194 n260 4 MAJ
        195 n261 10 OR
        196 n27 4 AND
        197 n28 11 XOR
        198 n29 12 MAJ
        199 n30 9 AND
        200 n31 13 AND
        201 n32 14 MAJ
        202 n33 3 OR
        203 n34 3 XOR
        204 n35 4 MAJ
        205 n36 3 OR
        206 n37 3 AND
        207 n38 5 MAJ
        208 n39 6 MAJ
        209 n40 3 OR
        210 n41 5 MAJ
        211 n42 7 MAJ
        212 n43 3 MAJ
        213 n44 8 AND
        214 n45 4 XOR
        215 n46 9 MAJ
        216 n47 3 XOR
        217 n48 4 MAJ
        218 n49 5 AND
        219 n50 3 AND
        220 n51 4 AND
        221 n52 6 OR
        222 n53 7 AND
        223 n54 9 MAJ
        224 n55 4 AND
        225 n56 10 XOR
        226 n57 12 MAJ
        227 n58 15 OR
        228 n59 16 AND
        229 n60 18 MAJ
        230 n61 3 OR
        231 n62 4 AND
        232 n63 5 MAJ
        233 n64 4 MAJ
        234 n65 5 MAJ
        235 n66 7 AND
        236 n67 8 XOR
        237 n68 4 AND
        238 n69 9 AND
        239 n70 11 MAJ
        240 n71 6 OR
        241 n72 12 AND
        242 n73 14 MAJ
        243 n74 3 AND
        244 n75 4 XOR
        245 n76 4 OR
        246 n77 5 OR
        247 n78 7 MAJ
        248 n79 4 OR
        249 n80 3 OR
        250 n81 5 XOR
        251 n82 6 MAJ
        252 n83 4 AND
        253 n84 4 MAJ
        254 n85 6 AND
        255 n86 4 AND
        256 n87 8 MAJ
        257 n88 9 MAJ
        258 n89 6 MAJ
        259 n90 7 AND
        260 n91 11 AND
        261 n92 13 MAJ
        262 n93 4 AND
        263 n94 5 MAJ
        264 n95 6 AND
        265 n96 15 AND
        266 n97 17 MAJ
        267 n98 15 AND
        268 n99 17 AND
        269 v1 4 VIR
        270 v10 1 VIR
        271 v100 2 VIR
        272 v101 2 VIR
        273 v102 2 VIR
        274 v103 2 VIR
        275 v104 2 VIR
        276 v105 2 VIR
        277 v106 2 VIR
        278 v107 2 VIR
        279 v108 2 VIR
        280 v109 2 VIR
        281 v11 1 VIR
        282 v110 2 VIR
        283 v111 2 VIR
        284 v112 2 VIR
        285 v113 2 VIR
        286 v114 2 VIR
        287 v115 2 VIR
        288 v116 2 VIR
        289 v117 3 VIR
        290 v118 3 VIR
        291 v119 3 VIR
        292 v12 1 VIR
        293 v120 3 VIR
        294 v121 3 VIR
        295 v122 3 VIR
        296 v123 3 VIR
        297 v124 3 VIR
        298 v125 3 VIR
        299 v126 3 VIR
        300 v127 3 VIR
        301 v128 3 VIR
        302 v129 3 VIR
        303 v13 1 VIR
        304 v130 3 VIR
        305 v131 3 VIR
        306 v132 3 VIR
        307 v133 3 VIR
        308 v134 3 VIR
        309 v135 3 VIR
        310 v136 3 VIR
        311 v137 3 VIR
        312 v138 3 VIR
        313 v139 3 VIR
        314 v14 1 VIR
        315 v140 3 VIR
        316 v141 3 VIR
        317 v142 3 VIR
        318 v143 3 VIR
        319 v144 3 VIR
        320 v145 3 VIR
        321 v146 3 VIR
        322 v147 3 VIR
        323 v15 1 VIR
        324 v16 1 VIR
        325 v17 1 VIR
        326 v18 1 VIR
        327 v19 1 VIR
        328 v2 4 VIR
        329 v20 1 VIR
        330 v21 1 VIR
        331 v22 1 VIR
        332 v23 1 VIR
        333 v24 1 VIR
        334 v25 1 VIR
        335 v26 1 VIR
        336 v27 1 VIR
        337 v28 1 VIR
        338 v29 1 VIR
        339 v3 6 VIR
        340 v30 1 VIR
        341 v31 1 VIR
        342 v32 1 VIR
        343 v33 1 VIR
        344 v34 1 VIR
        345 v35 1 VIR
        346 v36 2 VIR
        347 v37 2 VIR
        348 v38 2 VIR
        349 v39 2 VIR
        350 v4 1 VIR
        351 v40 2 VIR
        352 v41 2 VIR
        353 v42 2 VIR
        354 v43 2 VIR
        355 v44 2 VIR
        356 v45 2 VIR
        357 v46 2 VIR
        358 v47 2 VIR
        359 v48 2 VIR
        360 v49 2 VIR
        361 v5 1 VIR
        362 v50 2 VIR
        363 v51 2 VIR
        364 v52 2 VIR
        365 v53 2 VIR
        366 v54 2 VIR
        367 v55 2 VIR
        368 v56 2 VIR
        369 v57 2 VIR
        370 v58 2 VIR
        371 v59 2 VIR
        372 v6 1 VIR
        373 v60 2 VIR
        374 v61 2 VIR
        375 v62 2 VIR
        376 v63 2 VIR
        377 v64 2 VIR
        378 v65 2 VIR
        379 v66 2 VIR
        380 v67 2 VIR
        381 v68 2 VIR
        382 v69 2 VIR
        383 v7 1 VIR
        384 v70 2 VIR
        385 v71 2 VIR
        386 v72 2 VIR
        387 v73 2 VIR
        388 v74 2 VIR
        389 v75 2 VIR
        390 v76 2 VIR
        391 v77 2 VIR
        392 v78 2 VIR
        393 v79 2 VIR
        394 v8 1 VIR
        395 v80 2 VIR
        396 v81 2 VIR
        397 v82 2 VIR
        398 v83 2 VIR
        399 v84 2 VIR
        400 v85 2 VIR
        401 v86 2 VIR
        402 v87 2 VIR
        403 v88 2 VIR
        404 v89 2 VIR
        405 v9 1 VIR
        406 v90 2 VIR
        407 v91 2 VIR
        408 v92 2 VIR
        409 v93 2 VIR
        410 v94 2 VIR
        411 v95 2 VIR
        412 v96 2 VIR
        413 v97 2 VIR
        414 v98 2 VIR
        415 v99 2 VIR
        416 not1 3 INV
        417 not2 3 INV
        418 not3 3 INV
        419 not4 3 INV
        420 not5 3 INV
        421 not6 3 INV
        422 not7 3 INV
        423 not8 3 INV
        424 not9 3 INV
        425 not10 3 INV
        426 not11 3 INV
        427 not12 3 INV
        428 not13 3 INV
        429 not14 3 INV
        430 not15 3 INV
        431 not16 3 INV
        432 not17 3 INV
        433 not18 4 INV
        434 not19 4 INV
        435 not20 4 INV
        436 not21 4 INV
        437 not22 4 INV
        438 not23 3 INV
        439 not24 3 INV
        440 not25 4 INV
        441 not26 4 INV
        442 not27 4 INV
        443 not28 4 INV
        444 not29 2 INV
        445 not30 4 INV
        446 not31 4 INV
        447 not32 3 INV
        448 not33 4 INV
        449 not34 4 INV
        450 not35 3 INV
        451 not36 3 INV
        452 not37 4 INV
        453 not38 3 INV
        454 not39 3 INV
        455 not40 3 INV
        456 not41 4 INV
        457 not42 6 INV
        458 not43 3 INV
        459 not44 6 INV
        460 not45 5 INV
        461 not46 5 INV
        462 not47 6 INV
        463 not48 3 INV
        464 not49 5 INV
        465 not50 4 INV
        466 not51 5 INV
        467 not52 5 INV
        468 not53 4 INV
        469 not54 5 INV
        470 not55 6 INV
        471 not56 4 INV
        472 not57 5 INV
        473 not58 4 INV
        474 not59 3 INV
        475 not60 6 INV
        476 not61 5 INV
        477 not62 5 INV
        478 not63 4 INV
        479 not64 4 INV
        480 not65 5 INV
        481 not66 6 INV
        482 not67 4 INV
        483 not68 5 INV
        484 not69 5 INV
        485 not70 7 INV
        486 not71 7 INV
        487 not72 7 INV
        488 not73 5 INV
        489 not74 7 INV
        490 not75 6 INV
        491 not76 6 INV
        492 not77 6 INV
        493 not78 4 INV
        494 not79 3 INV
        495 not80 3 INV
        496 not81 9 INV
        497 not82 7 INV
        498 not83 4 INV
        499 not84 7 INV
        500 not85 5 INV
        501 not86 6 INV
        502 not87 4 INV
        503 not88 7 INV
        504 not89 9 INV
        505 not90 4 INV
        506 not91 7 INV
        507 not92 5 INV
        508 not93 5 INV
        509 not94 5 INV
        510 not95 6 INV
        511 not96 8 INV
        512 not97 8 INV
        513 not98 10 INV
        514 not99 5 INV
        515 not100 9 INV
        516 not101 12 INV
        517 not102 10 INV
        518 not103 9 INV
        519 not104 4 INV
        520 not105 10 INV
        521 not106 4 INV
        522 not107 8 INV
        523 not108 10 INV
        524 not109 10 INV
        525 not110 11 INV
        526 not111 13 INV
        527 not112 12 INV
        528 not113 5 INV
        529 not114 3 INV
        530 not115 3 INV
        531 not116 3 INV
        532 not117 14 INV
        533 not118 8 INV
        534 not119 3 INV
        535 not120 16 INV
        536 not121 16 INV
        537 not122 18 INV
        538 not123 15 INV
        539 not124 7 INV
        540 not125 18 INV
        541 not126 17 INV
        542 not127 15 INV
        543 not128 3 INV
        544 not129 9 INV
        545 not130 2 INV
    ]
    edge:
    [
        11 270
        11 281
        3 292
        3 303
        3 314
        4 323
        4 324
        4 325
        5 326
        5 327
        5 329
        6 330
        6 331
        6 332
        7 333
        7 334
        7 335
        8 336
        8 337
        8 338
        9 340
        9 341
        9 342
        10 343
        10 344
        10 345
        1 350
        1 361
        2 372
        2 383
        2 394
        11 405
        342 271
        342 272
        342 273
        343 274
        343 275
        343 276
        344 277
        344 278
        344 279
        345 280
        345 282
        345 283
        372 284
        383 285
        394 286
        405 287
        405 288
        270 346
        270 347
        281 348
        281 349
        292 351
        292 352
        292 353
        303 354
        303 355
        303 356
        314 357
        314 358
        314 359
        323 360
        323 362
        323 363
        324 364
        324 365
        324 366
        325 367
        325 368
        325 369
        326 370
        326 371
        326 373
        327 374
        327 375
        327 376
        329 377
        329 378
        329 379
        330 380
        330 381
        330 382
        331 384
        331 385
        331 386
        332 387
        332 388
        332 389
        333 390
        333 391
        333 392
        334 393
        334 395
        334 396
        335 397
        335 398
        335 399
        336 400
        336 401
        336 402
        337 403
        337 404
        337 406
        338 407
        338 408
        338 409
        340 410
        340 411
        340 412
        341 413
        341 414
        341 415
        363 22
        382 22
        352 28
        362 28
        398 416
        416 38
        288 38
        373 39
        410 39
        409 417
        417 43
        399 43
        346 43
        360 48
        390 48
        1 49
        360 49
        370 49
        371 57
        390 57
        380 65
        362 65
        353 71
        391 71
        384 75
        392 75
        375 83
        411 83
        386 102
        279 102
        287 103
        415 103
        399 418
        418 110
        408 110
        358 419
        419 115
        397 115
        283 420
        420 125
        369 125
        348 125
        395 421
        421 128
        286 128
        285 135
        354 135
        393 135
        383 138
        352 138
        381 138
        358 422
        422 146
        368 146
        366 423
        423 150
        395 150
        413 150
        386 424
        424 156
        396 156
        361 165
        285 165
        406 425
        425 168
        385 168
        413 168
        396 426
        426 175
        368 175
        271 175
        398 180
        389 180
        365 202
        411 202
        402 203
        376 203
        402 205
        411 205
        394 206
        355 206
        394 209
        356 209
        387 212
        397 212
        278 212
        364 216
        355 216
        415 219
        278 219
        374 230
        275 230
        353 427
        427 231
        401 231
        351 428
        428 233
        350 233
        400 233
        275 429
        429 237
        412 237
        360 243
        370 243
        410 249
        274 249
        374 430
        430 253
        401 253
        410 253
        285 431
        431 255
        353 255
        378 432
        432 262
        414 262
        370 289
        371 290
        373 291
        374 293
        375 294
        377 295
        378 296
        380 297
        381 298
        384 299
        385 300
        387 301
        388 302
        390 304
        391 305
        392 306
        393 307
        395 308
        396 309
        397 310
        398 311
        399 312
        400 313
        401 315
        402 316
        403 317
        404 318
        406 319
        407 320
        408 321
        409 322
        290 433
        433 20
        391 20
        307 434
        434 23
        384 23
        22 23
        383 25
        298 25
        305 29
        28 29
        291 435
        435 30
        305 30
        274 30
        409 42
        237 42
        284 50
        290 50
        48 436
        436 51
        49 51
        362 52
        289 52
        289 437
        437 55
        350 55
        372 55
        351 64
        304 64
        284 70
        297 70
        304 70
        392 438
        438 76
        363 76
        293 76
        363 439
        439 78
        293 78
        354 81
        306 81
        313 81
        365 82
        315 82
        307 86
        317 86
        317 440
        440 87
        377 87
        385 87
        315 441
        441 94
        393 94
        319 95
        309 95
        378 96
        300 96
        103 442
        442 104
        346 104
        102 104
        299 106
        403 106
        320 117
        115 117
        302 443
        443 119
        379 119
        271 119
        351 127
        313 127
        361 444
        444 129
        286 129
        300 129
        295 131
        318 131
        306 445
        445 134
        382 134
        75 446
        446 139
        404 139
        277 139
        357 151
        367 151
        308 151
        387 447
        447 154
        320 154
        279 154
        309 157
        407 157
        156 157
        364 160
        294 160
        315 160
        366 166
        165 166
        308 448
        448 170
        413 170
        296 181
        28 181
        294 449
        449 182
        365 182
        273 450
        450 194
        322 194
        349 194
        377 451
        451 196
        299 196
        403 204
        202 204
        203 204
        205 452
        452 207
        356 207
        206 207
        212 214
        388 214
        412 453
        453 217
        276 217
        216 217
        288 220
        219 220
        322 224
        346 224
        356 232
        230 232
        231 232
        350 234
        372 234
        233 234
        276 244
        316 244
        412 245
        243 245
        304 248
        400 248
        275 454
        454 252
        313 252
        75 269
        83 328
        274 455
        455 21
        20 21
        305 456
        456 26
        382 26
        25 26
        30 457
        457 31
        29 31
        42 44
        43 44
        380 458
        458 53
        371 53
        52 53
        55 459
        459 56
        243 56
        50 61
        361 61
        64 460
        460 66
        298 66
        65 66
        70 73
        381 73
        76 461
        461 77
        75 77
        81 84
        307 84
        87 462
        462 88
        86 88
        407 463
        463 97
        96 97
        106 464
        464 107
        415 107
        321 111
        104 111
        110 111
        388 118
        248 118
        302 465
        465 121
        328 121
        129 466
        466 130
        128 130
        269 467
        467 132
        406 132
        131 132
        135 468
        468 136
        134 136
        318 141
        134 141
        127 469
        469 149
        138 149
        150 152
        151 152
        157 470
        470 158
        280 158
        156 158
        318 471
        471 167
        166 167
        414 172
        106 172
        170 172
        310 174
        106 174
        311 183
        181 183
        269 472
        472 189
        359 189
        206 473
        473 208
        277 208
        207 208
        357 210
        204 210
        209 210
        277 474
        474 218
        217 218
        234 475
        475 235
        352 235
        286 240
        232 240
        278 246
        245 246
        248 250
        373 250
        253 476
        476 254
        252 254
        244 477
        477 258
        317 258
        83 258
        319 478
        478 263
        244 263
        262 263
        94 339
        22 479
        479 24
        21 24
        23 24
        25 480
        480 27
        21 27
        26 27
        405 32
        31 32
        53 481
        481 54
        51 54
        52 54
        56 58
        57 58
        291 67
        66 67
        39 482
        482 72
        375 72
        61 72
        70 483
        483 74
        71 74
        73 74
        81 484
        484 85
        82 85
        84 85
        321 98
        95 98
        97 98
        107 485
        485 108
        270 108
        118 120
        119 120
        328 122
        117 122
        121 122
        132 486
        486 133
        130 133
        131 133
        276 137
        136 137
        367 142
        141 142
        339 487
        487 144
        296 144
        320 153
        152 153
        168 488
        488 169
        167 169
        149 489
        489 171
        364 171
        174 176
        175 176
        183 490
        490 184
        312 184
        180 184
        359 190
        243 190
        189 190
        210 491
        491 211
        208 211
        209 211
        287 221
        218 221
        235 236
        233 236
        246 492
        492 247
        279 247
        244 247
        248 251
        249 251
        250 251
        308 259
        258 259
        310 493
        493 264
        263 264
        366 494
        494 33
        287 33
        27 33
        357 495
        495 35
        24 35
        58 496
        496 59
        297 59
        57 59
        284 60
        54 60
        376 79
        74 79
        78 79
        386 89
        196 89
        85 89
        98 497
        497 100
        272 100
        316 498
        498 105
        72 105
        94 105
        280 109
        107 109
        108 109
        122 499
        499 123
        120 123
        121 123
        137 140
        139 140
        369 147
        133 147
        146 147
        154 500
        500 155
        153 155
        170 501
        501 173
        169 173
        172 173
        205 502
        502 185
        184 185
        189 503
        503 191
        282 191
        190 191
        171 504
        504 193
        160 193
        182 193
        311 505
        505 213
        211 213
        408 222
        221 222
        376 238
        236 238
        251 506
        506 256
        355 256
        255 256
        32 34
        33 34
        59 62
        60 62
        78 507
        507 80
        77 80
        79 80
        196 508
        508 90
        88 90
        89 90
        110 509
        509 112
        109 112
        111 112
        94 510
        510 116
        83 116
        105 116
        282 124
        123 124
        142 511
        511 143
        140 143
        141 143
        379 159
        155 159
        158 159
        358 177
        173 177
        348 186
        185 186
        273 192
        191 192
        193 197
        414 197
        212 215
        213 215
        214 215
        222 512
        512 223
        220 223
        221 223
        238 513
        513 239
        295 239
        237 239
        255 514
        514 257
        254 257
        256 257
        35 515
        515 36
        34 36
        62 516
        516 63
        354 63
        60 63
        124 126
        125 126
        143 517
        517 145
        339 145
        144 145
        158 161
        159 161
        177 518
        518 178
        176 178
        192 195
        194 195
        193 198
        196 198
        197 198
        301 519
        519 199
        116 199
        223 225
        312 225
        239 241
        240 241
        257 520
        520 260
        367 260
        321 521
        521 37
        35 37
        36 37
        67 522
        522 68
        63 68
        147 523
        523 148
        145 148
        146 148
        379 179
        177 179
        178 179
        199 524
        524 200
        198 200
        225 525
        525 226
        223 226
        224 226
        241 526
        526 242
        310 242
        240 242
        260 527
        527 261
        368 261
        259 261
        38 528
        528 40
        37 40
        404 529
        529 69
        67 69
        68 69
        273 162
        148 162
        348 530
        530 187
        283 187
        179 187
        280 531
        531 201
        199 201
        200 201
        261 532
        532 265
        301 265
        247 533
        533 267
        242 267
        272 534
        534 41
        38 41
        40 41
        69 91
        80 91
        161 163
        162 163
        186 188
        187 188
        201 227
        215 227
        265 535
        535 266
        389 266
        264 266
        267 536
        536 268
        389 268
        266 537
        537 19
        267 19
        268 19
        41 45
        44 45
        271 92
        91 92
        163 538
        538 164
        349 164
        162 164
        347 228
        227 228
        44 539
        539 46
        347 46
        19 46
        92 540
        540 93
        90 93
        91 93
        228 541
        541 229
        226 229
        227 229
        45 542
        542 47
        46 47
        282 543
        543 99
        93 99
        100 544
        544 101
        272 101
        99 101
        281 545
        545 113
        101 113
        112 113
        112 114
        113 114
        229 12
        47 13
        114 14
        126 15
        164 16
        188 17
        195 18
    ]
]
