circuit_name:lalnew_processed
[
    node:
    [
        1 x0 0 PI
        2 x1 0 PI
        3 x2 0 PI
        4 x3 0 PI
        5 x4 0 PI
        6 x5 0 PI
        7 x6 0 PI
        8 x7 0 PI
        9 x8 0 PI
        10 x9 0 PI
        11 x10 0 PI
        12 x11 0 PI
        13 x12 0 PI
        14 x13 0 PI
        15 x14 0 PI
        16 x15 0 PI
        17 x16 0 PI
        18 x17 0 PI
        19 x18 0 PI
        20 x19 0 PI
        21 x20 0 PI
        22 x21 0 PI
        23 x22 0 PI
        24 x23 0 PI
        25 x24 0 PI
        26 x25 0 PI
        27 y0 3 PO
        28 y1 13 PO
        29 y2 1 PO
        30 y3 13 PO
        31 y4 13 PO
        32 y5 4 PO
        33 y6 4 PO
        34 y7 5 PO
        35 y8 12 PO
        36 y9 6 PO
        37 y10 7 PO
        38 y11 7 PO
        39 y12 7 PO
        40 y13 10 PO
        41 y14 12 PO
        42 y15 14 PO
        43 y16 14 PO
        44 y17 15 PO
        45 y18 15 PO
        46 n100 6 OR
        47 n101 7 MAJ
        48 n102 9 MAJ
        49 n103 10 MAJ
        50 n104 11 OR
        51 n105 3 AND
        52 n106 4 AND
        53 n107 5 AND
        54 n108 12 OR
        55 n109 12 MAJ
        56 n110 13 OR
        57 n111 6 OR
        58 n112 7 MAJ
        59 n113 9 MAJ
        60 n114 10 MAJ
        61 n115 11 OR
        62 n116 2 OR
        63 n117 3 OR
        64 n118 5 AND
        65 n119 6 AND
        66 n120 12 OR
        67 n121 12 MAJ
        68 n122 13 OR
        69 n123 7 OR
        70 n124 8 MAJ
        71 n125 10 MAJ
        72 n126 11 MAJ
        73 n127 12 OR
        74 n128 2 AND
        75 n129 2 OR
        76 n130 3 OR
        77 n131 4 OR
        78 n132 3 MAJ
        79 n133 6 AND
        80 n134 13 OR
        81 n135 13 MAJ
        82 n136 14 OR
        83 n137 7 OR
        84 n138 8 MAJ
        85 n139 10 MAJ
        86 n140 5 AND
        87 n141 3 MAJ
        88 n142 6 AND
        89 n143 8 AND
        90 n144 9 MAJ
        91 n145 11 MAJ
        92 n146 12 OR
        93 n147 12 MAJ
        94 n148 13 OR
        95 n149 14 OR
        96 n27 2 AND
        97 n28 3 AND
        98 n29 5 MAJ
        99 n30 6 MAJ
        100 n31 3 AND
        101 n32 8 MAJ
        102 n33 9 MAJ
        103 n34 3 AND
        104 n35 3 MAJ
        105 n36 5 AND
        106 n37 3 AND
        107 n38 3 MAJ
        108 n39 5 AND
        109 n40 10 OR
        110 n41 7 AND
        111 n42 11 MAJ
        112 n43 8 AND
        113 n44 3 MAJ
        114 n45 9 AND
        115 n46 10 OR
        116 n47 2 MAJ
        117 n48 11 OR
        118 n49 2 AND
        119 n50 1 OR
        120 n51 3 MAJ
        121 n52 4 MAJ
        122 n53 5 OR
        123 n54 2 AND
        124 n55 2 AND
        125 n56 4 MAJ
        126 n57 6 OR
        127 n58 5 MAJ
        128 n59 7 OR
        129 n60 8 OR
        130 n61 2 MAJ
        131 n62 9 OR
        132 n63 9 AND
        133 n64 2 MAJ
        134 n65 10 AND
        135 n66 10 AND
        136 n67 12 AND
        137 n68 2 OR
        138 n69 3 AND
        139 n70 3 AND
        140 n71 4 AND
        141 n72 3 MAJ
        142 n73 5 AND
        143 n74 3 OR
        144 n75 3 MAJ
        145 n76 4 OR
        146 n77 5 OR
        147 n78 2 XOR
        148 n79 6 AND
        149 n80 2 AND
        150 n81 3 XOR
        151 n82 6 AND
        152 n83 3 AND
        153 n84 3 AND
        154 n85 4 MAJ
        155 n86 5 AND
        156 n87 6 OR
        157 n88 7 OR
        158 n89 8 OR
        159 n90 5 MAJ
        160 n91 9 OR
        161 n92 4 OR
        162 n93 5 MAJ
        163 n94 7 MAJ
        164 n95 8 MAJ
        165 n96 9 OR
        166 n97 10 OR
        167 n98 10 MAJ
        168 n99 11 OR
        169 v1 1 VIR
        170 v10 1 VIR
        171 v11 1 VIR
        172 v12 1 VIR
        173 v13 1 VIR
        174 v14 1 VIR
        175 v15 1 VIR
        176 v16 1 VIR
        177 v17 1 VIR
        178 v18 1 VIR
        179 v19 1 VIR
        180 v2 1 VIR
        181 v20 1 VIR
        182 v21 1 VIR
        183 v22 1 VIR
        184 v23 1 VIR
        185 v24 1 VIR
        186 v25 1 VIR
        187 v26 1 VIR
        188 v27 1 VIR
        189 v28 1 VIR
        190 v29 1 VIR
        191 v3 1 VIR
        192 v30 1 VIR
        193 v31 1 VIR
        194 v32 1 VIR
        195 v33 1 VIR
        196 v34 1 VIR
        197 v35 1 VIR
        198 v36 1 VIR
        199 v37 1 VIR
        200 v38 1 VIR
        201 v39 1 VIR
        202 v4 1 VIR
        203 v40 2 VIR
        204 v41 2 VIR
        205 v42 2 VIR
        206 v43 2 VIR
        207 v44 2 VIR
        208 v45 2 VIR
        209 v5 1 VIR
        210 v6 1 VIR
        211 v7 1 VIR
        212 v8 1 VIR
        213 v9 1 VIR
        214 not1 1 INV
        215 not2 1 INV
        216 not3 1 INV
        217 not4 1 INV
        218 not5 1 INV
        219 not6 2 INV
        220 not7 2 INV
        221 not8 2 INV
        222 not9 2 INV
        223 not10 2 INV
        224 not11 2 INV
        225 not12 2 INV
        226 not13 1 INV
        227 not14 2 INV
        228 not15 2 INV
        229 not16 2 INV
        230 not17 2 INV
        231 not18 2 INV
        232 not19 2 INV
        233 not20 4 INV
        234 not21 2 INV
        235 not22 4 INV
        236 not23 4 INV
        237 not24 1 INV
        238 not25 3 INV
        239 not26 3 INV
        240 not27 3 INV
        241 not28 4 INV
        242 not29 2 INV
        243 not30 2 INV
        244 not31 6 INV
        245 not32 1 INV
        246 not33 4 INV
        247 not34 4 INV
        248 not35 5 INV
        249 not36 4 INV
        250 not37 7 INV
        251 not38 7 INV
        252 not39 5 INV
        253 not40 5 INV
        254 not41 7 INV
        255 not42 4 INV
        256 not43 6 INV
        257 not44 8 INV
        258 not45 8 INV
        259 not46 8 INV
        260 not47 9 INV
        261 not48 9 INV
        262 not49 10 INV
        263 not50 1 INV
        264 not51 6 INV
        265 not52 6 INV
        266 not53 7 INV
        267 not54 11 INV
        268 not55 7 INV
        269 not56 12 INV
        270 not57 12 INV
        271 not58 3 INV
        272 not59 4 INV
        273 not60 6 INV
    ]
    edge:
    [
        4 214
        214 96
        21 96
        16 215
        215 118
        25 118
        15 119
        24 119
        25 216
        216 123
        16 123
        23 217
        217 130
        13 130
        14 130
        14 218
        218 133
        22 133
        23 133
        2 169
        15 170
        17 171
        17 172
        17 173
        18 174
        18 175
        18 176
        20 177
        20 178
        20 179
        2 180
        3 181
        3 182
        3 183
        21 184
        5 185
        5 186
        6 187
        6 188
        6 189
        7 190
        2 191
        7 192
        8 193
        8 194
        8 195
        9 196
        9 197
        9 198
        10 199
        10 200
        10 201
        11 202
        11 209
        11 210
        12 211
        12 212
        12 213
        193 219
        219 51
        7 51
        193 62
        196 62
        188 74
        190 74
        196 75
        199 75
        188 220
        220 97
        185 97
        177 221
        221 103
        169 103
        180 222
        222 104
        171 104
        174 104
        177 223
        223 106
        212 106
        212 224
        224 107
        171 107
        174 107
        201 225
        225 113
        198 113
        213 113
        191 116
        210 116
        213 116
        15 226
        226 120
        118 120
        119 120
        170 124
        24 124
        184 137
        26 137
        184 227
        227 138
        1 138
        184 228
        228 139
        19 139
        176 229
        229 141
        183 141
        173 141
        189 147
        186 147
        5 149
        187 149
        193 230
        230 153
        187 153
        171 203
        177 204
        178 205
        187 206
        199 207
        200 208
        196 231
        231 52
        51 52
        199 63
        62 63
        202 76
        75 76
        185 78
        194 78
        74 78
        202 232
        232 87
        207 87
        211 87
        97 233
        233 98
        188 98
        192 98
        198 234
        234 100
        208 100
        104 235
        235 105
        103 105
        107 236
        236 108
        106 108
        14 237
        237 121
        23 121
        120 121
        124 238
        238 125
        170 125
        123 125
        204 239
        239 140
        173 140
        183 143
        204 143
        182 144
        203 144
        174 144
        149 150
        192 150
        190 152
        149 152
        206 240
        240 154
        185 154
        190 154
        149 53
        52 53
        63 241
        241 64
        206 64
        194 77
        76 77
        202 242
        242 86
        52 86
        195 243
        243 99
        97 99
        98 99
        108 244
        244 110
        105 110
        120 122
        121 122
        13 245
        245 127
        22 127
        125 127
        141 246
        246 142
        140 142
        143 145
        144 145
        153 155
        154 155
        152 247
        247 159
        195 159
        178 159
        197 161
        152 161
        207 46
        155 46
        209 57
        53 57
        154 65
        64 65
        77 248
        248 79
        78 79
        87 249
        249 88
        86 88
        99 250
        250 101
        208 101
        100 101
        99 251
        251 112
        201 112
        122 126
        125 126
        186 146
        145 146
        145 252
        252 148
        147 148
        145 253
        253 151
        150 151
        182 156
        155 156
        194 162
        197 162
        161 162
        197 47
        200 47
        46 47
        200 58
        209 58
        57 58
        211 69
        65 69
        169 83
        79 83
        88 254
        254 89
        189 89
        100 255
        255 102
        210 102
        101 102
        112 114
        113 114
        126 128
        127 128
        144 157
        156 157
        162 256
        256 163
        181 163
        161 163
        47 257
        257 48
        181 48
        46 48
        58 258
        258 59
        181 59
        57 59
        209 70
        211 70
        69 70
        169 84
        212 84
        83 84
        186 90
        189 90
        89 90
        180 109
        102 109
        191 115
        114 115
        13 129
        128 129
        128 259
        259 132
        22 132
        178 158
        157 158
        203 164
        175 164
        163 164
        172 49
        175 49
        48 49
        172 60
        175 60
        59 60
        70 260
        260 71
        182 71
        69 71
        84 261
        261 85
        183 85
        83 85
        90 262
        262 91
        180 91
        89 91
        108 111
        109 111
        110 111
        115 117
        116 117
        129 131
        130 131
        132 134
        133 134
        158 160
        159 160
        163 165
        164 165
        48 50
        49 50
        59 61
        60 61
        172 72
        176 72
        71 72
        85 92
        91 92
        173 93
        176 93
        91 93
        21 263
        263 135
        131 135
        205 166
        165 166
        155 264
        264 167
        198 167
        165 167
        205 54
        50 54
        53 265
        265 55
        201 55
        50 55
        179 66
        61 66
        65 266
        266 67
        210 67
        61 67
        71 73
        72 73
        92 94
        93 94
        134 267
        267 136
        135 136
        166 168
        167 168
        54 56
        55 56
        66 68
        67 68
        179 80
        73 80
        79 268
        268 81
        213 81
        73 81
        179 95
        94 95
        80 82
        81 82
        96 27
        111 269
        269 28
        4 29
        117 270
        270 30
        136 31
        137 271
        271 32
        138 33
        139 272
        272 34
        117 35
        142 36
        146 273
        273 37
        148 38
        151 39
        160 40
        168 41
        56 42
        68 43
        82 44
        95 45
    ]
]
