circuit_name:lddnew_processed
[
    node:
    [
        1 x0 0 PI
        2 x1 0 PI
        3 x2 0 PI
        4 x3 0 PI
        5 x4 0 PI
        6 x5 0 PI
        7 x6 0 PI
        8 x7 0 PI
        9 x8 0 PI
        10 y0 6 PO
        11 y1 12 PO
        12 y2 15 PO
        13 y3 7 PO
        14 y4 7 PO
        15 y5 8 PO
        16 y6 6 PO
        17 y7 7 PO
        18 y8 13 PO
        19 y9 14 PO
        20 y10 14 PO
        21 y11 12 PO
        22 y12 12 PO
        23 y13 14 PO
        24 y14 14 PO
        25 y15 13 PO
        26 y16 8 PO
        27 y17 6 PO
        28 y18 5 PO
        29 n10 3 OR
        30 n100 9 OR
        31 n101 10 OR
        32 n102 3 AND
        33 n103 5 MAJ
        34 n104 5 MAJ
        35 n105 6 XOR
        36 n106 9 OR
        37 n107 11 MAJ
        38 n108 12 OR
        39 n109 7 MAJ
        40 n11 5 AND
        41 n110 4 AND
        42 n111 5 AND
        43 n112 3 AND
        44 n113 4 AND
        45 n12 4 AND
        46 n13 3 MAJ
        47 n14 5 AND
        48 n15 3 OR
        49 n16 4 MAJ
        50 n17 5 OR
        51 n18 4 AND
        52 n19 7 AND
        53 n20 3 OR
        54 n21 4 MAJ
        55 n22 5 OR
        56 n23 7 AND
        57 n24 2 OR
        58 n25 3 MAJ
        59 n26 4 OR
        60 n27 5 OR
        61 n28 4 MAJ
        62 n29 7 AND
        63 n30 9 OR
        64 n31 10 MAJ
        65 n32 11 OR
        66 n33 1 OR
        67 n34 2 MAJ
        68 n35 3 OR
        69 n36 4 OR
        70 n37 4 MAJ
        71 n38 6 AND
        72 n39 7 AND
        73 n40 4 MAJ
        74 n41 5 OR
        75 n42 9 OR
        76 n43 10 MAJ
        77 n44 11 AND
        78 n45 4 AND
        79 n46 6 AND
        80 n47 9 OR
        81 n48 12 MAJ
        82 n49 13 AND
        83 n50 3 AND
        84 n51 5 AND
        85 n52 4 MAJ
        86 n53 7 AND
        87 n54 5 AND
        88 n55 3 MAJ
        89 n56 3 XOR
        90 n57 4 AND
        91 n58 9 OR
        92 n59 10 OR
        93 n60 11 OR
        94 n61 10 MAJ
        95 n62 12 OR
        96 n63 4 XOR
        97 n64 5 AND
        98 n65 9 OR
        99 n66 10 MAJ
        100 n67 11 OR
        101 n68 12 OR
        102 n69 10 MAJ
        103 n70 13 OR
        104 n71 9 OR
        105 n72 10 MAJ
        106 n73 11 OR
        107 n74 10 MAJ
        108 n75 11 OR
        109 n76 4 MAJ
        110 n77 5 AND
        111 n78 6 AND
        112 n79 9 OR
        113 n80 10 OR
        114 n81 4 AND
        115 n82 5 AND
        116 n83 3 OR
        117 n84 4 AND
        118 n85 5 MAJ
        119 n86 11 OR
        120 n87 12 MAJ
        121 n88 13 OR
        122 n89 9 OR
        123 n90 10 OR
        124 n91 5 AND
        125 n92 4 AND
        126 n93 5 XOR
        127 n94 5 MAJ
        128 n95 7 MAJ
        129 n96 8 XOR
        130 n97 11 OR
        131 n98 12 MAJ
        132 n99 13 OR
        133 v1 6 VIR
        134 v10 8 VIR
        135 v11 8 VIR
        136 v12 8 VIR
        137 v13 8 VIR
        138 v14 6 VIR
        139 v15 5 VIR
        140 v16 1 VIR
        141 v17 1 VIR
        142 v18 1 VIR
        143 v19 1 VIR
        144 v2 8 VIR
        145 v20 1 VIR
        146 v21 1 VIR
        147 v22 1 VIR
        148 v23 1 VIR
        149 v24 1 VIR
        150 v25 1 VIR
        151 v26 1 VIR
        152 v27 1 VIR
        153 v28 1 VIR
        154 v29 1 VIR
        155 v3 8 VIR
        156 v30 1 VIR
        157 v31 2 VIR
        158 v32 2 VIR
        159 v33 2 VIR
        160 v34 2 VIR
        161 v35 2 VIR
        162 v36 2 VIR
        163 v37 2 VIR
        164 v38 2 VIR
        165 v39 2 VIR
        166 v4 8 VIR
        167 v40 2 VIR
        168 v41 2 VIR
        169 v42 2 VIR
        170 v43 2 VIR
        171 v44 2 VIR
        172 v45 2 VIR
        173 v46 2 VIR
        174 v47 2 VIR
        175 v48 2 VIR
        176 v49 2 VIR
        177 v5 8 VIR
        178 v50 2 VIR
        179 v6 8 VIR
        180 v7 8 VIR
        181 v8 8 VIR
        182 v9 8 VIR
        183 not1 1 INV
        184 not2 2 INV
        185 not3 3 INV
        186 not4 3 INV
        187 not5 3 INV
        188 not6 3 INV
        189 not7 3 INV
        190 not8 3 INV
        191 not9 3 INV
        192 not10 3 INV
        193 not11 3 INV
        194 not12 3 INV
        195 not13 3 INV
        196 not14 3 INV
        197 not15 3 INV
        198 not16 2 INV
        199 not17 4 INV
        200 not18 4 INV
        201 not19 3 INV
        202 not20 3 INV
        203 not21 5 INV
        204 not22 5 INV
        205 not23 4 INV
        206 not24 5 INV
        207 not25 3 INV
        208 not26 3 INV
        209 not27 3 INV
        210 not28 6 INV
        211 not29 6 INV
        212 not30 6 INV
        213 not31 6 INV
        214 not32 3 INV
        215 not33 6 INV
        216 not34 4 INV
        217 not35 6 INV
        218 not36 9 INV
        219 not37 9 INV
        220 not38 9 INV
        221 not39 9 INV
        222 not40 9 INV
        223 not41 9 INV
        224 not42 9 INV
        225 not43 10 INV
        226 not44 9 INV
        227 not45 9 INV
        228 not46 11 INV
        229 not47 11 INV
        230 not48 10 INV
        231 not49 14 INV
    ]
    edge:
    [
        5 66
        7 66
        5 183
        183 67
        4 67
        6 67
        1 140
        1 141
        1 142
        2 143
        2 145
        2 146
        3 147
        3 148
        3 149
        4 150
        4 151
        5 152
        9 153
        9 154
        9 156
        150 57
        6 57
        150 184
        184 58
        147 58
        152 58
        66 68
        67 68
        140 157
        140 158
        141 159
        141 160
        142 161
        142 162
        143 163
        143 164
        143 165
        145 167
        145 168
        145 169
        146 170
        146 171
        146 172
        147 173
        147 174
        148 175
        148 176
        149 178
        159 29
        169 29
        159 32
        154 32
        171 185
        185 41
        162 41
        162 43
        172 43
        164 186
        186 45
        153 45
        158 46
        165 46
        148 46
        173 48
        152 48
        173 187
        187 49
        163 49
        150 49
        157 188
        188 51
        6 51
        163 53
        151 53
        163 189
        189 54
        140 54
        173 54
        57 59
        58 59
        157 190
        190 61
        164 61
        7 61
        174 69
        68 69
        157 191
        191 70
        174 70
        8 70
        175 192
        192 73
        158 73
        8 73
        165 193
        193 78
        151 78
        167 83
        153 83
        176 194
        194 85
        141 85
        168 85
        160 88
        149 88
        154 88
        170 89
        160 89
        158 195
        195 109
        167 109
        175 109
        161 196
        196 114
        170 114
        176 116
        153 116
        175 197
        197 125
        167 125
        156 198
        198 33
        85 33
        32 33
        32 199
        199 34
        161 34
        171 34
        29 200
        200 40
        149 40
        178 201
        201 42
        41 42
        178 202
        202 44
        43 44
        45 47
        46 47
        48 50
        49 50
        53 55
        54 55
        164 60
        59 60
        69 203
        203 71
        70 71
        69 74
        73 74
        54 204
        204 79
        78 79
        46 205
        205 84
        83 84
        45 87
        85 87
        88 90
        89 90
        46 96
        142 96
        45 110
        109 110
        109 206
        206 111
        83 111
        156 115
        114 115
        170 207
        207 117
        116 117
        178 208
        208 124
        114 124
        125 126
        159 126
        168 209
        209 127
        154 127
        125 127
        85 139
        34 35
        33 35
        139 210
        210 39
        172 39
        89 39
        50 211
        211 52
        51 52
        55 212
        212 56
        152 56
        60 213
        213 62
        61 62
        168 214
        214 72
        71 72
        139 215
        215 86
        83 86
        156 97
        96 97
        116 216
        216 118
        161 118
        117 118
        126 217
        217 128
        171 128
        127 128
        47 133
        84 138
        128 129
        127 129
        62 134
        72 135
        72 136
        72 137
        52 144
        52 155
        52 166
        56 177
        56 179
        56 180
        62 181
        62 182
        136 30
        79 30
        166 36
        35 36
        155 63
        181 63
        155 218
        218 64
        47 64
        179 64
        144 75
        135 75
        135 219
        219 76
        169 76
        74 76
        182 80
        79 80
        177 91
        181 91
        136 220
        220 94
        155 94
        90 94
        177 98
        84 98
        177 221
        221 99
        144 99
        181 99
        137 222
        222 102
        47 102
        97 102
        182 104
        87 104
        134 223
        223 105
        179 105
        138 105
        180 224
        224 107
        133 107
        137 107
        135 112
        110 112
        144 122
        110 122
        111 31
        30 31
        63 65
        64 65
        75 225
        225 77
        76 77
        84 92
        91 92
        98 100
        99 100
        104 106
        105 106
        98 108
        107 108
        111 113
        112 113
        111 123
        122 123
        166 226
        226 37
        40 37
        31 37
        179 227
        227 81
        182 81
        77 81
        136 93
        92 93
        137 101
        100 101
        113 119
        118 119
        113 228
        228 120
        134 120
        115 120
        123 130
        129 130
        123 229
        229 131
        180 131
        124 131
        36 38
        37 38
        80 230
        230 82
        81 82
        93 95
        94 95
        101 103
        102 103
        119 121
        120 121
        130 132
        131 132
        40 10
        65 11
        82 231
        231 12
        79 13
        138 14
        86 15
        87 16
        133 17
        95 18
        103 19
        103 20
        106 21
        108 22
        121 23
        132 24
        38 25
        39 26
        42 27
        44 28
    ]
]
