circuit_name:misex1new_processed
[
    node:
    [
        1 x0 0 PI
        2 x1 0 PI
        3 x2 0 PI
        4 x3 0 PI
        5 x4 0 PI
        6 x5 0 PI
        7 x6 0 PI
        8 x7 0 PI
        9 y0 9 PO
        10 y1 9 PO
        11 y2 8 PO
        12 y3 9 PO
        13 y4 11 PO
        14 y5 10 PO
        15 y6 6 PO
        16 n10 4 MAJ
        17 n11 5 OR
        18 n12 6 XOR
        19 n13 3 OR
        20 n14 3 MAJ
        21 n15 5 AND
        22 n16 3 OR
        23 n17 3 MAJ
        24 n18 5 AND
        25 n19 3 AND
        26 n20 3 MAJ
        27 n21 5 AND
        28 n22 6 OR
        29 n23 7 MAJ
        30 n24 8 OR
        31 n25 3 MAJ
        32 n26 3 XOR
        33 n27 4 OR
        34 n28 5 AND
        35 n29 3 OR
        36 n30 3 MAJ
        37 n31 5 AND
        38 n32 4 AND
        39 n33 3 MAJ
        40 n34 5 AND
        41 n35 6 OR
        42 n36 7 MAJ
        43 n37 8 OR
        44 n38 4 MAJ
        45 n39 5 AND
        46 n40 5 MAJ
        47 n41 6 XOR
        48 n42 4 AND
        49 n43 5 AND
        50 n44 3 OR
        51 n45 4 AND
        52 n46 6 OR
        53 n47 7 MAJ
        54 n48 8 OR
        55 n49 3 OR
        56 n50 4 OR
        57 n51 3 MAJ
        58 n52 5 OR
        59 n53 4 AND
        60 n54 5 AND
        61 n55 3 MAJ
        62 n56 5 AND
        63 n57 4 AND
        64 n58 6 MAJ
        65 n59 7 MAJ
        66 n60 8 AND
        67 n61 9 AND
        68 n62 4 AND
        69 n63 4 MAJ
        70 n64 5 AND
        71 n65 4 MAJ
        72 n66 5 MAJ
        73 n67 6 AND
        74 n68 7 XOR
        75 n69 8 OR
        76 n70 7 MAJ
        77 n71 9 OR
        78 n72 3 MAJ
        79 n73 4 XOR
        80 n74 5 AND
        81 n9 3 MAJ
        82 v1 1 VIR
        83 v10 1 VIR
        84 v11 1 VIR
        85 v12 1 VIR
        86 v13 2 VIR
        87 v14 2 VIR
        88 v15 2 VIR
        89 v16 2 VIR
        90 v17 2 VIR
        91 v18 2 VIR
        92 v19 2 VIR
        93 v2 1 VIR
        94 v20 2 VIR
        95 v21 2 VIR
        96 v22 2 VIR
        97 v23 2 VIR
        98 v24 2 VIR
        99 v25 2 VIR
        100 v26 2 VIR
        101 v27 2 VIR
        102 v28 2 VIR
        103 v29 2 VIR
        104 v3 1 VIR
        105 v30 2 VIR
        106 v31 2 VIR
        107 v4 1 VIR
        108 v5 1 VIR
        109 v6 1 VIR
        110 v7 1 VIR
        111 v8 1 VIR
        112 v9 1 VIR
        113 not1 2 INV
        114 not2 3 INV
        115 not3 1 INV
        116 not4 1 INV
        117 not5 2 INV
        118 not6 2 INV
        119 not7 3 INV
        120 not8 1 INV
        121 not9 3 INV
        122 not10 3 INV
        123 not11 2 INV
        124 not12 3 INV
        125 not13 3 INV
        126 not14 3 INV
        127 not15 3 INV
        128 not16 3 INV
        129 not17 4 INV
        130 not18 4 INV
        131 not19 4 INV
        132 not20 4 INV
        133 not21 4 INV
        134 not22 3 INV
        135 not23 3 INV
        136 not24 3 INV
        137 not25 4 INV
        138 not26 3 INV
        139 not27 4 INV
        140 not28 3 INV
        141 not29 6 INV
        142 not30 6 INV
        143 not31 6 INV
        144 not32 5 INV
        145 not33 5 INV
        146 not34 7 INV
        147 not35 8 INV
        148 not36 7 INV
        149 not37 10 INV
    ]
    edge:
    [
        5 82
        8 83
        8 84
        8 85
        5 93
        5 104
        6 107
        6 108
        6 109
        7 110
        7 111
        7 112
        82 113
        113 81
        110 81
        83 81
        82 86
        82 87
        83 88
        83 89
        84 90
        84 91
        85 92
        93 94
        104 95
        107 96
        107 97
        108 98
        108 99
        109 100
        109 101
        110 102
        110 103
        111 105
        112 106
        96 114
        114 16
        88 16
        81 16
        86 19
        111 19
        2 115
        115 20
        87 20
        97 20
        98 22
        89 22
        4 116
        116 23
        98 23
        105 23
        97 25
        89 25
        87 26
        108 26
        105 26
        93 117
        117 31
        98 31
        84 31
        88 32
        102 32
        93 35
        90 35
        109 118
        118 36
        3 36
        94 36
        90 119
        119 38
        99 38
        2 120
        120 39
        99 39
        112 39
        101 121
        121 44
        95 44
        85 44
        96 122
        122 48
        102 48
        4 50
        86 50
        97 55
        103 55
        104 123
        123 57
        3 57
        91 57
        103 124
        124 59
        96 59
        4 61
        100 61
        112 61
        94 125
        125 63
        2 63
        100 126
        126 68
        85 68
        106 127
        127 69
        104 69
        101 69
        88 128
        128 71
        107 71
        102 71
        95 78
        106 78
        92 78
        105 17
        16 17
        19 129
        129 21
        20 21
        22 130
        130 24
        23 24
        26 131
        131 27
        25 27
        99 33
        32 33
        35 132
        132 37
        36 37
        39 133
        133 40
        38 40
        92 134
        134 45
        44 45
        106 46
        31 46
        44 46
        90 135
        135 49
        48 49
        1 51
        50 51
        94 56
        55 56
        91 136
        136 60
        59 60
        22 137
        137 62
        61 62
        68 70
        69 70
        86 138
        138 72
        111 72
        71 72
        78 79
        92 79
        17 18
        81 18
        21 28
        27 28
        31 139
        139 34
        33 34
        46 47
        45 47
        49 52
        51 52
        56 58
        57 58
        95 140
        140 64
        60 64
        63 64
        100 73
        72 73
        37 141
        141 76
        40 76
        70 76
        101 80
        79 80
        21 142
        142 29
        18 29
        24 29
        34 41
        40 41
        34 143
        143 42
        27 42
        37 42
        51 144
        144 53
        21 53
        52 53
        63 145
        145 65
        62 65
        64 65
        18 146
        146 66
        58 66
        73 74
        71 74
        28 30
        29 30
        41 43
        42 43
        27 54
        53 54
        65 147
        147 67
        66 67
        37 75
        74 75
        75 77
        76 77
        30 9
        43 10
        47 148
        148 11
        54 12
        67 149
        149 13
        77 14
        80 15
    ]
]
