circuit_name:misex2new_processed
[
    node:
    [
        1 x0 0 PI
        2 x1 0 PI
        3 x2 0 PI
        4 x3 0 PI
        5 x4 0 PI
        6 x5 0 PI
        7 x6 0 PI
        8 x7 0 PI
        9 x8 0 PI
        10 x9 0 PI
        11 x10 0 PI
        12 x11 0 PI
        13 x12 0 PI
        14 x13 0 PI
        15 x14 0 PI
        16 x15 0 PI
        17 x16 0 PI
        18 x17 0 PI
        19 x18 0 PI
        20 x19 0 PI
        21 x20 0 PI
        22 x21 0 PI
        23 x22 0 PI
        24 x23 0 PI
        25 x24 0 PI
        26 y0 6 PO
        27 y1 4 PO
        28 y2 8 PO
        29 y3 9 PO
        30 y4 8 PO
        31 y5 5 PO
        32 y6 7 PO
        33 y7 7 PO
        34 y8 6 PO
        35 y9 10 PO
        36 y10 10 PO
        37 y11 11 PO
        38 y12 8 PO
        39 y13 11 PO
        40 y14 7 PO
        41 y15 10 PO
        42 y16 8 PO
        43 y17 9 PO
        44 n100 5 AND
        45 n101 7 AND
        46 n102 8 MAJ
        47 n103 10 MAJ
        48 n104 5 MAJ
        49 n105 7 AND
        50 n106 5 AND
        51 n107 6 AND
        52 n108 2 MAJ
        53 n109 5 AND
        54 n110 8 MAJ
        55 n111 10 MAJ
        56 n112 3 AND
        57 n113 6 AND
        58 n114 3 AND
        59 n115 3 AND
        60 n116 4 AND
        61 n117 3 AND
        62 n118 3 AND
        63 n119 4 MAJ
        64 n120 5 MAJ
        65 n121 3 AND
        66 n122 3 MAJ
        67 n123 5 AND
        68 n124 3 AND
        69 n125 2 AND
        70 n126 3 AND
        71 n127 4 AND
        72 n128 3 MAJ
        73 n129 5 AND
        74 n130 5 AND
        75 n131 6 MAJ
        76 n132 7 MAJ
        77 n133 8 OR
        78 n134 6 MAJ
        79 n135 9 OR
        80 n136 3 AND
        81 n137 4 OR
        82 n138 6 MAJ
        83 n139 3 AND
        84 n140 4 MAJ
        85 n141 7 MAJ
        86 n142 6 MAJ
        87 n143 7 OR
        88 n26 2 OR
        89 n27 4 AND
        90 n28 3 AND
        91 n29 3 OR
        92 n30 3 AND
        93 n31 2 OR
        94 n32 5 OR
        95 n33 5 MAJ
        96 n34 7 AND
        97 n35 6 AND
        98 n36 2 MAJ
        99 n37 7 AND
        100 n38 2 AND
        101 n39 3 AND
        102 n40 3 AND
        103 n41 4 AND
        104 n42 6 AND
        105 n43 7 MAJ
        106 n44 8 MAJ
        107 n45 3 OR
        108 n46 5 OR
        109 n47 5 MAJ
        110 n48 7 AND
        111 n49 2 AND
        112 n50 4 AND
        113 n51 3 AND
        114 n52 2 MAJ
        115 n53 4 AND
        116 n54 5 AND
        117 n55 4 MAJ
        118 n56 6 AND
        119 n57 2 AND
        120 n58 3 AND
        121 n59 4 AND
        122 n60 3 MAJ
        123 n61 5 AND
        124 n62 4 MAJ
        125 n63 6 MAJ
        126 n64 4 AND
        127 n65 3 MAJ
        128 n66 5 AND
        129 n67 1 OR
        130 n68 2 MAJ
        131 n69 3 OR
        132 n70 5 AND
        133 n71 3 MAJ
        134 n72 6 AND
        135 n73 2 AND
        136 n74 3 AND
        137 n75 2 AND
        138 n76 3 AND
        139 n77 4 AND
        140 n78 2 MAJ
        141 n79 5 AND
        142 n80 7 AND
        143 n81 8 MAJ
        144 n82 9 MAJ
        145 n83 2 AND
        146 n84 3 AND
        147 n85 4 AND
        148 n86 2 MAJ
        149 n87 5 AND
        150 n88 6 AND
        151 n89 3 MAJ
        152 n90 7 AND
        153 n91 8 AND
        154 n92 9 AND
        155 n93 4 AND
        156 n94 2 OR
        157 n95 4 AND
        158 n96 5 AND
        159 n97 6 AND
        160 n98 4 AND
        161 n99 2 MAJ
        162 v1 8 VIR
        163 v10 1 VIR
        164 v11 1 VIR
        165 v12 1 VIR
        166 v13 1 VIR
        167 v14 1 VIR
        168 v15 1 VIR
        169 v16 1 VIR
        170 v17 1 VIR
        171 v18 1 VIR
        172 v19 1 VIR
        173 v2 3 VIR
        174 v20 1 VIR
        175 v21 1 VIR
        176 v22 1 VIR
        177 v23 1 VIR
        178 v24 1 VIR
        179 v25 1 VIR
        180 v26 1 VIR
        181 v27 1 VIR
        182 v28 1 VIR
        183 v29 1 VIR
        184 v3 5 VIR
        185 v30 1 VIR
        186 v31 1 VIR
        187 v32 1 VIR
        188 v33 1 VIR
        189 v34 1 VIR
        190 v35 1 VIR
        191 v36 1 VIR
        192 v37 1 VIR
        193 v38 2 VIR
        194 v39 2 VIR
        195 v4 5 VIR
        196 v40 2 VIR
        197 v41 2 VIR
        198 v42 2 VIR
        199 v43 2 VIR
        200 v44 2 VIR
        201 v45 2 VIR
        202 v46 2 VIR
        203 v47 2 VIR
        204 v48 2 VIR
        205 v5 4 VIR
        206 v6 4 VIR
        207 v7 4 VIR
        208 v8 4 VIR
        209 v9 1 VIR
        210 not1 1 INV
        211 not2 1 INV
        212 not3 1 INV
        213 not4 1 INV
        214 not5 1 INV
        215 not6 2 INV
        216 not7 2 INV
        217 not8 2 INV
        218 not9 2 INV
        219 not10 2 INV
        220 not11 2 INV
        221 not12 2 INV
        222 not13 2 INV
        223 not14 1 INV
        224 not15 1 INV
        225 not16 1 INV
        226 not17 1 INV
        227 not18 2 INV
        228 not19 2 INV
        229 not20 4 INV
        230 not21 1 INV
        231 not22 2 INV
        232 not23 2 INV
        233 not24 3 INV
        234 not25 3 INV
        235 not26 2 INV
        236 not27 2 INV
        237 not28 1 INV
        238 not29 3 INV
        239 not30 2 INV
        240 not31 2 INV
        241 not32 2 INV
        242 not33 1 INV
        243 not34 1 INV
        244 not35 1 INV
        245 not36 2 INV
        246 not37 3 INV
        247 not38 3 INV
        248 not39 3 INV
        249 not40 2 INV
        250 not41 3 INV
        251 not42 3 INV
        252 not43 5 INV
        253 not44 3 INV
        254 not45 3 INV
        255 not46 4 INV
        256 not47 3 INV
        257 not48 3 INV
        258 not49 6 INV
        259 not50 3 INV
        260 not51 5 INV
        261 not52 4 INV
        262 not53 5 INV
        263 not54 5 INV
        264 not55 5 INV
        265 not56 3 INV
        266 not57 4 INV
        267 not58 4 INV
        268 not59 4 INV
        269 not60 6 INV
        270 not61 2 INV
        271 not62 2 INV
        272 not63 6 INV
        273 not64 6 INV
        274 not65 5 INV
        275 not66 4 INV
        276 not67 6 INV
        277 not68 3 INV
        278 not69 6 INV
        279 not70 5 INV
        280 not71 9 INV
        281 not72 9 INV
        282 not73 7 INV
        283 not74 8 INV
        284 not75 2 INV
        285 not76 8 INV
    ]
    edge:
    [
        21 129
        23 129
        12 210
        210 137
        13 137
        16 211
        211 140
        15 140
        17 140
        4 212
        212 145
        5 145
        8 213
        213 148
        7 148
        9 148
        1 163
        1 164
        2 165
        2 166
        2 167
        11 168
        11 169
        11 170
        12 171
        13 172
        16 174
        18 175
        18 176
        19 177
        19 178
        20 179
        20 180
        20 181
        3 182
        3 183
        3 185
        21 186
        23 187
        25 188
        25 189
        10 190
        10 191
        10 192
        1 209
        17 214
        214 52
        15 52
        174 52
        181 215
        215 56
        176 56
        188 216
        216 59
        190 59
        189 217
        217 65
        18 65
        191 218
        218 66
        175 66
        180 66
        188 219
        219 68
        24 68
        179 69
        24 69
        185 220
        220 83
        167 83
        209 88
        165 88
        177 93
        180 93
        175 98
        177 98
        180 98
        209 100
        165 100
        190 221
        221 102
        168 102
        192 111
        170 111
        191 114
        169 114
        171 114
        168 119
        12 119
        171 222
        222 127
        192 127
        170 127
        21 223
        223 130
        179 130
        22 130
        22 224
        224 135
        186 135
        14 225
        225 138
        137 138
        6 226
        226 146
        145 146
        179 156
        186 156
        15 161
        174 161
        17 161
        165 193
        166 194
        167 196
        168 197
        169 198
        182 199
        183 200
        185 201
        190 202
        191 203
        192 204
        182 227
        227 58
        100 58
        202 61
        100 61
        188 228
        228 62
        197 62
        66 229
        229 67
        65 67
        25 230
        230 70
        69 70
        163 231
        231 72
        193 72
        202 72
        169 232
        232 80
        194 80
        201 233
        233 84
        181 84
        83 84
        88 234
        234 89
        182 89
        209 235
        235 90
        193 90
        199 91
        88 91
        175 236
        236 92
        198 92
        183 101
        100 101
        171 103
        102 103
        198 107
        176 107
        13 237
        237 113
        197 113
        196 238
        238 117
        164 117
        185 117
        172 239
        239 120
        119 120
        163 240
        240 122
        200 122
        203 122
        129 131
        130 131
        178 241
        241 133
        164 133
        194 133
        23 242
        242 136
        135 136
        16 243
        243 139
        138 139
        8 244
        244 147
        146 147
        163 245
        245 151
        166 151
        199 151
        156 246
        246 157
        22 157
        174 160
        138 160
        88 173
        161 247
        247 44
        160 44
        52 248
        248 53
        160 53
        58 60
        59 60
        189 249
        249 63
        61 63
        62 63
        193 250
        250 71
        70 71
        202 251
        251 74
        89 74
        200 81
        80 81
        103 252
        252 104
        172 104
        101 112
        111 112
        114 253
        253 115
        113 115
        183 121
        120 121
        201 254
        254 124
        196 124
        173 124
        170 126
        101 126
        131 255
        255 132
        194 132
        140 256
        256 141
        139 141
        148 257
        257 149
        147 149
        19 155
        90 155
        89 184
        89 195
        91 205
        91 206
        91 207
        136 208
        184 258
        258 45
        136 45
        204 259
        259 48
        206 48
        92 48
        187 50
        155 50
        207 260
        260 57
        56 57
        62 261
        261 64
        60 64
        63 64
        71 73
        72 73
        184 75
        68 75
        74 75
        81 262
        262 82
        164 82
        80 82
        207 263
        263 86
        204 86
        93 86
        205 94
        93 94
        203 95
        205 95
        92 95
        205 264
        264 97
        177 97
        172 105
        101 105
        104 105
        206 108
        107 108
        93 265
        265 109
        203 109
        206 109
        167 116
        115 116
        122 266
        266 123
        121 123
        127 267
        267 128
        126 128
        133 268
        268 134
        132 134
        141 269
        269 142
        184 142
        166 270
        270 150
        149 150
        187 271
        271 158
        155 158
        208 46
        44 46
        45 46
        94 272
        272 49
        48 49
        157 51
        50 51
        208 54
        45 54
        53 54
        74 273
        273 76
        73 76
        75 76
        207 274
        274 78
        64 78
        67 78
        83 275
        275 85
        82 85
        84 85
        108 87
        86 87
        94 276
        276 96
        95 96
        98 277
        277 99
        97 99
        108 278
        278 110
        109 110
        116 118
        117 118
        124 279
        279 125
        173 125
        123 125
        195 143
        136 143
        142 143
        150 152
        151 152
        157 159
        158 159
        45 162
        162 280
        280 47
        159 47
        46 47
        162 281
        281 55
        51 55
        54 55
        64 77
        76 77
        104 282
        282 106
        99 106
        105 106
        142 283
        283 144
        134 144
        143 144
        178 284
        284 153
        152 153
        77 79
        78 79
        98 154
        153 154
        195 26
        90 27
        96 28
        106 29
        110 30
        112 31
        118 32
        125 33
        128 34
        144 35
        154 36
        47 37
        49 38
        55 39
        57 40
        79 41
        85 42
        87 285
        285 43
    ]
]
