circuit_name:pclenew_processed
[
    node:
    [
        1 x0 0 PI
        2 x1 0 PI
        3 x2 0 PI
        4 x3 0 PI
        5 x4 0 PI
        6 x5 0 PI
        7 x6 0 PI
        8 x7 0 PI
        9 x8 0 PI
        10 x9 0 PI
        11 x10 0 PI
        12 x11 0 PI
        13 x12 0 PI
        14 x13 0 PI
        15 x14 0 PI
        16 x15 0 PI
        17 x16 0 PI
        18 x17 0 PI
        19 x18 0 PI
        20 y0 9 PO
        21 y1 9 PO
        22 y2 8 PO
        23 y3 9 PO
        24 y4 8 PO
        25 y5 9 PO
        26 y6 8 PO
        27 y7 8 PO
        28 y8 9 PO
        29 n20 2 AND
        30 n21 3 AND
        31 n22 4 AND
        32 n23 1 AND
        33 n24 2 MAJ
        34 n25 3 AND
        35 n26 1 AND
        36 n27 5 AND
        37 n28 6 XOR
        38 n29 7 OR
        39 n30 8 MAJ
        40 n31 2 AND
        41 n32 4 AND
        42 n33 3 MAJ
        43 n34 5 AND
        44 n35 6 XOR
        45 n36 7 OR
        46 n37 8 MAJ
        47 n38 6 AND
        48 n39 7 AND
        49 n40 2 AND
        50 n41 6 AND
        51 n42 8 MAJ
        52 n43 2 AND
        53 n44 2 XOR
        54 n45 6 OR
        55 n46 7 MAJ
        56 n47 2 AND
        57 n48 3 XOR
        58 n49 6 AND
        59 n50 7 MAJ
        60 n51 8 OR
        61 n52 3 AND
        62 n53 2 AND
        63 n54 4 XOR
        64 n55 6 OR
        65 n56 7 MAJ
        66 n57 2 AND
        67 n58 5 XOR
        68 n59 6 OR
        69 n60 7 MAJ
        70 n61 4 AND
        71 n62 5 XOR
        72 n63 6 AND
        73 n64 7 MAJ
        74 n65 8 OR
        75 v1 5 VIR
        76 v10 1 VIR
        77 v11 1 VIR
        78 v12 6 VIR
        79 v2 5 VIR
        80 v3 5 VIR
        81 v4 4 VIR
        82 v5 1 VIR
        83 v6 1 VIR
        84 v7 1 VIR
        85 v8 1 VIR
        86 v9 1 VIR
        87 not1 1 INV
        88 not2 2 INV
        89 not3 2 INV
        90 not4 1 INV
        91 not5 7 INV
    ]
    edge:
    [
        17 32
        19 32
        17 87
        87 33
        16 33
        18 33
        1 35
        2 35
        16 76
        17 77
        1 82
        2 83
        13 84
        13 85
        13 86
        11 29
        84 29
        84 88
        88 30
        14 30
        32 34
        33 34
        12 40
        84 40
        83 89
        89 42
        82 42
        3 42
        5 49
        86 49
        6 52
        85 52
        77 53
        76 53
        16 56
        77 56
        8 62
        85 62
        9 66
        85 66
        15 90
        90 31
        30 31
        2 41
        34 41
        56 57
        18 57
        18 61
        56 61
        1 70
        34 70
        34 81
        81 36
        35 36
        41 43
        42 43
        61 63
        19 63
        81 67
        82 67
        70 71
        83 71
        31 75
        31 79
        31 80
        36 37
        3 37
        43 44
        4 44
        4 47
        79 47
        76 50
        79 50
        79 54
        52 54
        75 58
        57 58
        80 64
        62 64
        80 68
        66 68
        75 72
        71 72
        75 78
        29 38
        78 38
        78 45
        40 45
        43 48
        47 48
        50 91
        91 51
        80 51
        49 51
        52 55
        53 55
        54 55
        7 59
        86 59
        58 59
        62 65
        63 65
        64 65
        66 69
        67 69
        68 69
        10 73
        86 73
        72 73
        29 39
        37 39
        38 39
        40 46
        44 46
        45 46
        58 60
        59 60
        72 74
        73 74
        39 20
        46 21
        48 22
        51 23
        55 24
        60 25
        65 26
        69 27
        74 28
    ]
]
