circuit_name:pcler8new_processed
[
    node:
    [
        1 x0 0 PI
        2 x1 0 PI
        3 x2 0 PI
        4 x3 0 PI
        5 x4 0 PI
        6 x5 0 PI
        7 x6 0 PI
        8 x7 0 PI
        9 x8 0 PI
        10 x9 0 PI
        11 x10 0 PI
        12 x11 0 PI
        13 x12 0 PI
        14 x13 0 PI
        15 x14 0 PI
        16 x15 0 PI
        17 x16 0 PI
        18 x17 0 PI
        19 x18 0 PI
        20 x19 0 PI
        21 x20 0 PI
        22 x21 0 PI
        23 x22 0 PI
        24 x23 0 PI
        25 x24 0 PI
        26 x25 0 PI
        27 x26 0 PI
        28 y0 10 PO
        29 y1 3 PO
        30 y2 3 PO
        31 y3 4 PO
        32 y4 4 PO
        33 y5 3 PO
        34 y6 3 PO
        35 y7 4 PO
        36 y8 3 PO
        37 y9 14 PO
        38 y10 12 PO
        39 y11 13 PO
        40 y12 12 PO
        41 y13 12 PO
        42 y14 12 PO
        43 y15 12 PO
        44 y16 12 PO
        45 n100 10 OR
        46 n101 10 MAJ
        47 n102 11 OR
        48 n103 7 AND
        49 n104 8 AND
        50 n105 7 AND
        51 n106 8 MAJ
        52 n107 9 AND
        53 n108 10 OR
        54 n109 10 MAJ
        55 n110 11 OR
        56 n28 1 AND
        57 n29 3 MAJ
        58 n30 4 AND
        59 n31 5 AND
        60 n32 3 MAJ
        61 n33 6 AND
        62 n34 3 AND
        63 n35 4 AND
        64 n36 7 AND
        65 n37 8 AND
        66 n38 2 AND
        67 n39 2 AND
        68 n40 3 AND
        69 n41 3 AND
        70 n42 2 AND
        71 n43 2 AND
        72 n44 3 AND
        73 n45 2 AND
        74 n46 10 AND
        75 n47 7 OR
        76 n48 11 MAJ
        77 n49 12 MAJ
        78 n50 13 OR
        79 n51 2 AND
        80 n52 7 MAJ
        81 n53 8 MAJ
        82 n54 3 AND
        83 n55 6 AND
        84 n56 9 OR
        85 n57 10 MAJ
        86 n58 11 OR
        87 n59 3 AND
        88 n60 7 MAJ
        89 n61 8 MAJ
        90 n62 7 AND
        91 n63 8 MAJ
        92 n64 10 AND
        93 n65 11 OR
        94 n66 11 MAJ
        95 n67 12 OR
        96 n68 4 AND
        97 n69 6 MAJ
        98 n70 7 MAJ
        99 n71 6 AND
        100 n72 7 AND
        101 n73 8 OR
        102 n74 10 MAJ
        103 n75 11 OR
        104 n76 6 AND
        105 n77 7 MAJ
        106 n78 9 MAJ
        107 n79 7 AND
        108 n80 8 AND
        109 n81 10 OR
        110 n82 10 MAJ
        111 n83 11 OR
        112 n84 7 AND
        113 n85 8 MAJ
        114 n86 9 MAJ
        115 n87 7 AND
        116 n88 6 MAJ
        117 n89 8 AND
        118 n90 10 OR
        119 n91 10 MAJ
        120 n92 11 OR
        121 n93 2 AND
        122 n94 6 AND
        123 n95 7 AND
        124 n96 8 MAJ
        125 n97 9 MAJ
        126 n98 8 AND
        127 n99 9 AND
        128 v1 5 VIR
        129 v10 4 VIR
        130 v11 7 VIR
        131 v12 1 VIR
        132 v13 1 VIR
        133 v14 1 VIR
        134 v15 1 VIR
        135 v16 1 VIR
        136 v17 1 VIR
        137 v18 1 VIR
        138 v19 1 VIR
        139 v2 5 VIR
        140 v20 1 VIR
        141 v21 1 VIR
        142 v22 1 VIR
        143 v23 2 VIR
        144 v24 2 VIR
        145 v25 6 VIR
        146 v26 6 VIR
        147 v27 6 VIR
        148 v28 6 VIR
        149 v29 6 VIR
        150 v3 5 VIR
        151 v4 5 VIR
        152 v5 5 VIR
        153 v6 9 VIR
        154 v7 9 VIR
        155 v8 9 VIR
        156 v9 3 VIR
        157 not1 2 INV
        158 not2 2 INV
        159 not3 2 INV
        160 not4 2 INV
        161 not5 1 INV
        162 not6 5 INV
        163 not7 6 INV
        164 not8 2 INV
        165 not9 1 INV
        166 not10 7 INV
        167 not11 7 INV
        168 not12 5 INV
        169 not13 7 INV
        170 not14 4 INV
        171 not15 5 INV
        172 not16 9 INV
        173 not17 8 INV
        174 not18 7 INV
        175 not19 8 INV
        176 not20 8 INV
        177 not21 2 INV
    ]
    edge:
    [
        7 56
        9 56
        2 131
        11 132
        11 133
        21 134
        21 135
        21 136
        6 137
        6 138
        7 140
        7 141
        10 142
        140 157
        157 57
        6 57
        8 57
        132 158
        158 60
        10 60
        12 60
        134 159
        159 62
        22 62
        13 66
        136 66
        14 67
        134 67
        17 70
        135 70
        18 71
        135 71
        20 73
        136 73
        137 79
        140 79
        141 160
        160 82
        137 82
        10 121
        132 121
        134 143
        135 144
        56 58
        57 58
        23 161
        161 63
        62 63
        15 68
        143 68
        16 69
        143 69
        19 72
        144 72
        8 87
        79 87
        79 156
        11 59
        58 59
        9 96
        87 96
        58 128
        87 129
        58 139
        63 150
        63 151
        63 152
        59 61
        60 61
        152 83
        82 83
        151 97
        129 97
        96 97
        129 162
        162 99
        9 99
        142 104
        128 104
        139 163
        163 107
        142 107
        133 164
        164 116
        142 116
        139 116
        128 122
        121 122
        150 145
        150 146
        151 147
        151 148
        152 149
        2 165
        165 48
        61 48
        131 50
        148 50
        61 166
        166 51
        131 51
        5 51
        2 64
        61 64
        137 75
        145 75
        140 80
        145 80
        79 80
        145 88
        156 88
        87 88
        8 90
        146 90
        146 167
        167 91
        138 91
        141 91
        96 168
        168 98
        69 98
        97 98
        152 100
        99 100
        128 105
        147 105
        104 105
        149 108
        107 108
        132 112
        104 112
        133 115
        147 115
        12 123
        122 123
        122 169
        169 126
        12 126
        104 130
        149 49
        48 49
        50 52
        51 52
        150 65
        64 65
        156 170
        170 81
        67 81
        80 81
        129 171
        171 89
        68 89
        88 89
        91 172
        172 92
        90 92
        98 101
        100 101
        130 173
        173 106
        70 106
        105 106
        147 113
        130 113
        112 113
        116 174
        174 117
        115 117
        148 124
        122 124
        123 124
        149 127
        126 127
        49 53
        52 53
        20 54
        136 54
        52 54
        81 84
        83 84
        89 93
        92 93
        106 109
        108 109
        112 175
        175 114
        71 114
        113 114
        123 176
        176 125
        72 125
        124 125
        65 153
        65 154
        65 155
        125 45
        127 45
        4 46
        155 46
        127 46
        53 55
        54 55
        24 74
        153 74
        25 85
        153 85
        83 85
        26 94
        153 94
        92 94
        27 102
        154 102
        100 102
        1 110
        154 110
        108 110
        114 118
        117 118
        3 119
        154 119
        117 119
        45 47
        46 47
        138 177
        177 76
        74 76
        75 76
        84 86
        85 86
        93 95
        94 95
        101 103
        102 103
        109 111
        110 111
        118 120
        119 120
        13 77
        144 77
        76 77
        76 78
        77 78
        155 28
        66 29
        67 30
        68 31
        69 32
        70 33
        71 34
        72 35
        73 36
        78 37
        86 38
        95 39
        103 40
        111 41
        120 42
        47 43
        55 44
    ]
]
