circuit_name:pm1new_processed
[
    node:
    [
        1 x0 0 PI
        2 x1 0 PI
        3 x2 0 PI
        4 x3 0 PI
        5 x4 0 PI
        6 x5 0 PI
        7 x6 0 PI
        8 x7 0 PI
        9 x8 0 PI
        10 x9 0 PI
        11 x10 0 PI
        12 x11 0 PI
        13 x12 0 PI
        14 x13 0 PI
        15 x14 0 PI
        16 x15 0 PI
        17 y0 6 PO
        18 y1 8 PO
        19 y2 4 PO
        20 y3 9 PO
        21 y4 5 PO
        22 y5 6 PO
        23 y6 7 PO
        24 y7 8 PO
        25 y8 2 PO
        26 y9 2 PO
        27 y10 7 PO
        28 y11 2 PO
        29 y12 9 PO
        30 n17 2 XOR
        31 n18 4 MAJ
        32 n19 5 AND
        33 n20 2 AND
        34 n21 2 AND
        35 n22 3 MAJ
        36 n23 5 MAJ
        37 n24 6 AND
        38 n25 4 MAJ
        39 n26 7 AND
        40 n27 2 OR
        41 n28 3 OR
        42 n29 1 AND
        43 n30 2 AND
        44 n31 4 MAJ
        45 n32 6 AND
        46 n33 2 AND
        47 n34 3 MAJ
        48 n35 4 AND
        49 n36 5 AND
        50 n37 7 MAJ
        51 n38 8 AND
        52 n39 3 AND
        53 n40 3 AND
        54 n41 2 MAJ
        55 n42 4 AND
        56 n43 5 AND
        57 n44 2 AND
        58 n45 2 MAJ
        59 n46 3 AND
        60 n47 4 AND
        61 n48 3 MAJ
        62 n49 5 AND
        63 n50 1 AND
        64 n51 2 AND
        65 n52 3 MAJ
        66 n53 5 MAJ
        67 n54 3 AND
        68 n55 6 AND
        69 n56 2 AND
        70 n57 4 OR
        71 n58 5 MAJ
        72 n59 6 MAJ
        73 n60 2 AND
        74 n61 3 AND
        75 n62 4 MAJ
        76 n63 6 MAJ
        77 n64 7 AND
        78 v1 3 VIR
        79 v10 1 VIR
        80 v11 1 VIR
        81 v12 1 VIR
        82 v13 1 VIR
        83 v14 1 VIR
        84 v15 2 VIR
        85 v16 2 VIR
        86 v17 2 VIR
        87 v18 2 VIR
        88 v19 2 VIR
        89 v2 1 VIR
        90 v3 1 VIR
        91 v4 1 VIR
        92 v5 1 VIR
        93 v6 1 VIR
        94 v7 1 VIR
        95 v8 1 VIR
        96 v9 1 VIR
        97 not1 1 INV
        98 not2 1 INV
        99 not3 1 INV
        100 not4 1 INV
        101 not5 2 INV
        102 not6 1 INV
        103 not7 3 INV
        104 not8 4 INV
        105 not9 3 INV
        106 not10 3 INV
        107 not11 2 INV
        108 not12 2 INV
        109 not13 2 INV
        110 not14 4 INV
        111 not15 2 INV
        112 not16 5 INV
        113 not17 5 INV
        114 not18 2 INV
        115 not19 2 INV
        116 not20 5 INV
        117 not21 5 INV
        118 not22 4 INV
        119 not23 6 INV
        120 not24 7 INV
        121 not25 1 INV
        122 not26 1 INV
        123 not27 1 INV
        124 not28 8 INV
    ]
    edge:
    [
        5 97
        97 34
        6 34
        6 42
        7 42
        13 98
        98 46
        3 46
        10 99
        99 58
        8 58
        11 58
        10 63
        11 63
        8 100
        100 64
        9 64
        15 79
        15 80
        3 81
        4 82
        6 83
        12 89
        12 90
        12 91
        13 92
        14 93
        14 94
        14 95
        15 96
        79 30
        93 30
        3 33
        89 33
        83 35
        7 35
        34 35
        4 40
        94 40
        89 43
        96 43
        96 101
        101 47
        81 47
        4 47
        13 102
        102 54
        81 54
        90 54
        10 57
        90 57
        9 65
        63 65
        64 65
        82 69
        91 69
        7 73
        89 73
        34 78
        79 84
        93 85
        94 86
        95 87
        96 88
        30 103
        103 31
        81 31
        92 31
        35 104
        104 36
        33 36
        34 36
        84 105
        105 38
        92 38
        94 38
        80 41
        40 41
        88 106
        106 44
        5 44
        42 44
        46 48
        47 48
        93 107
        107 52
        88 52
        90 108
        108 53
        85 53
        57 59
        58 59
        95 109
        109 61
        9 61
        84 61
        65 110
        110 66
        80 66
        64 66
        91 67
        87 67
        79 74
        73 74
        92 111
        111 32
        31 32
        85 37
        36 37
        44 112
        112 45
        43 45
        86 49
        48 49
        53 55
        54 55
        95 60
        59 60
        66 68
        67 68
        5 70
        52 70
        83 75
        78 75
        74 75
        38 113
        113 39
        37 39
        82 114
        114 50
        86 50
        45 50
        80 56
        55 56
        60 62
        61 62
        42 115
        115 71
        52 71
        70 71
        75 116
        116 76
        87 76
        78 76
        49 51
        50 51
        70 117
        117 72
        69 72
        71 72
        46 77
        76 77
        32 17
        39 18
        41 19
        51 20
        52 118
        118 21
        56 22
        62 119
        119 23
        68 120
        120 24
        1 121
        121 25
        16 122
        122 26
        72 27
        2 123
        123 28
        77 124
        124 29
    ]
]
