circuit_name:rd53new_processed
[
    node:
    [
        1 x0 0 PI
        2 x1 0 PI
        3 x2 0 PI
        4 x3 0 PI
        5 x4 0 PI
        6 y0 13 PO
        7 y1 14 PO
        8 y2 10 PO
        9 n10 5 MAJ
        10 n11 3 XOR
        11 n12 5 AND
        12 n13 6 MAJ
        13 n14 5 AND
        14 n15 4 AND
        15 n16 5 AND
        16 n17 2 OR
        17 n18 3 OR
        18 n19 4 MAJ
        19 n20 6 MAJ
        20 n21 7 AND
        21 n22 4 AND
        22 n23 5 MAJ
        23 n24 8 MAJ
        24 n25 4 AND
        25 n26 9 OR
        26 n27 7 MAJ
        27 n28 10 OR
        28 n29 4 AND
        29 n30 4 AND
        30 n31 5 MAJ
        31 n32 6 AND
        32 n33 6 MAJ
        33 n34 7 MAJ
        34 n35 5 AND
        35 n36 6 MAJ
        36 n37 5 MAJ
        37 n38 8 AND
        38 n39 3 AND
        39 n40 6 MAJ
        40 n41 9 MAJ
        41 n42 7 MAJ
        42 n43 5 AND
        43 n44 8 XOR
        44 n45 9 MAJ
        45 n46 6 MAJ
        46 n47 10 MAJ
        47 n48 11 OR
        48 n49 11 MAJ
        49 n50 12 OR
        50 n51 3 AND
        51 n52 4 MAJ
        52 n53 6 AND
        53 n54 3 AND
        54 n55 4 AND
        55 n56 5 MAJ
        56 n57 7 MAJ
        57 n58 4 AND
        58 n59 4 MAJ
        59 n6 3 AND
        60 n60 6 AND
        61 n61 3 AND
        62 n62 5 MAJ
        63 n63 4 MAJ
        64 n64 7 AND
        65 n65 2 XOR
        66 n66 4 MAJ
        67 n67 6 AND
        68 n68 4 AND
        69 n69 4 MAJ
        70 n7 4 AND
        71 n70 5 AND
        72 n71 3 OR
        73 n72 5 AND
        74 n73 6 OR
        75 n74 7 AND
        76 n75 9 MAJ
        77 n76 10 OR
        78 n77 10 MAJ
        79 n78 11 OR
        80 n79 12 OR
        81 n8 3 AND
        82 n80 8 MAJ
        83 n81 13 OR
        84 n82 3 AND
        85 n83 4 MAJ
        86 n84 5 AND
        87 n85 4 MAJ
        88 n86 5 AND
        89 n87 5 AND
        90 n88 3 OR
        91 n89 6 AND
        92 n9 4 AND
        93 n90 8 MAJ
        94 n91 6 OR
        95 n92 9 OR
        96 v1 5 VIR
        97 v10 1 VIR
        98 v11 1 VIR
        99 v12 1 VIR
        100 v13 1 VIR
        101 v14 1 VIR
        102 v15 1 VIR
        103 v16 1 VIR
        104 v17 1 VIR
        105 v18 2 VIR
        106 v19 2 VIR
        107 v2 5 VIR
        108 v20 2 VIR
        109 v21 2 VIR
        110 v22 2 VIR
        111 v23 2 VIR
        112 v24 2 VIR
        113 v25 2 VIR
        114 v26 2 VIR
        115 v27 2 VIR
        116 v28 2 VIR
        117 v29 2 VIR
        118 v3 1 VIR
        119 v30 2 VIR
        120 v31 2 VIR
        121 v32 2 VIR
        122 v33 2 VIR
        123 v34 2 VIR
        124 v35 2 VIR
        125 v36 2 VIR
        126 v37 2 VIR
        127 v38 2 VIR
        128 v39 2 VIR
        129 v4 1 VIR
        130 v40 2 VIR
        131 v41 3 VIR
        132 v42 3 VIR
        133 v43 3 VIR
        134 v44 3 VIR
        135 v5 1 VIR
        136 v6 1 VIR
        137 v7 1 VIR
        138 v8 1 VIR
        139 v9 1 VIR
        140 not1 2 INV
        141 not2 2 INV
        142 not3 3 INV
        143 not4 3 INV
        144 not5 3 INV
        145 not6 2 INV
        146 not7 3 INV
        147 not8 3 INV
        148 not9 4 INV
        149 not10 3 INV
        150 not11 3 INV
        151 not12 3 INV
        152 not13 3 INV
        153 not14 3 INV
        154 not15 3 INV
        155 not16 4 INV
        156 not17 4 INV
        157 not18 2 INV
        158 not19 2 INV
        159 not20 4 INV
        160 not21 5 INV
        161 not22 3 INV
        162 not23 5 INV
        163 not24 2 INV
        164 not25 6 INV
        165 not26 5 INV
        166 not27 4 INV
        167 not28 4 INV
        168 not29 4 INV
        169 not30 7 INV
        170 not31 6 INV
        171 not32 5 INV
        172 not33 5 INV
        173 not34 5 INV
        174 not35 4 INV
        175 not36 5 INV
        176 not37 6 INV
        177 not38 4 INV
        178 not39 3 INV
        179 not40 7 INV
        180 not41 7 INV
        181 not42 6 INV
        182 not43 8 INV
        183 not44 8 INV
        184 not45 6 INV
        185 not46 8 INV
    ]
    edge:
    [
        3 97
        3 98
        4 99
        4 100
        4 101
        5 102
        5 103
        5 104
        1 118
        1 129
        1 135
        2 136
        2 137
        2 138
        3 139
        139 16
        99 16
        101 140
        140 61
        135 61
        103 65
        100 65
        139 141
        141 81
        99 81
        97 105
        98 106
        99 108
        100 109
        102 110
        103 111
        104 112
        118 113
        118 114
        129 115
        129 116
        135 117
        135 119
        136 120
        136 121
        136 122
        137 123
        137 124
        137 125
        138 126
        138 127
        138 128
        139 130
        120 10
        113 10
        108 142
        142 14
        130 14
        102 17
        16 17
        113 143
        143 21
        120 21
        16 144
        144 28
        111 28
        111 29
        81 29
        116 38
        124 38
        104 145
        145 50
        124 50
        105 146
        146 51
        116 51
        125 51
        116 53
        109 53
        105 147
        147 54
        125 54
        130 59
        100 59
        61 148
        148 62
        127 62
        112 62
        127 63
        106 63
        61 63
        65 149
        149 66
        122 66
        97 66
        121 150
        150 68
        111 68
        114 151
        151 69
        121 69
        109 69
        118 72
        108 72
        128 84
        112 84
        128 152
        152 85
        119 85
        101 85
        127 153
        153 87
        117 87
        106 87
        119 90
        128 90
        110 154
        154 92
        81 92
        120 131
        121 132
        123 133
        126 134
        10 155
        155 11
        92 11
        133 156
        156 13
        115 13
        102 157
        157 15
        14 15
        113 18
        131 18
        17 18
        104 158
        158 24
        59 24
        17 159
        159 30
        123 30
        29 30
        110 34
        14 34
        29 160
        160 35
        115 35
        133 35
        124 161
        161 36
        115 36
        28 36
        51 162
        162 52
        50 52
        98 163
        163 55
        53 55
        54 55
        134 57
        101 57
        117 58
        134 58
        98 58
        62 164
        164 64
        63 64
        66 165
        165 67
        97 67
        103 70
        59 70
        68 71
        69 71
        72 166
        166 73
        110 73
        84 86
        85 86
        84 88
        87 88
        21 96
        21 107
        132 167
        167 9
        70 9
        92 9
        131 168
        168 19
        114 19
        15 19
        122 22
        70 22
        21 22
        96 31
        30 31
        125 32
        96 32
        28 32
        35 169
        169 37
        36 37
        126 39
        34 39
        38 39
        34 170
        170 41
        114 41
        132 41
        123 42
        24 42
        126 45
        15 45
        107 45
        54 171
        171 56
        52 56
        55 56
        58 172
        172 60
        57 60
        92 74
        73 74
        57 89
        87 89
        70 173
        173 91
        90 91
        86 94
        88 94
        10 174
        174 12
        9 12
        11 12
        18 175
        175 20
        19 20
        107 176
        176 33
        31 33
        32 33
        38 177
        177 40
        37 40
        39 40
        41 43
        129 43
        122 178
        178 75
        74 75
        60 179
        179 82
        56 82
        64 82
        91 180
        180 93
        89 93
        90 93
        96 181
        181 23
        20 23
        22 23
        12 26
        13 26
        24 26
        41 182
        182 44
        42 44
        43 44
        75 183
        183 76
        71 76
        74 76
        93 95
        94 95
        12 25
        23 25
        107 184
        184 46
        44 46
        45 46
        67 77
        76 77
        117 78
        28 78
        76 78
        25 27
        26 27
        33 47
        46 47
        77 79
        78 79
        33 185
        185 48
        27 48
        40 48
        60 80
        79 80
        47 49
        48 49
        80 83
        82 83
        49 6
        83 7
        95 8
    ]
]
