circuit_name:rd73new_processed
[
    node:
    [
        1 x0 0 PI
        2 x1 0 PI
        3 x2 0 PI
        4 x3 0 PI
        5 x4 0 PI
        6 x5 0 PI
        7 x6 0 PI
        8 y0 23 PO
        9 y1 17 PO
        10 y2 21 PO
        11 n10 6 AND
        12 n100 5 AND
        13 n101 8 AND
        14 n102 8 AND
        15 n103 10 MAJ
        16 n104 8 AND
        17 n105 8 AND
        18 n106 10 MAJ
        19 n107 11 MAJ
        20 n108 12 OR
        21 n109 8 AND
        22 n11 3 AND
        23 n110 7 AND
        24 n111 9 MAJ
        25 n112 13 OR
        26 n113 10 MAJ
        27 n114 14 OR
        28 n115 15 OR
        29 n116 15 MAJ
        30 n117 16 OR
        31 n118 8 AND
        32 n119 9 AND
        33 n12 4 AND
        34 n120 8 OR
        35 n121 9 AND
        36 n122 11 MAJ
        37 n123 4 MAJ
        38 n124 9 AND
        39 n125 7 OR
        40 n126 8 AND
        41 n127 10 MAJ
        42 n128 4 OR
        43 n129 8 MAJ
        44 n13 5 AND
        45 n130 7 MAJ
        46 n131 9 AND
        47 n132 11 OR
        48 n133 10 MAJ
        49 n134 12 OR
        50 n135 8 AND
        51 n136 8 AND
        52 n137 10 MAJ
        53 n138 5 AND
        54 n139 7 MAJ
        55 n14 4 MAJ
        56 n140 7 MAJ
        57 n141 8 AND
        58 n142 7 AND
        59 n143 8 AND
        60 n144 10 MAJ
        61 n145 6 AND
        62 n146 7 MAJ
        63 n147 11 MAJ
        64 n148 12 OR
        65 n149 12 MAJ
        66 n15 7 AND
        67 n150 13 OR
        68 n151 14 OR
        69 n152 14 MAJ
        70 n153 15 OR
        71 n154 16 OR
        72 n155 17 MAJ
        73 n156 18 OR
        74 n157 8 MAJ
        75 n158 9 AND
        76 n159 9 AND
        77 n16 4 AND
        78 n160 10 MAJ
        79 n161 7 AND
        80 n162 4 MAJ
        81 n163 8 AND
        82 n164 8 AND
        83 n165 9 OR
        84 n166 10 MAJ
        85 n167 11 OR
        86 n168 11 MAJ
        87 n169 12 OR
        88 n17 4 MAJ
        89 n170 13 OR
        90 n171 13 MAJ
        91 n172 14 OR
        92 n173 19 OR
        93 n174 15 MAJ
        94 n175 20 OR
        95 n176 21 OR
        96 n177 18 MAJ
        97 n178 22 OR
        98 n179 3 AND
        99 n18 6 AND
        100 n180 4 MAJ
        101 n181 5 AND
        102 n182 3 AND
        103 n183 4 AND
        104 n184 3 AND
        105 n185 4 AND
        106 n186 5 OR
        107 n187 6 AND
        108 n188 8 MAJ
        109 n189 3 AND
        110 n19 9 AND
        111 n190 4 AND
        112 n191 3 XOR
        113 n192 5 MAJ
        114 n193 6 MAJ
        115 n194 4 AND
        116 n195 4 MAJ
        117 n196 5 AND
        118 n197 3 AND
        119 n198 4 AND
        120 n199 3 AND
        121 n20 8 AND
        122 n200 4 AND
        123 n201 4 AND
        124 n202 6 AND
        125 n203 8 MAJ
        126 n204 9 MAJ
        127 n205 6 AND
        128 n206 3 AND
        129 n207 4 AND
        130 n208 6 AND
        131 n209 7 AND
        132 n21 10 MAJ
        133 n210 9 MAJ
        134 n211 4 MAJ
        135 n212 5 AND
        136 n213 7 OR
        137 n214 8 AND
        138 n215 10 MAJ
        139 n216 11 OR
        140 n217 10 MAJ
        141 n218 12 OR
        142 n219 4 MAJ
        143 n22 4 OR
        144 n220 5 AND
        145 n221 3 AND
        146 n222 4 MAJ
        147 n223 5 AND
        148 n224 6 OR
        149 n225 6 MAJ
        150 n226 7 OR
        151 n227 4 AND
        152 n228 6 AND
        153 n229 7 MAJ
        154 n23 6 AND
        155 n230 4 AND
        156 n231 6 AND
        157 n232 6 OR
        158 n233 7 AND
        159 n234 9 MAJ
        160 n235 10 OR
        161 n236 10 MAJ
        162 n237 11 OR
        163 n238 5 AND
        164 n239 4 AND
        165 n24 8 AND
        166 n240 6 AND
        167 n241 7 OR
        168 n242 7 MAJ
        169 n243 8 OR
        170 n244 3 AND
        171 n245 4 MAJ
        172 n246 5 AND
        173 n247 8 OR
        174 n248 8 MAJ
        175 n249 9 OR
        176 n25 4 MAJ
        177 n250 5 AND
        178 n251 5 AND
        179 n252 6 MAJ
        180 n253 7 OR
        181 n254 10 OR
        182 n255 11 MAJ
        183 n256 12 OR
        184 n257 13 OR
        185 n258 13 MAJ
        186 n259 14 OR
        187 n26 9 AND
        188 n260 15 OR
        189 n261 9 MAJ
        190 n262 16 OR
        191 n263 7 AND
        192 n264 8 AND
        193 n265 4 OR
        194 n266 6 AND
        195 n267 4 AND
        196 n268 6 AND
        197 n269 7 AND
        198 n27 4 MAJ
        199 n270 4 MAJ
        200 n271 8 AND
        201 n272 9 OR
        202 n273 9 MAJ
        203 n274 10 OR
        204 n275 3 AND
        205 n276 5 OR
        206 n277 5 AND
        207 n278 6 AND
        208 n279 7 AND
        209 n28 7 AND
        210 n280 7 AND
        211 n281 9 MAJ
        212 n282 7 AND
        213 n283 8 MAJ
        214 n284 10 MAJ
        215 n285 4 AND
        216 n286 5 AND
        217 n287 4 AND
        218 n288 5 AND
        219 n289 7 AND
        220 n29 8 OR
        221 n290 8 AND
        222 n291 7 OR
        223 n292 8 AND
        224 n293 10 MAJ
        225 n294 8 AND
        226 n295 6 AND
        227 n296 4 MAJ
        228 n297 7 AND
        229 n298 9 OR
        230 n299 8 MAJ
        231 n30 9 AND
        232 n300 10 OR
        233 n301 7 AND
        234 n302 3 MAJ
        235 n303 8 AND
        236 n304 8 AND
        237 n305 8 AND
        238 n306 10 MAJ
        239 n307 11 OR
        240 n308 12 MAJ
        241 n309 13 OR
        242 n31 11 MAJ
        243 n310 4 AND
        244 n311 5 AND
        245 n312 5 AND
        246 n313 3 AND
        247 n314 4 AND
        248 n315 7 AND
        249 n316 8 AND
        250 n317 10 MAJ
        251 n318 7 AND
        252 n319 4 AND
        253 n32 4 AND
        254 n320 5 AND
        255 n321 7 AND
        256 n322 9 MAJ
        257 n323 7 AND
        258 n324 3 MAJ
        259 n325 8 AND
        260 n326 7 AND
        261 n327 6 AND
        262 n328 8 MAJ
        263 n329 10 OR
        264 n33 5 AND
        265 n330 11 MAJ
        266 n331 12 OR
        267 n332 13 OR
        268 n333 13 MAJ
        269 n334 14 OR
        270 n335 8 AND
        271 n336 6 AND
        272 n337 9 MAJ
        273 n338 6 AND
        274 n339 4 MAJ
        275 n34 7 AND
        276 n340 7 AND
        277 n341 8 OR
        278 n342 9 AND
        279 n343 11 MAJ
        280 n344 4 AND
        281 n345 7 AND
        282 n346 7 AND
        283 n347 9 MAJ
        284 n348 12 OR
        285 n349 10 MAJ
        286 n35 5 AND
        287 n350 13 OR
        288 n351 14 OR
        289 n352 14 MAJ
        290 n353 15 OR
        291 n354 5 AND
        292 n355 7 AND
        293 n356 8 AND
        294 n357 7 OR
        295 n358 8 AND
        296 n359 10 MAJ
        297 n36 7 AND
        298 n360 5 AND
        299 n361 8 AND
        300 n362 4 MAJ
        301 n363 9 AND
        302 n364 4 MAJ
        303 n365 8 AND
        304 n366 10 OR
        305 n367 9 MAJ
        306 n368 11 OR
        307 n369 6 AND
        308 n37 9 AND
        309 n370 8 AND
        310 n371 7 AND
        311 n372 9 MAJ
        312 n373 12 OR
        313 n374 10 MAJ
        314 n375 13 OR
        315 n376 16 OR
        316 n377 17 MAJ
        317 n378 18 OR
        318 n379 19 OR
        319 n38 9 AND
        320 n380 14 MAJ
        321 n381 20 OR
        322 n39 11 MAJ
        323 n40 12 OR
        324 n41 12 MAJ
        325 n42 13 OR
        326 n43 14 OR
        327 n44 14 MAJ
        328 n45 15 OR
        329 n46 7 AND
        330 n47 4 AND
        331 n48 5 AND
        332 n49 4 AND
        333 n50 5 AND
        334 n51 5 AND
        335 n52 8 MAJ
        336 n53 7 MAJ
        337 n54 9 AND
        338 n55 7 AND
        339 n56 8 AND
        340 n57 9 AND
        341 n58 11 MAJ
        342 n59 3 OR
        343 n60 5 AND
        344 n61 7 AND
        345 n62 8 AND
        346 n63 9 AND
        347 n64 11 MAJ
        348 n65 7 AND
        349 n66 8 MAJ
        350 n67 12 MAJ
        351 n68 13 OR
        352 n69 13 MAJ
        353 n70 14 OR
        354 n71 15 OR
        355 n72 15 MAJ
        356 n73 16 OR
        357 n74 6 AND
        358 n75 5 AND
        359 n76 9 AND
        360 n77 9 AND
        361 n78 11 MAJ
        362 n79 6 OR
        363 n8 3 AND
        364 n80 7 AND
        365 n81 6 AND
        366 n82 8 AND
        367 n83 9 AND
        368 n84 11 MAJ
        369 n85 12 MAJ
        370 n86 13 OR
        371 n87 6 AND
        372 n88 8 AND
        373 n89 9 AND
        374 n9 4 MAJ
        375 n90 11 MAJ
        376 n91 14 OR
        377 n92 14 MAJ
        378 n93 15 OR
        379 n94 16 OR
        380 n95 16 MAJ
        381 n96 17 OR
        382 n97 3 OR
        383 n98 4 OR
        384 n99 6 AND
        385 v1 7 VIR
        386 v10 6 VIR
        387 v100 6 VIR
        388 v101 2 VIR
        389 v102 2 VIR
        390 v103 2 VIR
        391 v104 2 VIR
        392 v105 2 VIR
        393 v106 2 VIR
        394 v107 2 VIR
        395 v108 2 VIR
        396 v109 2 VIR
        397 v11 6 VIR
        398 v110 2 VIR
        399 v111 2 VIR
        400 v112 2 VIR
        401 v113 2 VIR
        402 v114 2 VIR
        403 v115 2 VIR
        404 v116 2 VIR
        405 v117 2 VIR
        406 v118 2 VIR
        407 v119 2 VIR
        408 v12 6 VIR
        409 v120 2 VIR
        410 v121 2 VIR
        411 v122 2 VIR
        412 v123 2 VIR
        413 v124 2 VIR
        414 v125 2 VIR
        415 v126 2 VIR
        416 v127 2 VIR
        417 v128 2 VIR
        418 v129 2 VIR
        419 v13 5 VIR
        420 v130 6 VIR
        421 v131 6 VIR
        422 v132 2 VIR
        423 v133 2 VIR
        424 v134 2 VIR
        425 v135 2 VIR
        426 v136 2 VIR
        427 v137 2 VIR
        428 v138 2 VIR
        429 v139 2 VIR
        430 v14 7 VIR
        431 v140 2 VIR
        432 v141 2 VIR
        433 v142 2 VIR
        434 v143 2 VIR
        435 v144 2 VIR
        436 v145 2 VIR
        437 v146 2 VIR
        438 v147 2 VIR
        439 v148 2 VIR
        440 v149 2 VIR
        441 v15 8 VIR
        442 v150 2 VIR
        443 v151 2 VIR
        444 v152 2 VIR
        445 v153 2 VIR
        446 v154 2 VIR
        447 v155 2 VIR
        448 v156 2 VIR
        449 v157 6 VIR
        450 v158 3 VIR
        451 v159 3 VIR
        452 v16 5 VIR
        453 v160 3 VIR
        454 v161 3 VIR
        455 v162 3 VIR
        456 v163 3 VIR
        457 v164 3 VIR
        458 v165 3 VIR
        459 v166 3 VIR
        460 v167 3 VIR
        461 v168 3 VIR
        462 v17 5 VIR
        463 v18 5 VIR
        464 v19 5 VIR
        465 v2 7 VIR
        466 v20 7 VIR
        467 v21 7 VIR
        468 v22 5 VIR
        469 v23 5 VIR
        470 v24 5 VIR
        471 v25 7 VIR
        472 v26 5 VIR
        473 v27 5 VIR
        474 v28 8 VIR
        475 v29 6 VIR
        476 v3 6 VIR
        477 v30 5 VIR
        478 v31 6 VIR
        479 v32 6 VIR
        480 v33 6 VIR
        481 v34 8 VIR
        482 v35 6 VIR
        483 v36 6 VIR
        484 v37 6 VIR
        485 v38 6 VIR
        486 v39 6 VIR
        487 v4 6 VIR
        488 v40 6 VIR
        489 v41 6 VIR
        490 v42 6 VIR
        491 v43 8 VIR
        492 v44 6 VIR
        493 v45 7 VIR
        494 v46 6 VIR
        495 v47 6 VIR
        496 v48 6 VIR
        497 v49 4 VIR
        498 v5 6 VIR
        499 v50 7 VIR
        500 v51 7 VIR
        501 v52 5 VIR
        502 v53 5 VIR
        503 v54 5 VIR
        504 v55 5 VIR
        505 v56 5 VIR
        506 v57 5 VIR
        507 v58 1 VIR
        508 v59 1 VIR
        509 v6 5 VIR
        510 v60 1 VIR
        511 v61 1 VIR
        512 v62 1 VIR
        513 v63 1 VIR
        514 v64 1 VIR
        515 v65 1 VIR
        516 v66 1 VIR
        517 v67 1 VIR
        518 v68 1 VIR
        519 v69 1 VIR
        520 v7 5 VIR
        521 v70 1 VIR
        522 v71 1 VIR
        523 v72 1 VIR
        524 v73 1 VIR
        525 v74 1 VIR
        526 v75 1 VIR
        527 v76 1 VIR
        528 v77 1 VIR
        529 v78 1 VIR
        530 v79 6 VIR
        531 v8 5 VIR
        532 v80 6 VIR
        533 v81 6 VIR
        534 v82 7 VIR
        535 v83 7 VIR
        536 v84 7 VIR
        537 v85 7 VIR
        538 v86 7 VIR
        539 v87 7 VIR
        540 v88 7 VIR
        541 v89 7 VIR
        542 v9 5 VIR
        543 v90 7 VIR
        544 v91 6 VIR
        545 v92 6 VIR
        546 v93 2 VIR
        547 v94 2 VIR
        548 v95 2 VIR
        549 v96 2 VIR
        550 v97 2 VIR
        551 v98 2 VIR
        552 v99 6 VIR
        553 not1 3 INV
        554 not2 3 INV
        555 not3 3 INV
        556 not4 3 INV
        557 not5 3 INV
        558 not6 3 INV
        559 not7 3 INV
        560 not8 3 INV
        561 not9 3 INV
        562 not10 3 INV
        563 not11 3 INV
        564 not12 3 INV
        565 not13 3 INV
        566 not14 3 INV
        567 not15 3 INV
        568 not16 3 INV
        569 not17 3 INV
        570 not18 3 INV
        571 not19 4 INV
        572 not20 4 INV
        573 not21 3 INV
        574 not22 3 INV
        575 not23 3 INV
        576 not24 3 INV
        577 not25 3 INV
        578 not26 3 INV
        579 not27 3 INV
        580 not28 4 INV
        581 not29 3 INV
        582 not30 3 INV
        583 not31 3 INV
        584 not32 3 INV
        585 not33 4 INV
        586 not34 3 INV
        587 not35 3 INV
        588 not36 4 INV
        589 not37 3 INV
        590 not38 4 INV
        591 not39 5 INV
        592 not40 5 INV
        593 not41 5 INV
        594 not42 5 INV
        595 not43 3 INV
        596 not44 3 INV
        597 not45 5 INV
        598 not46 3 INV
        599 not47 5 INV
        600 not48 6 INV
        601 not49 5 INV
        602 not50 5 INV
        603 not51 5 INV
        604 not52 7 INV
        605 not53 6 INV
        606 not54 6 INV
        607 not55 4 INV
        608 not56 7 INV
        609 not57 3 INV
        610 not58 3 INV
        611 not59 7 INV
        612 not60 6 INV
        613 not61 4 INV
        614 not62 3 INV
        615 not63 6 INV
        616 not64 7 INV
        617 not65 6 INV
        618 not66 6 INV
        619 not67 3 INV
        620 not68 6 INV
        621 not69 6 INV
        622 not70 4 INV
        623 not71 6 INV
        624 not72 7 INV
        625 not73 9 INV
        626 not74 3 INV
        627 not75 7 INV
        628 not76 5 INV
        629 not77 9 INV
        630 not78 7 INV
        631 not79 8 INV
        632 not80 5 INV
        633 not81 7 INV
        634 not82 7 INV
        635 not83 8 INV
        636 not84 3 INV
        637 not85 5 INV
        638 not86 8 INV
        639 not87 6 INV
        640 not88 4 INV
        641 not89 6 INV
        642 not90 4 INV
        643 not91 7 INV
        644 not92 8 INV
        645 not93 4 INV
        646 not94 6 INV
        647 not95 6 INV
        648 not96 5 INV
        649 not97 7 INV
        650 not98 7 INV
        651 not99 8 INV
        652 not100 8 INV
        653 not101 8 INV
        654 not102 8 INV
        655 not103 9 INV
        656 not104 8 INV
        657 not105 7 INV
        658 not106 8 INV
        659 not107 9 INV
        660 not108 7 INV
        661 not109 6 INV
        662 not110 6 INV
        663 not111 3 INV
        664 not112 7 INV
        665 not113 8 INV
        666 not114 7 INV
        667 not115 8 INV
        668 not116 6 INV
        669 not117 6 INV
        670 not118 9 INV
        671 not119 9 INV
        672 not120 7 INV
        673 not121 10 INV
        674 not122 7 INV
        675 not123 7 INV
        676 not124 8 INV
        677 not125 5 INV
        678 not126 8 INV
        679 not127 10 INV
        680 not128 10 INV
        681 not129 8 INV
        682 not130 10 INV
        683 not131 8 INV
        684 not132 10 INV
        685 not133 9 INV
        686 not134 9 INV
        687 not135 9 INV
        688 not136 9 INV
        689 not137 10 INV
        690 not138 5 INV
        691 not139 9 INV
        692 not140 10 INV
        693 not141 9 INV
        694 not142 10 INV
        695 not143 8 INV
        696 not144 10 INV
        697 not145 7 INV
        698 not146 10 INV
        699 not147 11 INV
        700 not148 10 INV
        701 not149 7 INV
        702 not150 8 INV
        703 not151 11 INV
        704 not152 12 INV
        705 not153 6 INV
        706 not154 16 INV
        707 not155 17 INV
    ]
    edge:
    [
        1 507
        1 508
        1 510
        2 511
        2 512
        2 513
        3 514
        3 515
        3 516
        4 517
        4 518
        4 519
        5 521
        5 522
        5 523
        6 524
        6 525
        6 526
        7 527
        7 528
        7 529
        510 388
        510 389
        511 390
        511 391
        511 392
        512 393
        512 394
        512 395
        513 396
        513 398
        513 399
        514 400
        514 401
        514 402
        515 403
        515 404
        515 405
        516 406
        516 407
        516 409
        517 410
        517 411
        517 412
        518 413
        518 414
        518 415
        519 416
        519 417
        519 418
        521 422
        521 423
        521 424
        522 425
        522 426
        522 427
        523 428
        523 429
        523 431
        524 432
        524 433
        524 434
        525 435
        525 436
        525 437
        526 438
        526 439
        526 440
        527 442
        527 443
        527 444
        528 445
        528 446
        529 447
        529 448
        507 546
        507 547
        507 548
        508 549
        508 550
        508 551
        423 22
        433 22
        423 553
        553 37
        433 37
        528 37
        434 554
        554 80
        424 80
        445 80
        396 98
        447 98
        394 555
        555 100
        550 100
        425 100
        404 102
        414 102
        412 104
        424 104
        402 109
        423 109
        418 112
        399 112
        413 118
        436 118
        549 120
        435 120
        402 128
        435 128
        416 556
        556 142
        396 142
        427 142
        393 145
        436 145
        403 170
        445 170
        447 557
        557 176
        426 176
        438 176
        392 558
        558 195
        548 195
        429 559
        559 199
        409 199
        440 199
        549 204
        393 204
        551 560
        560 215
        395 215
        427 561
        561 217
        407 217
        407 562
        562 227
        428 227
        448 227
        409 234
        431 234
        440 234
        406 563
        563 243
        427 243
        551 246
        405 246
        432 564
        564 253
        422 253
        405 258
        437 258
        529 258
        402 565
        565 274
        425 274
        435 274
        414 566
        566 300
        550 300
        395 300
        446 567
        567 302
        405 302
        426 302
        401 568
        568 330
        547 330
        422 569
        569 332
        432 332
        547 342
        401 342
        390 363
        410 363
        390 570
        570 374
        546 374
        400 374
        422 382
        432 382
        390 450
        391 451
        392 453
        393 454
        394 455
        395 456
        396 457
        398 458
        399 459
        410 460
        413 461
        382 571
        571 12
        443 12
        444 33
        22 33
        412 42
        342 42
        450 572
        572 44
        410 44
        411 573
        573 53
        330 53
        400 574
        574 55
        546 55
        450 55
        444 575
        575 77
        22 77
        546 88
        450 88
        400 88
        98 101
        100 101
        428 103
        102 103
        448 105
        104 105
        445 111
        109 111
        399 115
        102 115
        459 116
        431 116
        448 116
        447 119
        118 119
        446 122
        120 122
        434 123
        109 123
        446 129
        128 129
        404 576
        576 134
        455 134
        414 134
        391 143
        460 143
        118 144
        142 144
        394 577
        577 146
        549 146
        461 146
        438 151
        102 151
        436 155
        104 155
        100 163
        145 163
        454 164
        425 164
        403 578
        578 171
        550 171
        461 171
        548 193
        453 193
        547 579
        579 198
        451 198
        401 198
        457 580
        580 206
        407 206
        416 581
        581 216
        215 216
        439 582
        582 218
        217 218
        439 583
        583 244
        243 244
        411 584
        584 245
        195 245
        415 247
        246 247
        412 252
        204 252
        442 264
        253 264
        403 280
        204 280
        460 585
        585 286
        391 286
        439 291
        243 291
        406 586
        586 298
        195 298
        415 331
        330 331
        442 333
        332 333
        442 587
        587 334
        332 334
        342 588
        588 343
        411 343
        443 589
        589 358
        253 358
        443 383
        382 383
        195 472
        363 497
        374 501
        374 502
        374 503
        363 11
        502 11
        451 590
        590 61
        343 61
        103 106
        105 106
        418 113
        105 113
        112 113
        115 117
        116 117
        122 591
        591 124
        123 124
        503 127
        98 127
        128 135
        134 135
        145 147
        146 147
        151 592
        592 152
        119 152
        143 593
        593 154
        88 154
        502 156
        145 156
        502 166
        164 166
        170 172
        171 172
        98 177
        146 177
        146 178
        164 178
        193 594
        594 194
        413 194
        417 196
        472 196
        415 205
        193 205
        417 595
        595 207
        206 207
        428 596
        596 226
        216 226
        123 254
        252 254
        111 597
        597 261
        252 261
        424 598
        598 273
        245 273
        406 307
        472 307
        55 599
        599 357
        363 357
        501 600
        600 364
        44 364
        143 601
        601 365
        198 365
        55 602
        602 371
        286 371
        88 603
        603 384
        286 384
        44 386
        53 397
        53 408
        55 419
        77 452
        77 462
        77 463
        88 464
        123 468
        129 469
        143 470
        198 473
        245 475
        12 476
        252 477
        264 478
        264 479
        264 480
        286 482
        331 483
        333 484
        333 485
        333 486
        12 487
        334 488
        334 489
        334 490
        343 492
        358 494
        358 495
        358 496
        12 498
        383 504
        383 505
        383 506
        33 509
        33 520
        33 531
        42 542
        478 16
        364 16
        357 604
        604 17
        484 17
        357 39
        365 39
        452 605
        605 45
        454 45
        42 45
        504 606
        606 54
        392 54
        53 54
        453 607
        607 56
        476 56
        397 56
        488 58
        371 58
        384 608
        608 59
        478 59
        343 62
        494 62
        61 62
        386 66
        419 66
        434 609
        609 79
        365 79
        44 99
        464 99
        389 610
        610 107
        106 107
        459 114
        111 114
        113 114
        124 611
        611 125
        119 125
        122 125
        404 130
        509 130
        469 612
        612 131
        388 131
        144 148
        147 148
        417 149
        468 149
        147 149
        389 153
        151 153
        152 153
        468 157
        155 157
        163 167
        166 167
        510 179
        111 179
        178 179
        457 613
        613 191
        496 191
        429 614
        614 197
        196 197
        498 208
        207 208
        386 209
        198 209
        480 210
        205 210
        506 615
        615 212
        418 212
        490 222
        218 222
        226 228
        227 228
        429 233
        194 233
        498 616
        616 237
        408 237
        245 617
        617 255
        495 255
        437 257
        475 257
        331 271
        505 271
        473 618
        618 275
        497 275
        273 276
        274 276
        495 281
        397 281
        426 619
        619 292
        194 292
        473 620
        620 297
        482 297
        485 310
        205 310
        470 621
        621 329
        419 329
        458 622
        622 336
        483 336
        486 336
        501 338
        482 338
        464 623
        623 344
        497 344
        501 362
        470 362
        485 366
        364 366
        11 385
        509 387
        520 420
        520 421
        61 430
        531 449
        11 465
        154 471
        357 493
        365 499
        371 500
        452 530
        462 532
        463 533
        478 534
        479 535
        484 536
        488 537
        489 538
        490 539
        494 540
        495 541
        496 543
        504 544
        505 545
        509 552
        536 13
        499 13
        476 624
        624 14
        66 14
        17 625
        625 18
        484 18
        16 18
        534 21
        338 21
        99 23
        504 23
        433 626
        626 31
        209 31
        385 34
        471 34
        479 627
        627 40
        39 40
        42 628
        628 43
        454 43
        537 43
        297 50
        540 50
        275 51
        544 51
        54 57
        56 57
        59 629
        629 60
        534 60
        58 60
        362 630
        630 74
        541 74
        500 74
        430 631
        631 76
        493 76
        80 632
        632 81
        79 81
        371 633
        633 82
        362 82
        107 634
        634 108
        101 108
        106 108
        398 126
        124 126
        125 126
        131 635
        635 133
        389 133
        130 133
        552 136
        129 136
        148 150
        149 150
        388 636
        636 158
        157 158
        388 168
        420 168
        166 168
        385 173
        172 173
        456 174
        465 174
        129 174
        178 180
        179 180
        419 192
        191 192
        199 637
        637 200
        197 200
        210 638
        638 211
        480 211
        208 211
        506 639
        639 213
        204 213
        212 213
        457 640
        640 219
        532 219
        471 220
        209 220
        216 641
        641 223
        222 223
        473 225
        191 225
        539 230
        207 230
        228 230
        234 642
        642 235
        233 235
        543 236
        216 236
        421 248
        247 248
        397 643
        643 249
        538 249
        130 251
        134 251
        255 644
        644 256
        541 256
        254 256
        258 645
        645 259
        257 259
        542 646
        646 260
        530 260
        542 647
        647 270
        535 270
        488 277
        540 277
        280 648
        648 282
        552 282
        274 293
        292 293
        532 294
        291 294
        544 649
        649 299
        455 299
        292 303
        302 303
        545 650
        650 309
        307 309
        297 651
        651 319
        420 319
        458 335
        483 335
        539 335
        329 339
        485 339
        537 652
        652 340
        385 340
        154 345
        537 345
        344 653
        653 346
        552 346
        456 348
        530 348
        499 654
        654 367
        452 367
        535 372
        329 372
        66 441
        99 466
        99 467
        209 474
        275 481
        338 491
        14 655
        655 15
        66 15
        13 15
        154 19
        494 19
        18 19
        23 656
        656 24
        466 24
        21 24
        176 32
        31 32
        487 657
        657 35
        34 35
        31 38
        37 38
        45 658
        658 46
        43 46
        51 659
        659 52
        275 52
        50 52
        61 660
        660 63
        60 63
        62 63
        496 75
        74 75
        505 661
        661 78
        430 78
        76 78
        476 83
        82 83
        531 110
        441 110
        463 662
        662 121
        466 121
        416 663
        663 137
        136 137
        127 664
        664 140
        126 140
        133 140
        158 665
        665 159
        156 159
        157 159
        438 165
        466 165
        167 169
        168 169
        173 175
        174 175
        114 666
        666 189
        108 189
        117 189
        192 201
        200 201
        498 202
        192 202
        194 202
        212 667
        667 214
        211 214
        213 214
        503 668
        668 221
        219 221
        225 229
        228 229
        520 669
        669 231
        220 231
        237 670
        670 238
        408 238
        236 238
        249 671
        671 250
        490 250
        248 250
        261 672
        672 262
        477 262
        260 262
        256 673
        673 265
        251 265
        259 265
        271 674
        674 272
        331 272
        270 272
        492 675
        675 278
        277 278
        282 676
        676 283
        387 283
        281 283
        205 295
        294 295
        300 677
        677 301
        299 301
        538 305
        298 305
        303 305
        462 308
        481 308
        310 678
        678 311
        486 311
        309 311
        335 337
        336 337
        340 679
        679 341
        465 341
        339 341
        346 680
        680 347
        387 347
        345 347
        462 349
        492 349
        348 349
        486 359
        491 359
        543 681
        681 360
        441 360
        367 682
        682 368
        530 368
        366 368
        538 683
        683 373
        474 373
        18 20
        19 20
        11 26
        540 26
        24 26
        35 684
        684 36
        32 36
        34 36
        40 685
        685 41
        38 41
        39 41
        297 48
        489 48
        46 48
        57 64
        63 64
        536 65
        384 65
        63 65
        82 686
        686 84
        81 84
        83 84
        121 687
        687 132
        467 132
        110 132
        137 688
        688 138
        135 138
        136 138
        153 160
        159 160
        398 161
        449 161
        159 161
        175 181
        180 181
        175 689
        689 182
        169 182
        177 182
        176 690
        690 187
        165 187
        201 203
        202 203
        223 691
        691 224
        221 224
        222 224
        229 232
        230 232
        256 263
        262 263
        278 692
        692 279
        276 279
        277 279
        492 285
        487 285
        283 285
        295 693
        693 296
        293 296
        294 296
        301 304
        303 304
        469 313
        477 313
        311 313
        319 694
        694 322
        421 322
        308 322
        348 695
        695 350
        347 350
        349 350
        360 696
        696 361
        441 361
        359 361
        362 697
        697 369
        420 369
        368 369
        373 698
        698 375
        474 375
        372 375
        20 25
        24 25
        41 47
        46 47
        64 67
        65 67
        78 85
        84 85
        344 86
        487 86
        84 86
        127 139
        138 139
        160 162
        161 162
        181 183
        182 183
        232 239
        238 239
        232 699
        699 240
        224 240
        235 240
        231 700
        700 242
        187 242
        220 242
        263 266
        265 266
        279 284
        283 284
        304 306
        305 306
        341 351
        350 351
        463 352
        338 352
        350 352
        368 370
        369 370
        25 27
        26 27
        47 49
        48 49
        52 68
        67 68
        489 69
        344 69
        67 69
        85 87
        86 87
        139 141
        140 141
        150 184
        183 184
        239 241
        240 241
        250 267
        266 267
        244 268
        475 268
        266 268
        284 287
        285 287
        306 312
        311 312
        242 323
        322 323
        467 324
        242 324
        480 324
        351 353
        352 353
        370 376
        375 376
        531 377
        370 377
        500 377
        15 28
        27 28
        479 29
        481 29
        27 29
        68 70
        69 70
        75 89
        87 89
        545 701
        701 90
        491 90
        87 90
        150 702
        702 185
        141 185
        162 185
        267 269
        268 269
        272 288
        287 288
        449 289
        477 289
        287 289
        312 314
        313 314
        214 703
        703 320
        203 320
        241 320
        323 325
        324 325
        337 354
        353 354
        533 355
        329 355
        353 355
        376 378
        377 378
        28 30
        29 30
        36 71
        70 71
        89 91
        90 91
        184 186
        185 186
        288 290
        289 290
        132 326
        325 326
        465 327
        449 327
        325 327
        354 356
        355 356
        361 379
        378 379
        533 380
        493 380
        378 380
        36 704
        704 72
        30 72
        49 72
        506 705
        705 93
        384 93
        91 93
        114 188
        186 188
        290 315
        314 315
        290 706
        706 316
        269 316
        296 316
        326 328
        327 328
        379 381
        380 381
        71 73
        72 73
        356 707
        707 96
        328 96
        381 96
        188 190
        189 190
        315 317
        316 317
        73 92
        91 92
        214 318
        317 318
        92 94
        93 94
        318 321
        320 321
        356 95
        94 95
        95 97
        96 97
        97 8
        190 9
        321 10
    ]
]
