circuit_name:routernew_processed
[
    node:
    [
        1 x0 0 PI
        2 x1 0 PI
        3 x2 0 PI
        4 x3 0 PI
        5 x4 0 PI
        6 x5 0 PI
        7 x6 0 PI
        8 x7 0 PI
        9 x8 0 PI
        10 x9 0 PI
        11 x10 0 PI
        12 x11 0 PI
        13 x12 0 PI
        14 x13 0 PI
        15 x14 0 PI
        16 x15 0 PI
        17 x16 0 PI
        18 x17 0 PI
        19 x18 0 PI
        20 x19 0 PI
        21 x20 0 PI
        22 x21 0 PI
        23 x22 0 PI
        24 x23 0 PI
        25 x24 0 PI
        26 x25 0 PI
        27 x26 0 PI
        28 x27 0 PI
        29 x28 0 PI
        30 x29 0 PI
        31 x30 0 PI
        32 x31 0 PI
        33 x32 0 PI
        34 x33 0 PI
        35 x34 0 PI
        36 x35 0 PI
        37 x36 0 PI
        38 x37 0 PI
        39 x38 0 PI
        40 x39 0 PI
        41 x40 0 PI
        42 x41 0 PI
        43 x42 0 PI
        44 x43 0 PI
        45 x44 0 PI
        46 x45 0 PI
        47 x46 0 PI
        48 x47 0 PI
        49 x48 0 PI
        50 x49 0 PI
        51 x50 0 PI
        52 x51 0 PI
        53 x52 0 PI
        54 x53 0 PI
        55 x54 0 PI
        56 x55 0 PI
        57 x56 0 PI
        58 x57 0 PI
        59 x58 0 PI
        60 x59 0 PI
        61 y0 44 PO
        62 y1 46 PO
        63 y2 44 PO
        64 n100 26 MAJ
        65 n101 27 AND
        66 n102 11 MAJ
        67 n103 12 XOR
        68 n104 28 AND
        69 n105 7 MAJ
        70 n106 8 XOR
        71 n107 29 AND
        72 n108 7 XOR
        73 n109 30 MAJ
        74 n110 31 AND
        75 n111 6 XOR
        76 n112 32 AND
        77 n113 3 AND
        78 n114 4 XOR
        79 n115 33 AND
        80 n116 2 MAJ
        81 n117 3 XOR
        82 n118 34 AND
        83 n119 35 AND
        84 n120 2 MAJ
        85 n121 36 AND
        86 n122 37 AND
        87 n123 2 MAJ
        88 n124 38 AND
        89 n125 39 AND
        90 n126 1 AND
        91 n127 40 AND
        92 n128 3 AND
        93 n129 19 MAJ
        94 n130 41 MAJ
        95 n131 12 OR
        96 n132 7 MAJ
        97 n133 8 OR
        98 n134 1 OR
        99 n135 2 MAJ
        100 n136 3 OR
        101 n137 4 OR
        102 n138 2 MAJ
        103 n139 5 OR
        104 n140 2 XOR
        105 n141 7 MAJ
        106 n142 8 AND
        107 n143 4 MAJ
        108 n144 5 XOR
        109 n145 9 AND
        110 n146 10 MAJ
        111 n147 11 AND
        112 n148 8 MAJ
        113 n149 9 XOR
        114 n150 12 AND
        115 n151 10 MAJ
        116 n152 11 XOR
        117 n153 13 AND
        118 n154 14 MAJ
        119 n155 15 XOR
        120 n156 17 AND
        121 n157 14 AND
        122 n158 15 XOR
        123 n159 18 AND
        124 n160 15 XOR
        125 n161 19 AND
        126 n162 16 MAJ
        127 n163 17 XOR
        128 n164 20 AND
        129 n165 17 AND
        130 n166 18 XOR
        131 n167 21 AND
        132 n168 17 XOR
        133 n169 22 AND
        134 n170 19 MAJ
        135 n171 20 XOR
        136 n172 23 AND
        137 n173 24 AND
        138 n174 26 AND
        139 n175 19 MAJ
        140 n176 27 AND
        141 n177 42 AND
        142 n178 1 OR
        143 n179 2 AND
        144 n180 4 MAJ
        145 n181 5 MAJ
        146 n182 6 AND
        147 n183 7 AND
        148 n184 9 AND
        149 n185 10 MAJ
        150 n186 11 MAJ
        151 n187 12 AND
        152 n188 1 OR
        153 n189 13 MAJ
        154 n190 14 OR
        155 n191 15 AND
        156 n192 2 AND
        157 n193 16 MAJ
        158 n194 17 MAJ
        159 n195 18 AND
        160 n196 1 AND
        161 n197 19 AND
        162 n198 2 AND
        163 n199 6 MAJ
        164 n200 7 AND
        165 n201 13 MAJ
        166 n202 14 OR
        167 n203 2 AND
        168 n204 16 AND
        169 n205 19 XOR
        170 n206 20 AND
        171 n207 2 MAJ
        172 n208 21 AND
        173 n209 17 MAJ
        174 n210 18 XOR
        175 n211 22 AND
        176 n212 17 XOR
        177 n213 23 MAJ
        178 n214 24 AND
        179 n215 16 MAJ
        180 n216 17 XOR
        181 n217 25 AND
        182 n218 14 XOR
        183 n219 26 MAJ
        184 n220 27 AND
        185 n221 11 MAJ
        186 n222 12 XOR
        187 n223 28 AND
        188 n224 8 MAJ
        189 n225 9 XOR
        190 n226 29 AND
        191 n227 8 XOR
        192 n228 30 AND
        193 n229 7 MAJ
        194 n230 8 XOR
        195 n231 31 AND
        196 n232 3 AND
        197 n233 4 XOR
        198 n234 32 AND
        199 n235 2 MAJ
        200 n236 3 XOR
        201 n237 33 AND
        202 n238 34 AND
        203 n239 2 MAJ
        204 n240 35 AND
        205 n241 36 AND
        206 n242 2 MAJ
        207 n243 37 AND
        208 n244 38 AND
        209 n245 12 OR
        210 n246 7 MAJ
        211 n247 8 OR
        212 n248 1 OR
        213 n249 2 MAJ
        214 n250 3 OR
        215 n251 4 OR
        216 n252 2 MAJ
        217 n253 5 OR
        218 n254 2 XOR
        219 n255 7 MAJ
        220 n256 8 AND
        221 n257 4 MAJ
        222 n258 5 XOR
        223 n259 9 AND
        224 n260 5 XOR
        225 n261 10 MAJ
        226 n262 11 AND
        227 n263 8 MAJ
        228 n264 9 XOR
        229 n265 12 AND
        230 n266 10 MAJ
        231 n267 11 XOR
        232 n268 13 AND
        233 n269 14 MAJ
        234 n270 15 XOR
        235 n271 17 AND
        236 n272 14 AND
        237 n273 15 XOR
        238 n274 18 AND
        239 n275 15 XOR
        240 n276 19 AND
        241 n277 16 MAJ
        242 n278 17 XOR
        243 n279 20 AND
        244 n280 17 AND
        245 n281 18 XOR
        246 n282 21 AND
        247 n283 17 XOR
        248 n284 22 AND
        249 n285 19 MAJ
        250 n286 20 XOR
        251 n287 23 AND
        252 n288 24 AND
        253 n289 26 AND
        254 n290 39 MAJ
        255 n291 40 OR
        256 n292 1 OR
        257 n293 21 AND
        258 n294 41 MAJ
        259 n295 42 AND
        260 n296 22 AND
        261 n297 43 OR
        262 n298 44 MAJ
        263 n299 3 AND
        264 n300 21 MAJ
        265 n301 27 MAJ
        266 n302 43 AND
        267 n61 1 OR
        268 n62 2 AND
        269 n63 4 MAJ
        270 n64 5 MAJ
        271 n65 6 AND
        272 n66 7 AND
        273 n67 9 AND
        274 n68 10 MAJ
        275 n69 11 MAJ
        276 n70 12 AND
        277 n71 1 OR
        278 n72 13 MAJ
        279 n73 14 OR
        280 n74 15 AND
        281 n75 2 AND
        282 n76 16 MAJ
        283 n77 17 MAJ
        284 n78 18 AND
        285 n79 6 OR
        286 n80 2 AND
        287 n81 5 MAJ
        288 n82 6 AND
        289 n83 13 MAJ
        290 n84 14 OR
        291 n85 2 AND
        292 n86 16 AND
        293 n87 19 XOR
        294 n88 20 MAJ
        295 n89 21 AND
        296 n90 17 MAJ
        297 n91 18 XOR
        298 n92 22 AND
        299 n93 17 XOR
        300 n94 23 MAJ
        301 n95 24 AND
        302 n96 16 MAJ
        303 n97 17 XOR
        304 n98 25 AND
        305 n99 14 XOR
        306 v1 2 VIR
        307 v10 7 VIR
        308 v11 11 VIR
        309 v12 13 VIR
        310 v13 16 VIR
        311 v14 1 VIR
        312 v15 1 VIR
        313 v16 1 VIR
        314 v17 1 VIR
        315 v18 1 VIR
        316 v19 1 VIR
        317 v2 5 VIR
        318 v20 1 VIR
        319 v21 1 VIR
        320 v22 1 VIR
        321 v23 1 VIR
        322 v24 1 VIR
        323 v25 1 VIR
        324 v26 1 VIR
        325 v27 1 VIR
        326 v28 1 VIR
        327 v29 1 VIR
        328 v3 7 VIR
        329 v30 1 VIR
        330 v31 1 VIR
        331 v32 1 VIR
        332 v33 1 VIR
        333 v34 1 VIR
        334 v35 1 VIR
        335 v36 1 VIR
        336 v37 1 VIR
        337 v38 1 VIR
        338 v39 1 VIR
        339 v4 11 VIR
        340 v40 1 VIR
        341 v41 1 VIR
        342 v42 1 VIR
        343 v43 1 VIR
        344 v44 1 VIR
        345 v45 1 VIR
        346 v46 1 VIR
        347 v47 1 VIR
        348 v48 1 VIR
        349 v49 1 VIR
        350 v5 13 VIR
        351 v50 1 VIR
        352 v51 1 VIR
        353 v52 1 VIR
        354 v53 1 VIR
        355 v54 1 VIR
        356 v55 1 VIR
        357 v56 1 VIR
        358 v57 1 VIR
        359 v6 16 VIR
        360 v7 20 VIR
        361 v8 2 VIR
        362 v9 5 VIR
        363 not1 1 INV
        364 not2 1 INV
        365 not3 1 INV
        366 not4 1 INV
        367 not5 1 INV
        368 not6 1 INV
        369 not7 1 INV
        370 not8 1 INV
        371 not9 1 INV
        372 not10 1 INV
        373 not11 2 INV
        374 not12 1 INV
        375 not13 2 INV
        376 not14 1 INV
        377 not15 3 INV
        378 not16 3 INV
        379 not17 3 INV
        380 not18 3 INV
        381 not19 6 INV
        382 not20 6 INV
        383 not21 6 INV
        384 not22 1 INV
        385 not23 1 INV
        386 not24 1 INV
        387 not25 2 INV
        388 not26 8 INV
        389 not27 2 INV
        390 not28 2 INV
        391 not29 8 INV
        392 not30 2 INV
        393 not31 9 INV
        394 not32 2 INV
        395 not33 9 INV
        396 not34 1 INV
        397 not35 1 INV
        398 not36 13 INV
        399 not37 13 INV
        400 not38 16 INV
        401 not39 15 INV
        402 not40 15 INV
        403 not41 16 INV
        404 not42 15 INV
        405 not43 15 INV
        406 not44 3 INV
        407 not45 1 INV
        408 not46 3 INV
        409 not47 1 INV
        410 not48 18 INV
        411 not49 18 INV
        412 not50 18 INV
        413 not51 18 INV
        414 not52 19 INV
        415 not53 2 INV
        416 not54 19 INV
        417 not55 2 INV
        418 not56 20 INV
        419 not57 21 INV
        420 not58 21 INV
        421 not59 21 INV
        422 not60 2 INV
        423 not61 25 INV
        424 not62 2 INV
        425 not63 25 INV
        426 not64 2 INV
        427 not65 4 INV
        428 not66 2 INV
        429 not67 2 INV
        430 not68 2 INV
        431 not69 7 INV
        432 not70 5 INV
        433 not71 5 INV
        434 not72 4 INV
        435 not73 22 INV
        436 not74 28 INV
        437 not75 23 INV
        438 not76 43 INV
        439 not77 45 INV
    ]
    edge:
    [
        8 363
        363 84
        7 84
        9 84
        5 364
        364 87
        4 87
        6 87
        1 90
        2 90
        3 98
        5 98
        3 365
        365 99
        2 99
        4 99
        7 366
        366 102
        6 102
        8 102
        40 142
        41 142
        52 152
        53 152
        55 367
        367 156
        56 156
        59 160
        60 160
        38 368
        368 203
        37 203
        39 203
        35 369
        369 206
        34 206
        36 206
        33 212
        35 212
        33 370
        370 213
        32 213
        34 213
        37 371
        371 216
        36 216
        38 216
        1 256
        31 256
        10 267
        11 267
        22 277
        23 277
        25 372
        372 281
        26 281
        1 311
        12 312
        12 313
        14 314
        15 315
        15 316
        16 318
        16 319
        17 320
        18 321
        19 322
        20 323
        21 324
        22 325
        22 326
        23 327
        25 329
        26 330
        26 331
        29 332
        30 333
        31 334
        40 335
        40 336
        42 337
        42 338
        44 340
        45 341
        45 342
        46 343
        46 344
        47 345
        48 346
        49 347
        50 348
        51 349
        52 351
        52 352
        53 353
        55 354
        56 355
        56 356
        10 357
        10 358
        358 80
        11 80
        313 80
        332 373
        373 92
        30 92
        98 100
        99 100
        11 104
        357 104
        42 374
        374 143
        142 143
        341 162
        343 162
        55 167
        355 167
        31 171
        335 171
        60 171
        336 199
        41 199
        338 199
        212 214
        213 214
        41 218
        335 218
        311 375
        375 263
        334 263
        12 376
        376 268
        267 268
        315 286
        318 286
        25 291
        330 291
        142 306
        267 361
        312 77
        361 77
        80 81
        313 81
        7 101
        100 101
        361 377
        377 107
        312 107
        13 107
        143 378
        378 144
        43 144
        142 144
        337 196
        306 196
        199 200
        338 200
        37 215
        214 215
        306 379
        379 221
        337 221
        43 221
        268 380
        380 269
        13 269
        267 269
        77 78
        13 78
        101 103
        102 103
        107 108
        312 108
        44 145
        45 145
        144 145
        196 197
        43 197
        215 217
        216 217
        221 222
        337 222
        144 224
        44 224
        14 270
        15 270
        269 270
        14 287
        318 287
        269 287
        144 317
        269 362
        362 75
        314 75
        103 381
        381 105
        9 105
        104 105
        341 146
        145 146
        340 163
        343 163
        317 163
        317 382
        382 193
        340 193
        342 193
        217 383
        383 219
        39 219
        218 219
        315 271
        270 271
        314 285
        362 285
        286 288
        287 288
        17 384
        384 69
        18 69
        288 69
        285 72
        315 72
        318 96
        320 96
        271 96
        9 385
        385 106
        105 106
        46 147
        146 147
        162 164
        163 164
        193 194
        340 194
        343 210
        47 210
        146 210
        39 386
        386 220
        219 220
        16 272
        271 272
        271 307
        146 328
        69 70
        288 70
        320 97
        96 97
        106 109
        108 109
        319 387
        387 112
        320 112
        307 112
        147 388
        388 148
        47 148
        345 389
        389 188
        346 188
        164 188
        328 191
        344 191
        345 211
        210 211
        220 223
        222 223
        344 390
        390 227
        345 227
        328 227
        272 391
        391 273
        17 273
        316 392
        392 110
        75 110
        109 110
        112 113
        307 113
        97 393
        393 115
        321 115
        322 115
        48 149
        147 149
        148 149
        188 189
        164 189
        341 394
        394 225
        223 225
        224 225
        227 228
        328 228
        211 395
        395 230
        48 230
        347 230
        18 274
        272 274
        273 274
        19 396
        396 66
        323 66
        274 66
        316 111
        110 111
        115 116
        321 116
        49 150
        50 150
        149 150
        49 397
        397 185
        348 185
        149 185
        342 226
        225 226
        230 231
        346 231
        19 275
        20 275
        274 275
        274 308
        149 339
        66 67
        308 67
        322 95
        308 95
        111 114
        113 114
        50 151
        150 151
        185 186
        339 186
        347 209
        339 209
        226 229
        228 229
        20 276
        275 276
        114 117
        116 117
        95 398
        398 118
        323 118
        324 118
        51 153
        53 153
        151 153
        51 165
        351 165
        151 165
        229 232
        231 232
        209 399
        399 233
        348 233
        349 233
        21 278
        23 278
        276 278
        21 289
        325 289
        276 289
        276 309
        151 350
        118 119
        95 119
        324 121
        309 121
        152 154
        153 154
        351 166
        165 166
        350 182
        349 182
        233 234
        209 234
        349 236
        350 236
        277 279
        278 279
        325 290
        289 290
        309 305
        324 305
        119 400
        400 120
        117 120
        121 122
        326 122
        290 124
        327 124
        279 401
        401 126
        24 126
        329 126
        54 155
        154 155
        166 402
        402 179
        353 179
        54 179
        234 403
        403 235
        232 235
        236 237
        352 237
        166 239
        353 239
        154 404
        404 241
        54 241
        354 241
        24 280
        279 280
        290 405
        405 302
        327 302
        24 302
        120 123
        122 123
        126 127
        279 127
        355 157
        155 157
        156 157
        155 168
        167 168
        179 180
        353 180
        235 238
        237 238
        241 242
        154 242
        330 282
        280 282
        281 282
        280 292
        291 292
        302 303
        327 303
        280 310
        155 359
        123 125
        124 125
        329 129
        310 129
        292 132
        27 132
        156 406
        406 158
        57 158
        157 158
        57 407
        407 173
        58 173
        168 173
        359 176
        354 176
        238 240
        239 240
        354 244
        359 244
        168 247
        57 247
        281 408
        408 283
        27 283
        282 283
        27 409
        409 296
        28 296
        292 296
        310 299
        329 299
        127 410
        410 128
        125 128
        129 130
        331 130
        283 411
        411 134
        28 134
        29 134
        58 159
        158 159
        173 174
        168 174
        242 412
        412 243
        240 243
        244 245
        356 245
        158 413
        413 249
        58 249
        59 249
        28 284
        283 284
        296 297
        292 297
        333 93
        284 93
        92 93
        130 414
        414 131
        128 131
        134 135
        283 135
        333 415
        415 139
        332 139
        284 139
        159 161
        160 161
        159 169
        59 169
        245 416
        416 246
        243 246
        249 250
        158 250
        284 293
        29 293
        131 133
        132 133
        335 417
        417 170
        169 170
        246 248
        247 248
        161 418
        418 257
        256 257
        357 294
        30 294
        293 294
        161 360
        135 419
        419 136
        133 136
        170 172
        171 172
        250 420
        420 251
        248 251
        360 421
        421 260
        311 260
        334 264
        360 264
        263 264
        357 422
        422 295
        294 295
        358 137
        136 137
        172 175
        174 175
        336 252
        251 252
        295 298
        297 298
        137 423
        423 138
        333 138
        355 424
        424 177
        175 177
        176 177
        252 425
        425 253
        161 253
        330 426
        426 300
        298 300
        299 300
        138 140
        139 140
        356 178
        177 178
        263 427
        427 265
        253 265
        264 265
        331 301
        300 301
        178 181
        180 181
        301 304
        303 304
        325 64
        304 64
        305 64
        351 183
        181 183
        182 183
        326 428
        428 65
        64 65
        352 429
        429 184
        183 184
        65 68
        67 68
        184 187
        186 187
        68 71
        70 71
        187 190
        189 190
        319 430
        430 73
        71 73
        72 73
        190 192
        191 192
        319 74
        73 74
        192 195
        194 195
        75 431
        431 76
        74 76
        197 432
        432 198
        195 198
        78 433
        433 79
        76 79
        198 201
        200 201
        79 82
        81 82
        38 202
        201 202
        8 83
        82 83
        202 204
        203 204
        83 85
        84 85
        35 205
        204 205
        5 86
        85 86
        205 207
        206 207
        86 88
        87 88
        33 208
        207 208
        3 89
        88 89
        32 254
        208 254
        253 254
        89 91
        90 91
        253 255
        254 255
        92 434
        434 94
        91 94
        93 94
        257 435
        435 258
        255 258
        256 258
        140 436
        436 141
        94 141
        94 259
        258 259
        259 261
        260 261
        141 266
        265 266
        260 437
        437 262
        140 262
        261 262
        141 438
        438 61
        262 439
        439 62
        266 63
    ]
]
