circuit_name:sao2new_processed
[
    node:
    [
        1 x0 0 PI
        2 x1 0 PI
        3 x2 0 PI
        4 x3 0 PI
        5 x4 0 PI
        6 x5 0 PI
        7 x6 0 PI
        8 x7 0 PI
        9 x8 0 PI
        10 x9 0 PI
        11 y0 17 PO
        12 y1 17 PO
        13 y2 17 PO
        14 y3 16 PO
        15 n100 9 AND
        16 n101 10 MAJ
        17 n102 11 MAJ
        18 n103 12 OR
        19 n104 13 MAJ
        20 n105 14 OR
        21 n106 15 OR
        22 n107 15 MAJ
        23 n108 16 OR
        24 n109 4 AND
        25 n11 3 AND
        26 n110 4 MAJ
        27 n111 6 AND
        28 n112 3 OR
        29 n113 4 OR
        30 n114 3 MAJ
        31 n115 6 AND
        32 n116 3 OR
        33 n117 4 AND
        34 n118 6 OR
        35 n119 7 MAJ
        36 n12 4 AND
        37 n120 9 MAJ
        38 n121 4 AND
        39 n122 6 AND
        40 n123 4 MAJ
        41 n124 7 AND
        42 n125 4 OR
        43 n126 5 OR
        44 n127 4 MAJ
        45 n128 7 AND
        46 n129 5 AND
        47 n13 5 AND
        48 n130 4 MAJ
        49 n131 6 AND
        50 n132 8 OR
        51 n133 9 OR
        52 n134 4 MAJ
        53 n135 7 AND
        54 n136 5 AND
        55 n137 3 MAJ
        56 n138 6 AND
        57 n139 5 OR
        58 n14 4 MAJ
        59 n140 4 MAJ
        60 n141 7 AND
        61 n142 8 OR
        62 n143 10 MAJ
        63 n144 11 OR
        64 n145 6 AND
        65 n146 3 MAJ
        66 n147 7 AND
        67 n148 3 MAJ
        68 n149 6 AND
        69 n15 6 AND
        70 n150 6 AND
        71 n151 4 MAJ
        72 n152 7 AND
        73 n153 8 OR
        74 n154 9 OR
        75 n155 4 OR
        76 n156 4 MAJ
        77 n157 6 AND
        78 n158 6 OR
        79 n159 4 MAJ
        80 n16 3 OR
        81 n160 8 AND
        82 n161 9 OR
        83 n162 9 MAJ
        84 n163 10 OR
        85 n164 6 OR
        86 n165 4 MAJ
        87 n166 8 AND
        88 n167 5 OR
        89 n168 4 MAJ
        90 n169 7 AND
        91 n17 4 OR
        92 n170 9 OR
        93 n171 9 MAJ
        94 n172 11 AND
        95 n173 4 OR
        96 n174 6 AND
        97 n175 3 MAJ
        98 n176 7 AND
        99 n177 5 AND
        100 n178 3 MAJ
        101 n179 6 AND
        102 n18 4 AND
        103 n180 6 AND
        104 n181 4 MAJ
        105 n182 7 AND
        106 n183 3 MAJ
        107 n184 7 AND
        108 n185 8 OR
        109 n186 8 MAJ
        110 n187 9 OR
        111 n188 11 OR
        112 n189 12 MAJ
        113 n19 5 AND
        114 n190 13 AND
        115 n191 14 AND
        116 n192 12 MAJ
        117 n193 15 AND
        118 n194 3 OR
        119 n195 3 OR
        120 n196 4 OR
        121 n197 5 AND
        122 n198 6 AND
        123 n199 7 AND
        124 n20 7 AND
        125 n200 5 MAJ
        126 n201 8 AND
        127 n202 6 AND
        128 n203 4 MAJ
        129 n204 7 AND
        130 n205 8 AND
        131 n206 4 MAJ
        132 n207 9 AND
        133 n208 4 AND
        134 n209 6 MAJ
        135 n21 4 MAJ
        136 n210 7 AND
        137 n211 7 AND
        138 n212 8 MAJ
        139 n213 9 AND
        140 n214 5 AND
        141 n215 8 MAJ
        142 n216 10 MAJ
        143 n217 7 AND
        144 n218 4 MAJ
        145 n219 8 AND
        146 n22 8 AND
        147 n220 5 OR
        148 n221 7 MAJ
        149 n222 8 AND
        150 n223 8 AND
        151 n224 9 MAJ
        152 n225 10 MAJ
        153 n226 5 OR
        154 n227 4 MAJ
        155 n228 6 OR
        156 n229 7 OR
        157 n23 4 AND
        158 n230 3 MAJ
        159 n231 9 AND
        160 n232 6 AND
        161 n233 4 MAJ
        162 n234 7 AND
        163 n235 6 AND
        164 n236 6 MAJ
        165 n237 8 AND
        166 n238 9 AND
        167 n239 4 MAJ
        168 n24 5 AND
        169 n240 10 AND
        170 n241 11 OR
        171 n242 10 MAJ
        172 n243 12 OR
        173 n244 13 OR
        174 n245 13 MAJ
        175 n246 14 OR
        176 n247 15 OR
        177 n248 11 MAJ
        178 n249 16 OR
        179 n25 4 AND
        180 n250 3 MAJ
        181 n251 7 AND
        182 n252 8 OR
        183 n253 9 OR
        184 n254 10 OR
        185 n255 9 MAJ
        186 n256 11 OR
        187 n257 12 OR
        188 n258 9 MAJ
        189 n259 13 OR
        190 n26 7 AND
        191 n260 5 AND
        192 n261 4 MAJ
        193 n262 6 AND
        194 n263 6 AND
        195 n264 3 MAJ
        196 n265 7 AND
        197 n266 8 OR
        198 n267 8 MAJ
        199 n268 9 OR
        200 n269 6 AND
        201 n27 8 MAJ
        202 n270 3 MAJ
        203 n271 7 AND
        204 n272 4 AND
        205 n273 7 MAJ
        206 n274 8 MAJ
        207 n275 10 OR
        208 n276 9 MAJ
        209 n277 11 OR
        210 n278 12 OR
        211 n279 9 MAJ
        212 n28 10 AND
        213 n280 13 OR
        214 n281 8 AND
        215 n282 9 AND
        216 n283 6 AND
        217 n284 7 MAJ
        218 n285 8 MAJ
        219 n286 9 OR
        220 n287 9 MAJ
        221 n288 10 OR
        222 n289 11 OR
        223 n29 9 AND
        224 n290 10 MAJ
        225 n291 12 OR
        226 n292 14 OR
        227 n293 15 OR
        228 n30 11 AND
        229 n31 12 MAJ
        230 n32 7 AND
        231 n33 8 MAJ
        232 n34 13 MAJ
        233 n35 4 MAJ
        234 n36 8 AND
        235 n37 9 AND
        236 n38 4 MAJ
        237 n39 10 AND
        238 n40 3 AND
        239 n41 4 AND
        240 n42 3 OR
        241 n43 5 AND
        242 n44 6 AND
        243 n45 7 AND
        244 n46 8 AND
        245 n47 11 AND
        246 n48 12 MAJ
        247 n49 6 AND
        248 n50 10 MAJ
        249 n51 13 MAJ
        250 n52 4 AND
        251 n53 5 AND
        252 n54 7 AND
        253 n55 3 MAJ
        254 n56 8 AND
        255 n57 5 AND
        256 n58 6 AND
        257 n59 7 AND
        258 n60 8 AND
        259 n61 7 MAJ
        260 n62 9 AND
        261 n63 7 AND
        262 n64 9 MAJ
        263 n65 10 MAJ
        264 n66 7 AND
        265 n67 8 AND
        266 n68 9 AND
        267 n69 6 AND
        268 n70 8 MAJ
        269 n71 9 AND
        270 n72 10 MAJ
        271 n73 11 OR
        272 n74 5 AND
        273 n75 7 AND
        274 n76 8 AND
        275 n77 7 AND
        276 n78 8 AND
        277 n79 6 AND
        278 n80 9 MAJ
        279 n81 10 AND
        280 n82 9 AND
        281 n83 10 MAJ
        282 n84 11 MAJ
        283 n85 4 MAJ
        284 n86 7 AND
        285 n87 7 AND
        286 n88 8 MAJ
        287 n89 10 AND
        288 n90 9 MAJ
        289 n91 11 MAJ
        290 n92 6 AND
        291 n93 8 MAJ
        292 n94 12 MAJ
        293 n95 3 AND
        294 n96 4 AND
        295 n97 7 AND
        296 n98 7 MAJ
        297 n99 9 AND
        298 v1 4 VIR
        299 v10 5 VIR
        300 v100 2 VIR
        301 v101 2 VIR
        302 v102 2 VIR
        303 v103 2 VIR
        304 v104 2 VIR
        305 v105 2 VIR
        306 v106 2 VIR
        307 v107 2 VIR
        308 v108 2 VIR
        309 v109 2 VIR
        310 v11 7 VIR
        311 v110 2 VIR
        312 v111 2 VIR
        313 v112 2 VIR
        314 v113 2 VIR
        315 v114 2 VIR
        316 v115 2 VIR
        317 v116 2 VIR
        318 v117 2 VIR
        319 v118 2 VIR
        320 v119 2 VIR
        321 v12 6 VIR
        322 v120 2 VIR
        323 v121 2 VIR
        324 v122 2 VIR
        325 v123 2 VIR
        326 v124 2 VIR
        327 v125 2 VIR
        328 v126 2 VIR
        329 v127 2 VIR
        330 v128 2 VIR
        331 v129 2 VIR
        332 v13 6 VIR
        333 v130 2 VIR
        334 v131 2 VIR
        335 v132 2 VIR
        336 v133 3 VIR
        337 v134 3 VIR
        338 v135 3 VIR
        339 v136 3 VIR
        340 v137 3 VIR
        341 v138 3 VIR
        342 v14 6 VIR
        343 v15 5 VIR
        344 v16 6 VIR
        345 v17 6 VIR
        346 v18 9 VIR
        347 v19 5 VIR
        348 v2 4 VIR
        349 v20 5 VIR
        350 v21 5 VIR
        351 v22 6 VIR
        352 v23 7 VIR
        353 v24 6 VIR
        354 v25 6 VIR
        355 v26 6 VIR
        356 v27 6 VIR
        357 v28 8 VIR
        358 v29 1 VIR
        359 v3 4 VIR
        360 v30 1 VIR
        361 v31 1 VIR
        362 v32 1 VIR
        363 v33 1 VIR
        364 v34 1 VIR
        365 v35 1 VIR
        366 v36 1 VIR
        367 v37 1 VIR
        368 v38 1 VIR
        369 v39 1 VIR
        370 v4 5 VIR
        371 v40 1 VIR
        372 v41 1 VIR
        373 v42 1 VIR
        374 v43 1 VIR
        375 v44 1 VIR
        376 v45 1 VIR
        377 v46 1 VIR
        378 v47 1 VIR
        379 v48 1 VIR
        380 v49 1 VIR
        381 v5 5 VIR
        382 v50 1 VIR
        383 v51 1 VIR
        384 v52 1 VIR
        385 v53 1 VIR
        386 v54 1 VIR
        387 v55 1 VIR
        388 v56 1 VIR
        389 v57 1 VIR
        390 v58 1 VIR
        391 v59 2 VIR
        392 v6 5 VIR
        393 v60 2 VIR
        394 v61 2 VIR
        395 v62 2 VIR
        396 v63 2 VIR
        397 v64 2 VIR
        398 v65 2 VIR
        399 v66 2 VIR
        400 v67 2 VIR
        401 v68 2 VIR
        402 v69 2 VIR
        403 v7 5 VIR
        404 v70 2 VIR
        405 v71 2 VIR
        406 v72 2 VIR
        407 v73 2 VIR
        408 v74 2 VIR
        409 v75 2 VIR
        410 v76 2 VIR
        411 v77 2 VIR
        412 v78 2 VIR
        413 v79 2 VIR
        414 v8 5 VIR
        415 v80 2 VIR
        416 v81 2 VIR
        417 v82 2 VIR
        418 v83 2 VIR
        419 v84 2 VIR
        420 v85 2 VIR
        421 v86 2 VIR
        422 v87 2 VIR
        423 v88 2 VIR
        424 v89 2 VIR
        425 v9 7 VIR
        426 v90 2 VIR
        427 v91 2 VIR
        428 v92 2 VIR
        429 v93 2 VIR
        430 v94 2 VIR
        431 v95 2 VIR
        432 v96 2 VIR
        433 v97 2 VIR
        434 v98 2 VIR
        435 v99 2 VIR
        436 not1 2 INV
        437 not2 3 INV
        438 not3 3 INV
        439 not4 2 INV
        440 not5 3 INV
        441 not6 3 INV
        442 not7 3 INV
        443 not8 3 INV
        444 not9 3 INV
        445 not10 3 INV
        446 not11 3 INV
        447 not12 3 INV
        448 not13 3 INV
        449 not14 3 INV
        450 not15 3 INV
        451 not16 3 INV
        452 not17 3 INV
        453 not18 3 INV
        454 not19 3 INV
        455 not20 3 INV
        456 not21 3 INV
        457 not22 3 INV
        458 not23 3 INV
        459 not24 3 INV
        460 not25 3 INV
        461 not26 2 INV
        462 not27 3 INV
        463 not28 3 INV
        464 not29 3 INV
        465 not30 3 INV
        466 not31 3 INV
        467 not32 3 INV
        468 not33 3 INV
        469 not34 3 INV
        470 not35 5 INV
        471 not36 3 INV
        472 not37 3 INV
        473 not38 3 INV
        474 not39 4 INV
        475 not40 3 INV
        476 not41 4 INV
        477 not42 3 INV
        478 not43 4 INV
        479 not44 3 INV
        480 not45 3 INV
        481 not46 3 INV
        482 not47 4 INV
        483 not48 4 INV
        484 not49 3 INV
        485 not50 5 INV
        486 not51 3 INV
        487 not52 5 INV
        488 not53 4 INV
        489 not54 5 INV
        490 not55 4 INV
        491 not56 5 INV
        492 not57 3 INV
        493 not58 5 INV
        494 not59 5 INV
        495 not60 4 INV
        496 not61 3 INV
        497 not62 3 INV
        498 not63 4 INV
        499 not64 5 INV
        500 not65 5 INV
        501 not66 5 INV
        502 not67 5 INV
        503 not68 5 INV
        504 not69 5 INV
        505 not70 3 INV
        506 not71 5 INV
        507 not72 6 INV
        508 not73 5 INV
        509 not74 6 INV
        510 not75 4 INV
        511 not76 5 INV
        512 not77 6 INV
        513 not78 4 INV
        514 not79 5 INV
        515 not80 4 INV
        516 not81 4 INV
        517 not82 2 INV
        518 not83 5 INV
        519 not84 7 INV
        520 not85 3 INV
        521 not86 4 INV
        522 not87 7 INV
        523 not88 5 INV
        524 not89 7 INV
        525 not90 4 INV
        526 not91 4 INV
        527 not92 7 INV
        528 not93 4 INV
        529 not94 3 INV
        530 not95 5 INV
        531 not96 3 INV
        532 not97 5 INV
        533 not98 3 INV
        534 not99 3 INV
        535 not100 3 INV
        536 not101 5 INV
        537 not102 7 INV
        538 not103 6 INV
        539 not104 7 INV
        540 not105 7 INV
        541 not106 8 INV
        542 not107 7 INV
        543 not108 6 INV
        544 not109 6 INV
        545 not110 6 INV
        546 not111 8 INV
        547 not112 8 INV
        548 not113 6 INV
        549 not114 5 INV
        550 not115 9 INV
        551 not116 3 INV
        552 not117 7 INV
        553 not118 8 INV
        554 not119 6 INV
        555 not120 4 INV
        556 not121 3 INV
        557 not122 9 INV
        558 not123 8 INV
        559 not124 8 INV
        560 not125 3 INV
        561 not126 9 INV
        562 not127 8 INV
        563 not128 5 INV
        564 not129 6 INV
        565 not130 8 INV
        566 not131 6 INV
        567 not132 3 INV
        568 not133 5 INV
        569 not134 8 INV
        570 not135 10 INV
        571 not136 6 INV
        572 not137 9 INV
        573 not138 10 INV
        574 not139 8 INV
        575 not140 3 INV
        576 not141 7 INV
        577 not142 10 INV
        578 not143 10 INV
        579 not144 10 INV
        580 not145 3 INV
        581 not146 9 INV
        582 not147 10 INV
        583 not148 7 INV
        584 not149 12 INV
        585 not150 12 INV
        586 not151 10 INV
        587 not152 8 INV
        588 not153 3 INV
        589 not154 10 INV
        590 not155 8 INV
        591 not156 14 INV
        592 not157 13 INV
        593 not158 16 INV
    ]
    edge:
    [
        1 358
        1 360
        1 361
        2 362
        2 363
        2 364
        3 365
        3 366
        3 367
        4 368
        4 369
        4 371
        5 372
        5 373
        5 374
        6 375
        6 376
        6 377
        7 378
        7 379
        7 380
        8 382
        8 383
        8 384
        9 385
        9 386
        9 387
        10 388
        10 389
        10 390
        365 436
        436 25
        362 25
        375 300
        376 301
        376 302
        377 303
        377 304
        378 305
        378 306
        378 307
        379 308
        379 309
        380 311
        380 312
        382 313
        382 314
        382 315
        383 316
        383 317
        383 318
        384 319
        384 320
        384 322
        385 323
        385 324
        386 325
        386 326
        387 327
        387 328
        388 329
        388 330
        389 331
        389 333
        390 334
        390 335
        358 391
        358 393
        358 394
        360 395
        360 396
        360 397
        361 398
        361 399
        361 400
        362 401
        362 402
        363 404
        363 405
        364 406
        364 407
        365 408
        365 409
        366 410
        366 411
        367 412
        367 413
        368 415
        368 416
        368 417
        369 418
        369 419
        369 420
        371 421
        371 422
        371 423
        372 424
        372 426
        372 427
        373 428
        373 429
        373 430
        374 431
        374 432
        374 433
        375 434
        375 435
        433 437
        437 24
        320 24
        433 438
        438 26
        400 26
        304 26
        391 28
        415 28
        377 439
        439 30
        312 30
        319 30
        393 32
        408 32
        424 440
        440 36
        25 36
        391 441
        441 38
        408 38
        317 442
        442 40
        421 40
        387 40
        417 443
        443 44
        426 44
        307 44
        307 444
        444 48
        417 48
        313 48
        315 445
        445 52
        418 52
        329 52
        302 55
        318 55
        327 55
        435 446
        446 58
        416 58
        306 58
        405 447
        447 59
        421 59
        430 59
        420 65
        430 65
        326 65
        301 67
        317 67
        333 67
        422 448
        448 71
        406 71
        319 71
        418 449
        449 79
        309 79
        386 79
        314 80
        323 80
        420 450
        450 86
        326 86
        333 86
        420 451
        451 89
        301 89
        317 89
        419 97
        311 97
        325 97
        380 100
        325 100
        331 100
        415 452
        452 102
        434 102
        430 453
        453 104
        419 104
        316 104
        419 106
        429 106
        311 106
        303 118
        328 118
        415 119
        424 119
        413 454
        454 128
        398 128
        407 128
        322 455
        455 131
        304 131
        335 131
        328 456
        456 133
        304 133
        408 457
        457 135
        401 135
        426 135
        423 458
        458 144
        432 144
        303 144
        402 459
        459 154
        393 154
        409 154
        323 460
        460 157
        313 157
        390 461
        461 158
        302 158
        327 158
        302 462
        462 167
        319 167
        334 167
        404 463
        463 179
        412 179
        423 180
        432 180
        334 180
        314 464
        464 192
        435 192
        308 192
        417 195
        300 195
        388 195
        418 202
        376 202
        324 202
        427 465
        465 204
        393 204
        427 466
        466 233
        402 233
        410 233
        316 467
        467 236
        324 236
        330 236
        314 238
        323 238
        416 240
        434 240
        313 468
        468 250
        385 250
        363 253
        410 253
        427 253
        404 469
        469 283
        412 283
        428 283
        404 293
        411 293
        391 336
        395 337
        398 338
        424 339
        428 340
        431 341
        26 470
        470 27
        24 27
        306 29
        28 29
        416 471
        471 33
        339 33
        336 42
        401 42
        306 472
        472 46
        38 46
        434 473
        473 47
        36 47
        28 474
        474 54
        316 54
        340 75
        331 75
        395 475
        475 76
        340 76
        309 76
        331 91
        80 91
        336 95
        339 95
        28 476
        476 99
        325 99
        305 477
        477 113
        102 113
        305 120
        119 120
        337 478
        478 121
        405 121
        320 479
        479 140
        133 140
        431 480
        480 161
        337 161
        406 161
        329 481
        481 168
        157 168
        240 482
        482 191
        315 191
        330 239
        238 239
        240 483
        483 241
        308 241
        329 251
        250 251
        305 255
        102 255
        389 272
        157 272
        428 484
        484 294
        293 294
        32 298
        135 343
        32 348
        32 359
        38 381
        38 392
        29 485
        485 31
        30 31
        315 486
        486 39
        381 39
        426 43
        42 43
        48 487
        487 49
        46 49
        55 488
        488 56
        54 56
        421 57
        348 57
        298 489
        489 64
        429 64
        67 490
        490 68
        54 68
        58 491
        491 69
        47 69
        422 492
        492 70
        392 70
        75 493
        493 77
        76 77
        301 88
        298 88
        95 494
        494 96
        311 96
        100 495
        495 101
        99 101
        429 496
        496 103
        381 103
        412 497
        497 122
        121 122
        118 498
        498 125
        320 125
        120 125
        120 499
        499 127
        406 127
        91 147
        348 147
        401 153
        120 153
        364 160
        241 160
        379 163
        381 163
        33 500
        500 164
        402 164
        308 164
        29 501
        501 193
        192 193
        95 502
        502 194
        435 194
        298 503
        503 200
        300 200
        348 504
        504 216
        312 216
        367 242
        241 242
        394 247
        168 247
        409 256
        255 256
        394 505
        505 267
        251 267
        91 299
        113 321
        113 332
        113 342
        168 344
        168 345
        239 347
        239 349
        239 350
        241 351
        251 353
        251 354
        255 355
        255 356
        33 370
        42 403
        42 414
        334 34
        370 34
        40 506
        506 41
        39 41
        43 507
        507 45
        44 45
        52 508
        508 53
        39 53
        57 509
        509 60
        59 60
        65 510
        510 66
        64 66
        71 511
        511 72
        70 72
        309 78
        403 78
        326 85
        403 85
        88 512
        512 90
        89 90
        97 513
        513 98
        96 98
        104 514
        514 105
        103 105
        106 515
        515 107
        64 107
        118 516
        516 123
        122 123
        366 517
        517 124
        321 124
        128 518
        518 129
        127 129
        407 134
        312 134
        370 134
        345 137
        392 137
        345 519
        519 138
        433 138
        356 138
        432 520
        520 143
        122 143
        341 521
        521 148
        91 148
        342 148
        353 522
        522 150
        355 150
        153 155
        154 155
        161 523
        523 162
        160 162
        164 524
        524 165
        163 165
        180 525
        525 181
        64 181
        332 190
        179 190
        195 526
        526 196
        194 196
        344 527
        527 201
        341 201
        332 201
        202 528
        528 203
        200 203
        431 529
        529 205
        351 205
        204 205
        359 530
        530 217
        33 217
        216 217
        338 230
        69 230
        343 243
        242 243
        413 531
        531 252
        351 252
        233 532
        532 257
        256 257
        399 533
        533 259
        344 259
        350 259
        399 261
        354 261
        135 264
        256 264
        410 534
        534 273
        355 273
        411 275
        321 275
        396 535
        535 277
        347 277
        283 536
        536 284
        256 284
        36 285
        355 285
        353 537
        537 286
        395 286
        36 286
        397 290
        347 290
        321 295
        294 295
        272 538
        538 296
        396 296
        332 296
        101 310
        247 352
        69 425
        335 35
        359 35
        34 35
        41 50
        45 50
        53 61
        60 61
        66 73
        68 73
        78 539
        539 81
        79 81
        85 540
        540 87
        86 87
        90 541
        541 93
        303 93
        414 93
        101 108
        107 108
        101 542
        542 109
        98 109
        105 109
        125 543
        543 126
        123 126
        322 130
        129 130
        46 136
        134 136
        137 139
        138 139
        143 145
        144 145
        343 544
        544 146
        124 146
        147 545
        545 149
        148 149
        356 151
        122 151
        150 151
        327 156
        155 156
        318 166
        165 166
        45 182
        49 182
        60 546
        546 185
        56 185
        66 185
        181 547
        547 188
        31 188
        41 188
        193 197
        196 197
        403 548
        548 198
        191 198
        196 198
        204 549
        549 206
        203 206
        205 206
        201 550
        550 212
        190 212
        399 551
        551 214
        425 214
        216 552
        552 218
        98 218
        217 218
        310 553
        553 220
        90 220
        105 220
        299 554
        554 231
        425 231
        230 231
        124 234
        233 234
        349 244
        243 244
        252 254
        253 254
        338 555
        555 258
        257 258
        324 265
        264 265
        394 556
        556 268
        69 268
        264 268
        253 274
        273 274
        135 276
        275 276
        286 557
        557 287
        285 287
        349 291
        284 291
        290 291
        296 558
        558 297
        295 297
        264 357
        397 15
        234 15
        35 559
        559 37
        31 37
        34 37
        49 51
        50 51
        72 74
        73 74
        77 82
        81 82
        398 560
        560 83
        422 83
        81 83
        87 92
        90 92
        108 110
        109 110
        130 132
        131 132
        133 141
        136 141
        140 141
        150 561
        561 152
        149 152
        151 152
        156 562
        562 159
        158 159
        167 563
        563 169
        166 169
        53 183
        182 183
        197 199
        198 199
        414 564
        564 208
        342 208
        206 208
        72 565
        565 211
        68 211
        81 211
        354 215
        214 215
        310 219
        218 219
        299 566
        566 223
        146 223
        328 567
        567 235
        234 235
        258 260
        259 260
        354 262
        254 262
        261 262
        236 568
        568 266
        265 266
        267 269
        268 269
        347 278
        274 278
        276 278
        396 280
        357 280
        344 288
        247 288
        276 288
        234 346
        346 16
        349 16
        15 16
        53 569
        569 62
        51 62
        56 62
        82 84
        83 84
        92 570
        570 94
        93 94
        140 571
        571 142
        139 142
        141 142
        159 170
        169 170
        353 171
        159 171
        162 171
        60 184
        183 184
        199 207
        206 207
        219 221
        220 221
        87 572
        572 224
        126 224
        215 224
        223 573
        573 228
        212 228
        235 237
        236 237
        345 248
        346 248
        352 248
        261 574
        574 263
        260 263
        262 263
        397 575
        575 270
        266 270
        269 270
        277 279
        278 279
        357 281
        272 281
        280 281
        247 576
        576 289
        287 289
        288 289
        15 577
        577 17
        297 17
        16 17
        61 63
        62 63
        84 111
        110 111
        74 578
        578 112
        84 112
        94 112
        170 172
        171 172
        132 579
        579 177
        126 177
        142 177
        184 186
        185 186
        207 209
        208 209
        87 222
        221 222
        400 580
        580 229
        223 229
        228 229
        244 581
        581 245
        237 245
        269 271
        270 271
        280 582
        582 282
        279 282
        281 282
        290 583
        583 292
        289 292
        291 292
        282 18
        17 18
        282 584
        584 19
        271 19
        292 19
        111 585
        585 114
        112 114
        37 586
        586 116
        27 116
        63 116
        152 173
        172 173
        350 174
        145 174
        172 174
        181 187
        186 187
        72 210
        209 210
        222 225
        224 225
        230 587
        587 232
        229 232
        231 232
        400 588
        588 246
        244 246
        245 246
        18 20
        19 20
        37 589
        589 115
        114 115
        173 175
        174 175
        187 189
        188 189
        210 213
        211 213
        352 590
        590 249
        246 249
        248 249
        249 21
        20 21
        249 591
        591 22
        232 22
        263 22
        116 592
        592 117
        115 117
        132 176
        175 176
        189 226
        213 226
        21 23
        22 23
        176 178
        177 178
        225 227
        226 227
        23 11
        117 593
        593 12
        178 13
        227 14
    ]
]
