circuit_name:sctnew_processed
[
    node:
    [
        1 x0 0 PI
        2 x1 0 PI
        3 x2 0 PI
        4 x3 0 PI
        5 x4 0 PI
        6 x5 0 PI
        7 x6 0 PI
        8 x7 0 PI
        9 x8 0 PI
        10 x9 0 PI
        11 x10 0 PI
        12 x11 0 PI
        13 x12 0 PI
        14 x13 0 PI
        15 x14 0 PI
        16 x15 0 PI
        17 x16 0 PI
        18 x17 0 PI
        19 x18 0 PI
        20 y0 15 PO
        21 y1 16 PO
        22 y2 16 PO
        23 y3 10 PO
        24 y4 4 PO
        25 y5 2 PO
        26 y6 7 PO
        27 y7 8 PO
        28 y8 7 PO
        29 y9 3 PO
        30 y10 12 PO
        31 y11 4 PO
        32 y12 12 PO
        33 y13 14 PO
        34 y14 15 PO
        35 n100 7 MAJ
        36 n101 2 OR
        37 n102 3 MAJ
        38 n103 5 AND
        39 n104 3 AND
        40 n105 5 MAJ
        41 n106 6 MAJ
        42 n107 3 AND
        43 n108 4 AND
        44 n109 6 MAJ
        45 n110 8 AND
        46 n111 7 MAJ
        47 n112 9 AND
        48 n113 10 MAJ
        49 n114 11 AND
        50 n115 3 AND
        51 n116 5 MAJ
        52 n117 7 MAJ
        53 n118 9 AND
        54 n119 8 MAJ
        55 n120 10 AND
        56 n121 3 AND
        57 n122 5 AND
        58 n123 11 MAJ
        59 n124 7 MAJ
        60 n125 4 MAJ
        61 n126 6 MAJ
        62 n127 4 AND
        63 n128 4 MAJ
        64 n129 6 AND
        65 n130 5 AND
        66 n131 5 AND
        67 n132 5 AND
        68 n133 4 AND
        69 n134 5 AND
        70 n135 6 OR
        71 n136 7 MAJ
        72 n137 8 OR
        73 n138 9 AND
        74 n139 11 MAJ
        75 n140 12 MAJ
        76 n141 3 OR
        77 n142 5 MAJ
        78 n143 5 MAJ
        79 n144 6 AND
        80 n145 8 AND
        81 n146 9 MAJ
        82 n147 10 MAJ
        83 n148 3 AND
        84 n149 6 AND
        85 n150 12 AND
        86 n151 7 MAJ
        87 n152 13 AND
        88 n20 3 AND
        89 n21 2 OR
        90 n22 3 OR
        91 n23 3 OR
        92 n24 4 OR
        93 n25 6 MAJ
        94 n26 3 MAJ
        95 n27 4 OR
        96 n28 2 MAJ
        97 n29 3 OR
        98 n30 3 OR
        99 n31 4 AND
        100 n32 5 MAJ
        101 n33 6 AND
        102 n34 8 AND
        103 n35 9 MAJ
        104 n36 10 MAJ
        105 n37 5 AND
        106 n38 4 MAJ
        107 n39 6 AND
        108 n40 12 AND
        109 n41 7 MAJ
        110 n42 13 AND
        111 n43 1 OR
        112 n44 3 MAJ
        113 n45 4 OR
        114 n46 5 OR
        115 n47 7 MAJ
        116 n48 6 MAJ
        117 n49 7 AND
        118 n50 9 AND
        119 n51 10 MAJ
        120 n52 11 MAJ
        121 n53 5 AND
        122 n54 6 AND
        123 n55 13 AND
        124 n56 7 MAJ
        125 n57 14 AND
        126 n58 1 OR
        127 n59 3 MAJ
        128 n60 4 OR
        129 n61 3 OR
        130 n62 5 OR
        131 n63 7 MAJ
        132 n64 2 AND
        133 n65 3 MAJ
        134 n66 4 MAJ
        135 n67 3 OR
        136 n68 4 MAJ
        137 n69 5 AND
        138 n70 6 MAJ
        139 n71 7 AND
        140 n72 9 AND
        141 n73 10 MAJ
        142 n74 11 MAJ
        143 n75 6 AND
        144 n76 7 AND
        145 n77 13 AND
        146 n78 8 MAJ
        147 n79 14 AND
        148 n80 3 AND
        149 n81 4 AND
        150 n82 3 MAJ
        151 n83 4 AND
        152 n84 6 AND
        153 n85 6 MAJ
        154 n86 7 AND
        155 n87 4 AND
        156 n88 6 AND
        157 n89 4 MAJ
        158 n90 7 AND
        159 n91 5 AND
        160 n92 8 MAJ
        161 n93 9 MAJ
        162 n94 1 XOR
        163 n95 2 MAJ
        164 n96 2 AND
        165 n97 3 XOR
        166 n98 5 MAJ
        167 n99 6 AND
        168 v1 4 VIR
        169 v10 5 VIR
        170 v11 1 VIR
        171 v12 1 VIR
        172 v13 1 VIR
        173 v14 1 VIR
        174 v15 1 VIR
        175 v16 1 VIR
        176 v17 1 VIR
        177 v18 1 VIR
        178 v19 1 VIR
        179 v2 4 VIR
        180 v20 1 VIR
        181 v21 1 VIR
        182 v22 1 VIR
        183 v23 1 VIR
        184 v24 1 VIR
        185 v25 1 VIR
        186 v26 1 VIR
        187 v27 1 VIR
        188 v28 1 VIR
        189 v29 1 VIR
        190 v3 5 VIR
        191 v30 1 VIR
        192 v31 1 VIR
        193 v32 1 VIR
        194 v33 1 VIR
        195 v34 1 VIR
        196 v35 1 VIR
        197 v36 2 VIR
        198 v37 2 VIR
        199 v38 2 VIR
        200 v39 2 VIR
        201 v4 4 VIR
        202 v40 2 VIR
        203 v41 2 VIR
        204 v42 2 VIR
        205 v43 2 VIR
        206 v44 2 VIR
        207 v45 2 VIR
        208 v46 2 VIR
        209 v47 2 VIR
        210 v48 2 VIR
        211 v49 2 VIR
        212 v5 4 VIR
        213 v50 2 VIR
        214 v51 2 VIR
        215 v52 2 VIR
        216 v53 2 VIR
        217 v54 2 VIR
        218 v55 2 VIR
        219 v56 2 VIR
        220 v57 2 VIR
        221 v58 2 VIR
        222 v59 2 VIR
        223 v6 3 VIR
        224 v60 2 VIR
        225 v61 2 VIR
        226 v62 2 VIR
        227 v7 4 VIR
        228 v8 5 VIR
        229 v9 4 VIR
        230 not1 1 INV
        231 not2 2 INV
        232 not3 2 INV
        233 not4 3 INV
        234 not5 3 INV
        235 not6 3 INV
        236 not7 3 INV
        237 not8 2 INV
        238 not9 2 INV
        239 not10 3 INV
        240 not11 2 INV
        241 not12 3 INV
        242 not13 3 INV
        243 not14 5 INV
        244 not15 4 INV
        245 not16 5 INV
        246 not17 2 INV
        247 not18 4 INV
        248 not19 4 INV
        249 not20 4 INV
        250 not21 4 INV
        251 not22 3 INV
        252 not23 3 INV
        253 not24 5 INV
        254 not25 5 INV
        255 not26 2 INV
        256 not27 5 INV
        257 not28 5 INV
        258 not29 4 INV
        259 not30 3 INV
        260 not31 2 INV
        261 not32 7 INV
        262 not33 2 INV
        263 not34 6 INV
        264 not35 6 INV
        265 not36 4 INV
        266 not37 4 INV
        267 not38 4 INV
        268 not39 5 INV
        269 not40 6 INV
        270 not41 5 INV
        271 not42 6 INV
        272 not43 5 INV
        273 not44 3 INV
        274 not45 5 INV
        275 not46 5 INV
        276 not47 8 INV
        277 not48 8 INV
        278 not49 4 INV
        279 not50 6 INV
        280 not51 2 INV
        281 not52 7 INV
        282 not53 2 INV
        283 not54 1 INV
        284 not55 1 INV
        285 not56 9 INV
        286 not57 7 INV
        287 not58 8 INV
        288 not59 8 INV
        289 not60 7 INV
        290 not61 9 INV
        291 not62 6 INV
        292 not63 10 INV
        293 not64 9 INV
        294 not65 11 INV
        295 not66 10 INV
        296 not67 10 INV
        297 not68 8 INV
        298 not69 11 INV
        299 not70 12 INV
        300 not71 12 INV
        301 not72 14 INV
        302 not73 15 INV
        303 not74 15 INV
        304 not75 3 INV
        305 not76 6 INV
        306 not77 13 INV
        307 not78 14 INV
    ]
    edge:
    [
        15 111
        17 111
        16 126
        18 126
        19 162
        6 162
        1 230
        230 164
        4 164
        2 170
        2 171
        2 172
        11 173
        11 174
        11 175
        12 176
        12 177
        12 178
        13 180
        13 181
        13 182
        14 183
        14 184
        14 185
        15 186
        16 187
        7 188
        7 189
        8 191
        8 192
        8 193
        9 194
        9 195
        9 196
        193 36
        174 36
        183 89
        15 89
        191 96
        173 96
        176 96
        186 231
        231 112
        183 112
        16 112
        187 232
        232 127
        186 127
        17 127
        180 132
        183 132
        189 163
        19 163
        162 163
        170 197
        170 198
        170 199
        171 200
        171 202
        172 203
        172 204
        173 205
        174 206
        176 207
        176 208
        177 209
        178 210
        191 211
        191 213
        192 214
        192 215
        193 216
        194 217
        194 218
        194 219
        195 220
        195 221
        195 222
        196 224
        196 225
        196 226
        7 37
        192 37
        217 37
        203 39
        217 39
        202 42
        193 42
        205 233
        233 43
        208 43
        3 50
        226 50
        175 56
        210 56
        198 234
        234 62
        217 62
        218 235
        235 63
        209 63
        182 63
        214 236
        236 68
        184 68
        198 76
        89 76
        185 237
        237 83
        210 83
        188 238
        238 88
        202 88
        187 90
        89 90
        211 91
        181 91
        197 94
        205 94
        207 94
        211 97
        96 97
        197 98
        180 98
        209 239
        239 106
        206 106
        182 106
        111 113
        112 113
        126 128
        127 128
        214 129
        207 129
        173 133
        180 133
        132 133
        197 135
        207 135
        208 148
        181 148
        188 240
        240 150
        200 150
        215 150
        216 241
        241 155
        188 155
        220 242
        242 157
        204 157
        19 157
        10 165
        224 165
        89 223
        43 243
        243 44
        177 44
        42 44
        177 51
        181 51
        43 51
        56 244
        244 57
        182 57
        219 60
        184 60
        39 60
        63 245
        245 64
        62 64
        174 246
        246 65
        62 65
        129 247
        247 66
        37 66
        37 69
        68 69
        199 92
        90 92
        199 95
        94 95
        97 99
        98 99
        90 248
        248 100
        213 100
        98 100
        223 249
        249 105
        209 105
        198 114
        113 114
        90 250
        250 121
        178 121
        200 130
        128 130
        132 251
        251 134
        200 134
        133 134
        132 252
        252 136
        211 136
        133 136
        128 253
        253 138
        214 138
        135 138
        113 254
        254 143
        178 143
        184 255
        255 149
        148 149
        203 151
        150 151
        128 256
        256 153
        5 153
        218 153
        155 257
        257 156
        219 156
        165 258
        258 166
        225 166
        164 166
        37 168
        106 169
        39 179
        43 190
        88 201
        88 212
        91 227
        98 229
        36 259
        259 38
        168 38
        175 260
        260 40
        224 40
        179 40
        44 261
        261 45
        219 45
        189 262
        262 46
        204 46
        44 46
        190 263
        263 52
        88 52
        51 52
        51 264
        264 59
        185 59
        190 59
        91 265
        265 67
        168 67
        66 70
        69 70
        76 266
        266 77
        202 77
        227 77
        223 267
        267 78
        215 78
        229 78
        169 84
        83 84
        92 268
        268 93
        172 93
        227 93
        99 101
        100 101
        105 107
        106 107
        114 269
        269 115
        171 115
        91 115
        113 270
        270 116
        213 116
        229 116
        106 122
        121 122
        130 271
        271 131
        203 131
        129 131
        135 137
        136 137
        169 144
        143 144
        151 272
        272 152
        218 152
        156 158
        157 158
        206 273
        273 159
        149 159
        212 274
        274 167
        216 167
        95 228
        225 35
        212 35
        167 35
        179 275
        275 41
        38 41
        40 41
        46 276
        276 47
        45 47
        52 277
        277 53
        220 53
        204 54
        216 54
        52 54
        39 278
        278 61
        38 61
        60 61
        66 279
        279 71
        65 71
        67 71
        99 79
        78 79
        186 280
        280 86
        225 86
        84 86
        101 281
        281 102
        95 102
        187 282
        282 109
        221 109
        107 109
        99 117
        116 117
        17 283
        283 124
        221 124
        122 124
        137 139
        138 139
        18 284
        284 146
        222 146
        144 146
        152 154
        153 154
        175 48
        210 48
        47 48
        54 285
        285 55
        53 55
        70 72
        71 72
        79 286
        286 80
        77 80
        93 103
        95 103
        102 103
        117 287
        287 118
        115 118
        139 288
        288 140
        134 140
        149 160
        154 160
        159 160
        47 49
        48 49
        55 58
        56 58
        57 58
        64 289
        289 73
        72 73
        228 81
        77 81
        80 81
        102 290
        290 104
        201 104
        103 104
        228 119
        115 119
        118 119
        131 141
        134 141
        140 141
        159 291
        291 161
        158 161
        160 161
        73 292
        292 74
        61 74
        64 74
        80 293
        293 82
        212 82
        81 82
        104 294
        294 108
        220 108
        118 295
        295 120
        201 120
        119 120
        140 296
        296 142
        201 142
        141 142
        59 297
        297 75
        73 75
        74 75
        82 298
        298 85
        224 85
        108 110
        109 110
        120 299
        299 123
        221 123
        142 300
        300 145
        222 145
        85 87
        86 87
        123 125
        124 125
        145 147
        146 147
        110 301
        301 20
        125 302
        302 21
        147 303
        303 22
        161 23
        163 304
        304 24
        189 25
        166 305
        305 26
        35 27
        41 28
        226 29
        49 30
        50 31
        58 32
        75 306
        306 33
        87 307
        307 34
    ]
]
