circuit_name:sqrt8new_processed
[
    node:
    [
        1 x0 0 PI
        2 x1 0 PI
        3 x2 0 PI
        4 x3 0 PI
        5 x4 0 PI
        6 x5 0 PI
        7 x6 0 PI
        8 x7 0 PI
        9 y0 4 PO
        10 y1 6 PO
        11 y2 13 PO
        12 y3 14 PO
        13 n10 3 OR
        14 n100 6 MAJ
        15 n101 8 MAJ
        16 n102 9 OR
        17 n103 9 MAJ
        18 n104 10 OR
        19 n105 11 OR
        20 n106 12 MAJ
        21 n107 13 OR
        22 n11 3 XOR
        23 n12 5 MAJ
        24 n13 3 AND
        25 n14 3 MAJ
        26 n15 4 MAJ
        27 n16 5 XOR
        28 n17 4 AND
        29 n18 3 MAJ
        30 n19 5 AND
        31 n20 3 OR
        32 n21 4 OR
        33 n22 3 AND
        34 n23 6 OR
        35 n24 8 MAJ
        36 n25 4 AND
        37 n26 5 AND
        38 n27 3 AND
        39 n28 4 AND
        40 n29 7 AND
        41 n30 8 OR
        42 n31 9 MAJ
        43 n32 10 OR
        44 n33 9 MAJ
        45 n34 11 OR
        46 n35 3 AND
        47 n36 4 MAJ
        48 n37 12 MAJ
        49 n38 4 AND
        50 n39 4 AND
        51 n40 5 AND
        52 n41 6 AND
        53 n42 3 MAJ
        54 n43 7 AND
        55 n44 8 MAJ
        56 n45 9 OR
        57 n46 3 AND
        58 n47 4 AND
        59 n48 4 AND
        60 n49 5 XOR
        61 n50 6 MAJ
        62 n51 7 MAJ
        63 n52 4 AND
        64 n53 5 AND
        65 n54 6 AND
        66 n55 4 MAJ
        67 n56 7 AND
        68 n57 3 AND
        69 n58 3 MAJ
        70 n59 5 AND
        71 n60 3 AND
        72 n61 6 MAJ
        73 n62 7 MAJ
        74 n63 8 OR
        75 n64 10 MAJ
        76 n65 11 OR
        77 n66 3 AND
        78 n67 7 AND
        79 n68 5 OR
        80 n69 7 AND
        81 n70 9 MAJ
        82 n71 3 AND
        83 n72 3 AND
        84 n73 3 MAJ
        85 n74 5 AND
        86 n75 4 AND
        87 n76 6 MAJ
        88 n77 7 MAJ
        89 n78 6 AND
        90 n79 7 MAJ
        91 n80 8 MAJ
        92 n81 4 AND
        93 n82 5 AND
        94 n83 7 AND
        95 n84 7 AND
        96 n85 9 MAJ
        97 n86 10 OR
        98 n87 10 MAJ
        99 n88 11 OR
        100 n89 3 AND
        101 n9 3 OR
        102 n90 4 AND
        103 n91 6 AND
        104 n92 8 MAJ
        105 n93 2 OR
        106 n94 4 AND
        107 n95 5 MAJ
        108 n96 6 AND
        109 n97 6 XOR
        110 n98 7 MAJ
        111 n99 4 AND
        112 v1 5 VIR
        113 v10 1 VIR
        114 v11 1 VIR
        115 v12 1 VIR
        116 v13 1 VIR
        117 v14 1 VIR
        118 v15 1 VIR
        119 v16 1 VIR
        120 v17 1 VIR
        121 v18 1 VIR
        122 v19 1 VIR
        123 v2 6 VIR
        124 v20 1 VIR
        125 v21 1 VIR
        126 v22 1 VIR
        127 v23 1 VIR
        128 v24 2 VIR
        129 v25 2 VIR
        130 v26 2 VIR
        131 v27 2 VIR
        132 v28 2 VIR
        133 v29 2 VIR
        134 v3 1 VIR
        135 v30 2 VIR
        136 v31 2 VIR
        137 v32 2 VIR
        138 v33 2 VIR
        139 v34 2 VIR
        140 v35 2 VIR
        141 v36 2 VIR
        142 v37 2 VIR
        143 v38 2 VIR
        144 v39 2 VIR
        145 v4 1 VIR
        146 v40 2 VIR
        147 v41 2 VIR
        148 v42 2 VIR
        149 v43 2 VIR
        150 v44 2 VIR
        151 v5 1 VIR
        152 v6 1 VIR
        153 v7 1 VIR
        154 v8 1 VIR
        155 v9 1 VIR
        156 not1 2 INV
        157 not2 2 INV
        158 not3 2 INV
        159 not4 2 INV
        160 not5 2 INV
        161 not6 3 INV
        162 not7 2 INV
        163 not8 2 INV
        164 not9 3 INV
        165 not10 3 INV
        166 not11 2 INV
        167 not12 3 INV
        168 not13 3 INV
        169 not14 2 INV
        170 not15 3 INV
        171 not16 3 INV
        172 not17 3 INV
        173 not18 3 INV
        174 not19 4 INV
        175 not20 2 INV
        176 not21 3 INV
        177 not22 4 INV
        178 not23 4 INV
        179 not24 2 INV
        180 not25 3 INV
        181 not26 6 INV
        182 not27 2 INV
        183 not28 6 INV
        184 not29 5 INV
        185 not30 4 INV
        186 not31 6 INV
        187 not32 5 INV
        188 not33 6 INV
        189 not34 2 INV
        190 not35 5 INV
        191 not36 7 INV
        192 not37 8 INV
        193 not38 2 INV
        194 not39 7 INV
        195 not40 8 INV
        196 not41 7 INV
        197 not42 6 INV
        198 not43 8 INV
        199 not44 8 INV
        200 not45 4 INV
        201 not46 10 INV
    ]
    edge:
    [
        3 113
        3 114
        4 115
        4 116
        4 117
        5 118
        5 119
        5 120
        6 121
        6 122
        6 124
        7 125
        8 126
        8 127
        1 134
        1 145
        1 151
        2 152
        2 153
        2 154
        3 155
        114 156
        156 71
        8 71
        120 157
        157 77
        127 77
        119 158
        158 82
        125 82
        116 159
        159 83
        153 83
        152 105
        155 105
        113 128
        113 129
        114 130
        114 131
        115 132
        115 133
        116 135
        117 136
        118 137
        119 138
        120 139
        121 140
        122 141
        124 142
        152 143
        152 144
        153 146
        153 147
        154 148
        155 149
        155 150
        131 13
        136 13
        148 22
        151 22
        151 160
        160 24
        147 24
        147 25
        130 25
        135 25
        130 161
        161 28
        142 28
        117 162
        162 29
        154 29
        130 29
        134 31
        149 31
        154 163
        163 33
        135 33
        150 164
        164 36
        144 36
        145 38
        143 38
        143 46
        115 46
        143 165
        165 50
        134 50
        113 53
        118 53
        140 53
        134 166
        166 57
        149 57
        149 167
        167 63
        145 63
        138 168
        168 66
        142 66
        126 66
        129 68
        122 68
        119 169
        169 69
        146 69
        129 69
        145 84
        146 84
        128 84
        128 170
        170 86
        7 86
        144 171
        171 92
        150 92
        146 100
        128 100
        151 101
        148 101
        105 172
        172 106
        132 106
        140 173
        173 111
        137 111
        22 174
        174 23
        148 23
        13 23
        136 26
        24 26
        25 26
        28 30
        29 30
        132 32
        31 32
        116 175
        175 37
        36 37
        131 39
        38 39
        136 47
        139 47
        46 47
        135 49
        38 49
        132 176
        176 51
        50 51
        133 58
        57 58
        121 59
        46 59
        133 64
        63 64
        69 177
        177 70
        68 70
        84 178
        178 85
        83 85
        122 93
        92 93
        117 102
        100 102
        121 179
        179 107
        118 107
        106 107
        141 180
        180 14
        37 14
        111 14
        26 27
        24 27
        37 181
        181 40
        32 40
        150 52
        51 52
        59 60
        58 60
        124 182
        182 65
        64 65
        126 72
        51 72
        71 72
        58 79
        59 79
        7 87
        51 87
        86 87
        141 89
        64 89
        93 183
        183 95
        126 95
        32 184
        184 108
        140 108
        107 109
        137 109
        32 112
        112 34
        33 34
        138 41
        40 41
        52 54
        53 54
        141 61
        59 61
        60 61
        65 67
        66 67
        71 185
        185 73
        70 73
        72 73
        112 186
        186 78
        77 78
        86 187
        187 88
        85 88
        87 88
        64 90
        82 90
        89 90
        112 188
        188 94
        82 94
        125 189
        189 103
        79 103
        107 110
        108 110
        109 110
        79 123
        111 190
        190 15
        110 15
        14 15
        34 191
        191 35
        142 35
        33 35
        40 192
        192 42
        39 42
        41 42
        124 55
        49 55
        54 55
        120 62
        58 62
        61 62
        127 193
        193 80
        123 80
        89 194
        194 91
        88 91
        90 91
        95 195
        195 96
        127 96
        94 96
        103 196
        196 104
        79 104
        102 104
        104 16
        15 16
        125 17
        93 17
        15 17
        30 43
        42 43
        30 197
        197 44
        27 44
        35 44
        54 56
        55 56
        62 74
        73 74
        80 198
        198 81
        78 81
        123 81
        91 97
        96 97
        139 98
        49 98
        96 98
        16 18
        17 18
        43 45
        44 45
        62 199
        199 75
        56 75
        67 75
        97 99
        98 99
        81 19
        18 19
        46 200
        200 48
        45 48
        47 48
        74 76
        75 76
        81 201
        201 20
        76 20
        99 20
        19 21
        20 21
        101 9
        23 10
        48 11
        21 12
    ]
]
