circuit_name:sqrt8mlnew_processed
[
    node:
    [
        1 x0 0 PI
        2 x1 0 PI
        3 x2 0 PI
        4 x3 0 PI
        5 x4 0 PI
        6 x5 0 PI
        7 x6 0 PI
        8 x7 0 PI
        9 y0 4 PO
        10 y1 5 PO
        11 y2 10 PO
        12 y3 17 PO
        13 n10 1 XOR
        14 n11 3 MAJ
        15 n12 3 XOR
        16 n13 5 AND
        17 n14 2 OR
        18 n15 1 OR
        19 n16 4 XOR
        20 n17 6 MAJ
        21 n18 3 MAJ
        22 n19 3 MAJ
        23 n20 5 AND
        24 n21 6 XOR
        25 n22 7 MAJ
        26 n23 8 OR
        27 n24 2 XOR
        28 n25 6 MAJ
        29 n26 8 MAJ
        30 n27 9 OR
        31 n28 3 AND
        32 n29 4 MAJ
        33 n30 5 MAJ
        34 n31 6 XOR
        35 n32 7 XOR
        36 n33 8 XOR
        37 n34 10 XOR
        38 n35 11 MAJ
        39 n36 1 OR
        40 n37 10 XOR
        41 n38 11 MAJ
        42 n39 10 AND
        43 n40 11 XOR
        44 n41 12 MAJ
        45 n42 10 XOR
        46 n43 11 MAJ
        47 n44 12 XOR
        48 n45 13 MAJ
        49 n46 14 OR
        50 n47 10 AND
        51 n48 11 XOR
        52 n49 15 OR
        53 n50 11 AND
        54 n51 16 OR
        55 n9 2 OR
        56 v1 4 VIR
        57 v10 1 VIR
        58 v11 1 VIR
        59 v12 1 VIR
        60 v13 1 VIR
        61 v14 1 VIR
        62 v15 1 VIR
        63 v16 1 VIR
        64 v2 4 VIR
        65 v3 3 VIR
        66 v4 2 VIR
        67 v5 7 VIR
        68 v6 9 VIR
        69 v7 9 VIR
        70 v8 9 VIR
        71 v9 1 VIR
        72 not1 2 INV
        73 not2 2 INV
        74 not3 2 INV
        75 not4 2 INV
        76 not5 4 INV
        77 not6 4 INV
        78 not7 4 INV
        79 not8 5 INV
        80 not9 5 INV
        81 not10 3 INV
        82 not11 3 INV
        83 not12 1 INV
        84 not13 9 INV
        85 not14 10 INV
        86 not15 9 INV
        87 not16 10 INV
        88 not17 3 INV
        89 not18 5 INV
        90 not19 4 INV
    ]
    edge:
    [
        2 13
        1 13
        5 18
        6 18
        7 39
        8 39
        1 57
        2 58
        2 59
        3 60
        3 61
        3 62
        4 63
        1 71
        71 17
        58 17
        58 72
        72 21
        71 21
        60 21
        60 73
        73 22
        71 22
        4 22
        18 27
        62 27
        61 74
        74 31
        57 31
        60 55
        4 55
        18 66
        13 75
        75 14
        58 14
        55 14
        55 15
        57 15
        21 76
        76 23
        22 23
        61 32
        63 32
        31 32
        31 77
        77 33
        57 33
        59 33
        17 65
        15 78
        78 16
        59 16
        14 19
        61 19
        23 24
        63 24
        33 34
        31 34
        14 56
        14 64
        56 79
        79 20
        18 20
        19 20
        56 80
        80 28
        66 28
        27 28
        34 35
        32 35
        24 67
        17 81
        81 25
        20 25
        24 25
        17 82
        82 29
        67 29
        28 29
        35 36
        28 36
        16 26
        25 26
        16 30
        29 30
        26 68
        26 69
        26 70
        69 37
        24 37
        68 40
        5 40
        5 83
        83 42
        68 42
        68 45
        66 45
        29 84
        84 50
        69 50
        30 85
        85 53
        70 53
        36 86
        86 38
        67 38
        37 38
        69 87
        87 41
        39 41
        40 41
        42 43
        6 43
        66 88
        88 46
        56 46
        45 46
        50 51
        16 51
        64 89
        89 44
        41 44
        43 44
        46 47
        62 47
        65 90
        90 48
        44 48
        47 48
        38 49
        48 49
        49 52
        51 52
        52 54
        53 54
        65 9
        64 10
        70 11
        54 12
    ]
]
