circuit_name:squar5new_processed
[
    node:
    [
        1 x0 0 PI
        2 x1 0 PI
        3 x2 0 PI
        4 x3 0 PI
        5 x4 0 PI
        6 y0 12 PO
        7 y1 15 PO
        8 y2 11 PO
        9 y3 6 PO
        10 y4 12 PO
        11 y5 13 PO
        12 y6 13 PO
        13 y7 12 PO
        14 n10 4 MAJ
        15 n100 7 MAJ
        16 n101 6 AND
        17 n102 8 AND
        18 n103 9 MAJ
        19 n104 6 AND
        20 n105 8 AND
        21 n106 9 MAJ
        22 n107 10 OR
        23 n108 10 MAJ
        24 n109 11 OR
        25 n11 5 AND
        26 n12 3 OR
        27 n13 5 AND
        28 n14 3 AND
        29 n15 4 AND
        30 n16 3 XOR
        31 n17 6 AND
        32 n18 5 AND
        33 n19 5 XOR
        34 n20 7 MAJ
        35 n21 8 OR
        36 n22 7 MAJ
        37 n23 9 OR
        38 n24 10 MAJ
        39 n25 11 OR
        40 n26 3 AND
        41 n27 3 AND
        42 n28 4 AND
        43 n29 6 AND
        44 n30 8 AND
        45 n31 9 MAJ
        46 n32 4 AND
        47 n33 5 AND
        48 n34 2 MAJ
        49 n35 6 AND
        50 n36 5 XOR
        51 n37 7 MAJ
        52 n38 10 OR
        53 n39 11 MAJ
        54 n40 12 OR
        55 n41 13 MAJ
        56 n42 14 OR
        57 n43 5 AND
        58 n44 6 XOR
        59 n45 8 MAJ
        60 n46 6 AND
        61 n47 7 MAJ
        62 n48 9 OR
        63 n49 10 OR
        64 n50 4 AND
        65 n51 3 AND
        66 n52 4 AND
        67 n53 5 AND
        68 n54 3 AND
        69 n55 4 AND
        70 n56 5 AND
        71 n57 4 AND
        72 n58 5 AND
        73 n59 5 XOR
        74 n6 2 OR
        75 n60 7 MAJ
        76 n61 6 OR
        77 n62 8 MAJ
        78 n63 9 OR
        79 n64 7 MAJ
        80 n65 10 OR
        81 n66 6 OR
        82 n67 11 MAJ
        83 n68 3 MAJ
        84 n69 5 AND
        85 n7 4 AND
        86 n70 6 OR
        87 n71 7 AND
        88 n72 9 MAJ
        89 n73 5 MAJ
        90 n74 6 MAJ
        91 n75 7 AND
        92 n76 3 OR
        93 n77 5 MAJ
        94 n78 4 MAJ
        95 n79 6 AND
        96 n8 2 AND
        97 n80 10 OR
        98 n81 11 MAJ
        99 n82 12 OR
        100 n83 6 MAJ
        101 n84 8 MAJ
        102 n85 6 AND
        103 n86 8 AND
        104 n87 9 MAJ
        105 n88 7 MAJ
        106 n89 5 AND
        107 n9 3 AND
        108 n90 7 AND
        109 n91 8 MAJ
        110 n92 10 OR
        111 n93 11 MAJ
        112 n94 12 OR
        113 n95 6 AND
        114 n96 8 AND
        115 n97 9 MAJ
        116 n98 6 MAJ
        117 n99 6 AND
        118 v1 5 VIR
        119 v10 5 VIR
        120 v11 5 VIR
        121 v12 5 VIR
        122 v13 5 VIR
        123 v14 4 VIR
        124 v15 4 VIR
        125 v16 1 VIR
        126 v17 1 VIR
        127 v18 1 VIR
        128 v19 1 VIR
        129 v2 5 VIR
        130 v20 1 VIR
        131 v21 1 VIR
        132 v22 1 VIR
        133 v23 1 VIR
        134 v24 1 VIR
        135 v25 1 VIR
        136 v26 1 VIR
        137 v27 1 VIR
        138 v28 1 VIR
        139 v29 1 VIR
        140 v3 4 VIR
        141 v30 2 VIR
        142 v31 2 VIR
        143 v32 2 VIR
        144 v33 2 VIR
        145 v34 2 VIR
        146 v35 2 VIR
        147 v36 2 VIR
        148 v37 2 VIR
        149 v38 2 VIR
        150 v39 2 VIR
        151 v4 4 VIR
        152 v40 2 VIR
        153 v41 2 VIR
        154 v42 2 VIR
        155 v43 2 VIR
        156 v44 2 VIR
        157 v5 4 VIR
        158 v6 5 VIR
        159 v7 5 VIR
        160 v8 5 VIR
        161 v9 5 VIR
        162 not1 2 INV
        163 not2 2 INV
        164 not3 2 INV
        165 not4 2 INV
        166 not5 2 INV
        167 not6 3 INV
        168 not7 2 INV
        169 not8 2 INV
        170 not9 2 INV
        171 not10 3 INV
        172 not11 3 INV
        173 not12 2 INV
        174 not13 2 INV
        175 not14 3 INV
        176 not15 3 INV
        177 not16 4 INV
        178 not17 6 INV
        179 not18 3 INV
        180 not19 3 INV
        181 not20 3 INV
        182 not21 5 INV
        183 not22 5 INV
        184 not23 3 INV
        185 not24 3 INV
        186 not25 7 INV
        187 not26 7 INV
        188 not27 6 INV
        189 not28 7 INV
        190 not29 6 INV
        191 not30 7 INV
        192 not31 6 INV
        193 not32 6 INV
        194 not33 4 INV
        195 not34 7 INV
        196 not35 7 INV
        197 not36 6 INV
        198 not37 7 INV
        199 not38 6 INV
        200 not39 8 INV
        201 not40 8 INV
        202 not41 3 INV
        203 not42 10 INV
        204 not43 10 INV
        205 not44 10 INV
        206 not45 3 INV
        207 not46 6 INV
    ]
    edge:
    [
        1 125
        1 126
        1 127
        2 128
        2 130
        2 131
        3 132
        3 133
        4 134
        4 135
        4 136
        5 137
        5 138
        5 139
        132 162
        162 28
        135 28
        134 163
        163 41
        3 41
        133 48
        135 48
        138 48
        126 164
        164 68
        130 68
        132 74
        134 74
        133 165
        165 83
        136 83
        139 83
        132 96
        134 96
        125 141
        125 142
        125 143
        126 144
        126 145
        127 146
        127 147
        128 148
        128 149
        128 150
        130 152
        130 153
        131 154
        131 155
        137 156
        141 26
        148 26
        156 29
        28 29
        149 30
        142 30
        138 166
        166 40
        96 40
        137 42
        41 42
        148 167
        167 46
        141 46
        139 168
        168 64
        28 64
        143 65
        150 65
        136 169
        169 69
        68 69
        138 170
        170 71
        41 71
        74 171
        171 85
        156 85
        139 92
        74 92
        137 107
        96 107
        142 14
        149 14
        107 14
        149 172
        172 32
        29 32
        85 33
        141 33
        135 173
        173 47
        46 47
        136 174
        174 66
        65 66
        48 70
        69 70
        71 73
        150 73
        145 93
        153 93
        64 93
        153 175
        175 94
        127 94
        92 94
        29 118
        46 119
        71 120
        71 121
        85 122
        107 123
        107 124
        29 129
        40 140
        40 151
        40 157
        42 158
        42 159
        42 160
        46 161
        145 176
        176 16
        129 16
        144 19
        120 19
        123 25
        14 25
        26 177
        177 27
        123 27
        118 31
        30 31
        33 178
        178 34
        85 34
        32 34
        148 43
        158 43
        47 49
        48 49
        140 50
        142 50
        152 179
        179 57
        124 57
        158 58
        145 58
        154 60
        129 60
        48 67
        66 67
        143 180
        180 72
        140 72
        118 76
        161 76
        161 81
        64 81
        66 84
        83 84
        124 86
        118 86
        146 89
        153 89
        151 89
        146 181
        181 90
        131 90
        121 90
        94 182
        182 95
        93 95
        151 183
        183 100
        154 100
        26 100
        144 102
        158 102
        152 106
        151 106
        152 184
        184 113
        120 113
        154 185
        185 116
        129 116
        159 116
        30 117
        159 117
        30 15
        116 15
        117 15
        16 186
        186 17
        122 17
        19 187
        187 20
        157 20
        27 35
        34 35
        27 188
        188 36
        25 36
        31 36
        43 189
        189 44
        123 44
        50 190
        190 51
        32 51
        140 51
        58 191
        191 59
        159 59
        57 59
        160 61
        58 61
        60 61
        73 192
        192 75
        120 75
        72 75
        67 193
        193 79
        27 79
        70 79
        68 194
        194 87
        86 87
        89 91
        90 91
        100 195
        195 101
        26 101
        121 101
        102 196
        196 103
        124 103
        32 105
        160 105
        58 105
        106 197
        197 108
        122 108
        113 198
        198 114
        64 114
        155 18
        16 18
        17 18
        155 21
        19 21
        20 21
        35 37
        36 37
        144 45
        43 45
        44 45
        25 62
        59 62
        161 199
        199 77
        75 77
        76 77
        87 200
        200 88
        67 88
        86 88
        155 104
        102 104
        103 104
        146 109
        106 109
        108 109
        147 115
        113 115
        114 115
        15 22
        21 22
        15 201
        201 23
        115 23
        18 23
        147 202
        202 38
        122 38
        37 38
        45 52
        51 52
        45 203
        203 53
        31 53
        49 53
        61 63
        62 63
        67 78
        77 78
        88 97
        95 97
        88 204
        204 98
        84 98
        91 98
        104 110
        109 110
        104 205
        205 111
        101 111
        105 111
        22 24
        23 24
        37 39
        38 39
        52 54
        53 54
        78 80
        79 80
        97 99
        98 99
        110 112
        111 112
        147 206
        206 55
        157 55
        54 55
        119 207
        207 82
        80 82
        81 82
        54 56
        55 56
        39 6
        56 7
        63 8
        119 9
        82 10
        99 11
        112 12
        24 13
    ]
]
