circuit_name:unregnew_processed
[
    node:
    [
        1 x0 0 PI
        2 x1 0 PI
        3 x2 0 PI
        4 x3 0 PI
        5 x4 0 PI
        6 x5 0 PI
        7 x6 0 PI
        8 x7 0 PI
        9 x8 0 PI
        10 x9 0 PI
        11 x10 0 PI
        12 x11 0 PI
        13 x12 0 PI
        14 x13 0 PI
        15 x14 0 PI
        16 x15 0 PI
        17 x16 0 PI
        18 x17 0 PI
        19 x18 0 PI
        20 x19 0 PI
        21 x20 0 PI
        22 x21 0 PI
        23 x22 0 PI
        24 x23 0 PI
        25 x24 0 PI
        26 x25 0 PI
        27 x26 0 PI
        28 x27 0 PI
        29 x28 0 PI
        30 x29 0 PI
        31 x30 0 PI
        32 x31 0 PI
        33 x32 0 PI
        34 x33 0 PI
        35 x34 0 PI
        36 x35 0 PI
        37 y0 9 PO
        38 y1 10 PO
        39 y2 9 PO
        40 y3 10 PO
        41 y4 9 PO
        42 y5 9 PO
        43 y6 9 PO
        44 y7 10 PO
        45 y8 9 PO
        46 y9 9 PO
        47 y10 9 PO
        48 y11 10 PO
        49 y12 10 PO
        50 y13 10 PO
        51 y14 10 PO
        52 y15 9 PO
        53 n100 7 XOR
        54 n101 8 MAJ
        55 n102 3 MAJ
        56 n103 5 MAJ
        57 n104 6 AND
        58 n105 7 XOR
        59 n106 8 MAJ
        60 n107 5 MAJ
        61 n108 3 MAJ
        62 n109 6 AND
        63 n110 7 XOR
        64 n111 8 MAJ
        65 n112 4 MAJ
        66 n113 3 MAJ
        67 n114 5 AND
        68 n115 6 XOR
        69 n116 7 MAJ
        70 n37 4 MAJ
        71 n38 3 MAJ
        72 n39 5 AND
        73 n40 6 XOR
        74 n41 7 MAJ
        75 n42 5 MAJ
        76 n43 4 MAJ
        77 n44 6 AND
        78 n45 7 XOR
        79 n46 8 MAJ
        80 n47 4 MAJ
        81 n48 3 MAJ
        82 n49 5 AND
        83 n50 6 XOR
        84 n51 7 MAJ
        85 n52 5 MAJ
        86 n53 4 MAJ
        87 n54 6 AND
        88 n55 7 XOR
        89 n56 8 MAJ
        90 n57 4 MAJ
        91 n58 3 MAJ
        92 n59 5 AND
        93 n60 6 XOR
        94 n61 7 MAJ
        95 n62 4 MAJ
        96 n63 3 MAJ
        97 n64 5 AND
        98 n65 6 XOR
        99 n66 7 MAJ
        100 n67 4 MAJ
        101 n68 3 MAJ
        102 n69 5 AND
        103 n70 2 XOR
        104 n71 7 MAJ
        105 n72 5 MAJ
        106 n73 4 MAJ
        107 n74 6 AND
        108 n75 2 XOR
        109 n76 8 MAJ
        110 n77 4 MAJ
        111 n78 3 MAJ
        112 n79 5 AND
        113 n80 3 XOR
        114 n81 7 MAJ
        115 n82 4 MAJ
        116 n83 3 MAJ
        117 n84 5 AND
        118 n85 3 XOR
        119 n86 7 MAJ
        120 n87 4 MAJ
        121 n88 3 MAJ
        122 n89 5 AND
        123 n90 3 XOR
        124 n91 7 MAJ
        125 n92 4 MAJ
        126 n93 4 MAJ
        127 n94 6 AND
        128 n95 7 XOR
        129 n96 8 MAJ
        130 n97 5 MAJ
        131 n98 3 MAJ
        132 n99 6 AND
        133 v1 1 VIR
        134 v10 2 VIR
        135 v11 2 VIR
        136 v12 2 VIR
        137 v13 2 VIR
        138 v14 2 VIR
        139 v15 2 VIR
        140 v16 2 VIR
        141 v17 2 VIR
        142 v18 2 VIR
        143 v19 2 VIR
        144 v2 1 VIR
        145 v20 2 VIR
        146 v21 2 VIR
        147 v22 2 VIR
        148 v23 2 VIR
        149 v24 2 VIR
        150 v25 2 VIR
        151 v26 2 VIR
        152 v27 2 VIR
        153 v28 2 VIR
        154 v29 2 VIR
        155 v3 1 VIR
        156 v30 2 VIR
        157 v31 2 VIR
        158 v32 3 VIR
        159 v33 3 VIR
        160 v34 3 VIR
        161 v35 3 VIR
        162 v36 3 VIR
        163 v37 3 VIR
        164 v38 3 VIR
        165 v39 3 VIR
        166 v4 1 VIR
        167 v40 3 VIR
        168 v41 3 VIR
        169 v5 1 VIR
        170 v6 1 VIR
        171 v7 1 VIR
        172 v8 1 VIR
        173 v9 1 VIR
        174 not1 3 INV
        175 not2 3 INV
        176 not3 3 INV
        177 not4 3 INV
        178 not5 1 INV
        179 not6 3 INV
        180 not7 3 INV
        181 not8 3 INV
        182 not9 3 INV
        183 not10 3 INV
        184 not11 3 INV
        185 not12 4 INV
        186 not13 4 INV
        187 not14 4 INV
        188 not15 4 INV
        189 not16 4 INV
        190 not17 4 INV
        191 not18 4 INV
        192 not19 4 INV
        193 not20 4 INV
        194 not21 4 INV
        195 not22 4 INV
        196 not23 4 INV
        197 not24 4 INV
        198 not25 4 INV
        199 not26 4 INV
        200 not27 4 INV
        201 not28 4 INV
        202 not29 5 INV
        203 not30 5 INV
        204 not31 6 INV
        205 not32 5 INV
        206 not33 6 INV
        207 not34 6 INV
        208 not35 6 INV
        209 not36 5 INV
        210 not37 4 INV
        211 not38 6 INV
        212 not39 6 INV
        213 not40 6 INV
        214 not41 6 INV
        215 not42 6 INV
        216 not43 7 INV
        217 not44 7 INV
        218 not45 7 INV
        219 not46 7 INV
        220 not47 7 INV
        221 not48 7 INV
        222 not49 7 INV
        223 not50 8 INV
        224 not51 9 INV
        225 not52 8 INV
        226 not53 9 INV
        227 not54 8 INV
        228 not55 8 INV
        229 not56 8 INV
        230 not57 9 INV
        231 not58 8 INV
        232 not59 8 INV
        233 not60 8 INV
        234 not61 9 INV
        235 not62 9 INV
        236 not63 9 INV
        237 not64 9 INV
        238 not65 8 INV
    ]
    edge:
    [
        6 133
        6 144
        6 155
        8 166
        8 169
        8 170
        10 171
        10 172
        10 173
        172 103
        2 103
        172 108
        4 108
        133 134
        133 135
        133 136
        144 137
        144 138
        144 139
        155 140
        155 141
        155 142
        166 143
        166 145
        166 146
        169 147
        169 148
        169 149
        170 150
        170 151
        170 152
        171 153
        171 154
        172 156
        173 157
        138 55
        148 55
        17 55
        139 61
        149 61
        19 61
        139 174
        174 65
        149 65
        35 65
        139 66
        149 66
        21 66
        134 175
        175 70
        143 70
        34 70
        134 71
        7 71
        143 71
        135 176
        176 80
        145 80
        24 80
        135 81
        145 81
        16 81
        136 177
        177 90
        146 90
        22 90
        3 178
        178 91
        136 91
        146 91
        136 179
        179 95
        146 95
        29 95
        2 96
        137 96
        147 96
        140 180
        180 100
        150 100
        28 100
        4 101
        140 101
        150 101
        141 181
        181 110
        151 110
        26 110
        141 111
        151 111
        12 111
        156 113
        5 113
        141 182
        182 115
        151 115
        33 115
        142 116
        152 116
        9 116
        156 118
        7 118
        142 183
        183 120
        152 120
        32 120
        142 121
        152 121
        11 121
        156 123
        9 123
        137 184
        184 125
        147 125
        31 125
        138 131
        148 131
        20 131
        134 158
        135 159
        137 160
        138 161
        140 162
        143 163
        145 164
        147 165
        148 167
        150 168
        161 185
        185 56
        1 56
        167 56
        161 186
        186 60
        167 60
        36 60
        66 187
        187 67
        65 67
        71 188
        188 72
        70 72
        158 189
        189 75
        163 75
        25 75
        158 76
        163 76
        14 76
        81 190
        190 82
        80 82
        159 191
        191 85
        164 85
        23 85
        159 86
        164 86
        18 86
        91 192
        192 92
        90 92
        96 193
        193 97
        95 97
        101 194
        194 102
        100 102
        162 195
        195 105
        168 105
        27 105
        5 106
        162 106
        168 106
        111 196
        196 112
        110 112
        116 197
        197 117
        115 117
        121 198
        198 122
        120 122
        160 126
        165 126
        13 126
        160 199
        199 130
        165 130
        30 130
        55 200
        200 57
        56 57
        61 201
        201 62
        60 62
        67 68
        157 68
        72 73
        171 73
        76 202
        202 77
        75 77
        82 83
        153 83
        86 203
        203 87
        85 87
        92 93
        154 93
        97 98
        154 98
        102 204
        204 104
        2 104
        103 104
        106 205
        205 107
        105 107
        112 206
        206 114
        5 114
        113 114
        117 207
        207 119
        7 119
        118 119
        122 208
        208 124
        9 124
        123 124
        126 209
        209 127
        125 127
        131 210
        210 132
        130 132
        132 53
        173 53
        57 58
        157 58
        62 63
        157 63
        67 211
        211 69
        19 69
        68 69
        72 212
        212 74
        21 74
        73 74
        77 78
        153 78
        82 213
        213 84
        14 84
        83 84
        87 88
        153 88
        92 214
        214 94
        18 94
        93 94
        97 215
        215 99
        20 99
        98 99
        107 216
        216 109
        4 109
        108 109
        127 128
        173 128
        132 217
        217 54
        13 54
        53 54
        57 218
        218 59
        15 59
        58 59
        62 219
        219 64
        17 64
        63 64
        77 220
        220 79
        12 79
        78 79
        87 221
        221 89
        16 89
        88 89
        127 222
        222 129
        11 129
        128 129
        74 223
        223 37
        79 224
        224 38
        84 225
        225 39
        89 226
        226 40
        94 227
        227 41
        99 228
        228 42
        104 229
        229 43
        109 230
        230 44
        114 231
        231 45
        119 232
        232 46
        124 233
        233 47
        129 234
        234 48
        54 235
        235 49
        59 236
        236 50
        64 237
        237 51
        69 238
        238 52
    ]
]
