circuit_name:x2new_processed
[
    node:
    [
        1 x0 0 PI
        2 x1 0 PI
        3 x2 0 PI
        4 x3 0 PI
        5 x4 0 PI
        6 x5 0 PI
        7 x6 0 PI
        8 x7 0 PI
        9 x8 0 PI
        10 x9 0 PI
        11 y0 11 PO
        12 y1 12 PO
        13 y2 6 PO
        14 y3 5 PO
        15 y4 5 PO
        16 y5 9 PO
        17 y6 8 PO
        18 n11 3 OR
        19 n12 3 MAJ
        20 n13 5 AND
        21 n14 3 OR
        22 n15 2 MAJ
        23 n16 5 AND
        24 n17 7 AND
        25 n18 7 MAJ
        26 n19 8 AND
        27 n20 3 AND
        28 n21 4 AND
        29 n22 3 XOR
        30 n23 3 AND
        31 n24 4 AND
        32 n25 6 MAJ
        33 n26 3 AND
        34 n27 5 MAJ
        35 n28 7 MAJ
        36 n29 9 AND
        37 n30 2 OR
        38 n31 3 OR
        39 n32 2 AND
        40 n33 2 MAJ
        41 n34 3 AND
        42 n35 4 AND
        43 n36 5 MAJ
        44 n37 6 AND
        45 n38 4 AND
        46 n39 3 MAJ
        47 n40 5 AND
        48 n41 3 MAJ
        49 n42 4 MAJ
        50 n43 5 OR
        51 n44 6 XOR
        52 n45 8 AND
        53 n46 8 MAJ
        54 n47 10 AND
        55 n48 3 AND
        56 n49 4 AND
        57 n50 3 XOR
        58 n51 4 OR
        59 n52 4 MAJ
        60 n53 5 OR
        61 n54 2 OR
        62 n55 3 OR
        63 n56 6 MAJ
        64 n57 7 AND
        65 n58 3 AND
        66 n59 6 AND
        67 v1 1 VIR
        68 v10 1 VIR
        69 v11 1 VIR
        70 v12 1 VIR
        71 v13 1 VIR
        72 v14 1 VIR
        73 v15 2 VIR
        74 v16 2 VIR
        75 v17 2 VIR
        76 v18 2 VIR
        77 v19 2 VIR
        78 v2 1 VIR
        79 v20 2 VIR
        80 v21 2 VIR
        81 v22 2 VIR
        82 v23 2 VIR
        83 v3 1 VIR
        84 v4 1 VIR
        85 v5 1 VIR
        86 v6 1 VIR
        87 v7 1 VIR
        88 v8 1 VIR
        89 v9 1 VIR
        90 not1 1 INV
        91 not2 2 INV
        92 not3 2 INV
        93 not4 1 INV
        94 not5 1 INV
        95 not6 2 INV
        96 not7 2 INV
        97 not8 3 INV
        98 not9 2 INV
        99 not10 3 INV
        100 not11 4 INV
        101 not12 4 INV
        102 not13 5 INV
        103 not14 4 INV
        104 not15 3 INV
        105 not16 5 INV
        106 not17 6 INV
        107 not18 6 INV
        108 not19 1 INV
        109 not20 6 INV
        110 not21 7 INV
        111 not22 4 INV
        112 not23 7 INV
        113 not24 9 INV
        114 not25 10 INV
        115 not26 11 INV
        116 not27 5 INV
        117 not28 4 INV
        118 not29 8 INV
        119 not30 7 INV
    ]
    edge:
    [
        2 67
        9 68
        9 69
        10 70
        10 71
        10 72
        2 78
        3 83
        5 84
        7 85
        8 86
        8 87
        8 88
        9 89
        1 90
        90 22
        67 22
        83 22
        87 91
        91 30
        6 30
        87 92
        92 33
        68 33
        86 37
        89 37
        3 93
        93 39
        70 39
        2 94
        94 40
        3 40
        86 40
        84 95
        95 46
        4 46
        68 46
        83 61
        72 61
        68 73
        69 74
        70 75
        71 76
        72 77
        86 79
        87 80
        88 81
        89 82
        5 18
        75 18
        4 19
        5 19
        79 19
        67 21
        79 21
        67 96
        96 27
        75 27
        71 29
        82 29
        82 31
        30 31
        71 38
        37 38
        39 41
        40 41
        76 97
        97 45
        84 45
        70 98
        98 48
        79 48
        89 48
        88 55
        74 55
        77 57
        81 57
        80 99
        99 59
        73 59
        76 59
        78 62
        61 62
        85 65
        81 65
        18 100
        100 20
        19 20
        21 101
        101 23
        22 23
        22 28
        27 28
        31 102
        102 32
        69 32
        29 32
        7 42
        38 42
        41 103
        103 43
        1 43
        38 43
        45 47
        46 47
        6 49
        82 49
        48 49
        77 104
        104 56
        55 56
        74 58
        57 58
        72 60
        59 60
        59 105
        105 66
        65 66
        20 106
        106 24
        7 24
        23 107
        107 25
        85 25
        73 25
        69 34
        28 34
        33 34
        42 44
        43 44
        80 50
        49 50
        1 108
        108 63
        78 63
        60 63
        24 26
        25 26
        34 109
        109 35
        32 35
        33 35
        50 51
        48 51
        44 110
        110 53
        88 53
        47 53
        62 111
        111 64
        63 64
        26 36
        35 36
        51 112
        112 52
        44 52
        53 113
        113 54
        52 54
        36 114
        114 11
        54 115
        115 12
        56 116
        116 13
        58 14
        38 117
        117 15
        64 118
        118 16
        66 119
        119 17
    ]
]
