circuit_name:z4mlnew_processed
[
    node:
    [
        1 x0 0 PI
        2 x1 0 PI
        3 x2 0 PI
        4 x3 0 PI
        5 x4 0 PI
        6 x5 0 PI
        7 x6 0 PI
        8 y0 16 PO
        9 y1 14 PO
        10 y2 14 PO
        11 y3 5 PO
        12 n10 6 AND
        13 n100 6 AND
        14 n101 3 AND
        15 n102 5 AND
        16 n103 7 OR
        17 n104 7 MAJ
        18 n105 8 OR
        19 n106 9 OR
        20 n107 12 MAJ
        21 n108 13 OR
        22 n109 14 OR
        23 n11 4 AND
        24 n110 13 MAJ
        25 n111 15 OR
        26 n112 4 AND
        27 n113 4 MAJ
        28 n114 5 AND
        29 n115 4 AND
        30 n116 3 MAJ
        31 n117 5 AND
        32 n118 5 MAJ
        33 n119 6 AND
        34 n12 4 MAJ
        35 n120 4 MAJ
        36 n121 5 XOR
        37 n122 6 XOR
        38 n123 7 MAJ
        39 n124 9 AND
        40 n125 10 OR
        41 n126 7 MAJ
        42 n127 11 OR
        43 n128 3 OR
        44 n129 4 MAJ
        45 n13 5 AND
        46 n130 5 AND
        47 n131 3 XOR
        48 n132 4 MAJ
        49 n133 6 AND
        50 n134 3 OR
        51 n135 4 MAJ
        52 n136 5 AND
        53 n137 4 MAJ
        54 n138 6 AND
        55 n139 3 AND
        56 n14 3 OR
        57 n140 4 MAJ
        58 n141 5 AND
        59 n142 7 OR
        60 n143 8 OR
        61 n144 9 OR
        62 n145 12 MAJ
        63 n146 13 OR
        64 n147 3 AND
        65 n148 5 AND
        66 n149 3 AND
        67 n15 5 AND
        68 n150 3 AND
        69 n151 4 MAJ
        70 n152 5 AND
        71 n153 5 MAJ
        72 n154 6 MAJ
        73 n155 5 AND
        74 n156 3 AND
        75 n157 4 MAJ
        76 n158 5 AND
        77 n159 4 MAJ
        78 n16 7 OR
        79 n160 5 AND
        80 n161 6 OR
        81 n162 7 MAJ
        82 n163 8 OR
        83 n164 4 MAJ
        84 n165 5 AND
        85 n166 4 MAJ
        86 n167 5 AND
        87 n168 5 AND
        88 n169 3 AND
        89 n17 6 XOR
        90 n170 4 AND
        91 n171 6 AND
        92 n172 7 MAJ
        93 n173 5 AND
        94 n174 7 AND
        95 n175 9 MAJ
        96 n176 10 OR
        97 n177 7 MAJ
        98 n178 11 OR
        99 n179 12 OR
        100 n18 8 MAJ
        101 n180 9 MAJ
        102 n181 13 OR
        103 n182 3 XOR
        104 n183 4 XOR
        105 n19 3 OR
        106 n20 4 MAJ
        107 n21 5 AND
        108 n22 4 AND
        109 n23 4 MAJ
        110 n24 6 AND
        111 n25 7 XOR
        112 n26 8 MAJ
        113 n27 5 AND
        114 n28 3 MAJ
        115 n29 6 AND
        116 n30 4 AND
        117 n31 6 AND
        118 n32 7 OR
        119 n33 8 AND
        120 n34 10 MAJ
        121 n35 6 AND
        122 n36 4 AND
        123 n37 3 MAJ
        124 n38 5 AND
        125 n39 4 AND
        126 n40 5 AND
        127 n41 6 MAJ
        128 n42 7 AND
        129 n43 5 AND
        130 n44 3 OR
        131 n45 4 MAJ
        132 n46 5 AND
        133 n47 3 AND
        134 n48 4 MAJ
        135 n49 5 AND
        136 n50 4 OR
        137 n51 5 OR
        138 n52 7 AND
        139 n53 6 XOR
        140 n54 8 MAJ
        141 n55 9 MAJ
        142 n56 9 MAJ
        143 n57 10 OR
        144 n58 11 OR
        145 n59 11 MAJ
        146 n60 12 OR
        147 n61 4 MAJ
        148 n62 6 AND
        149 n63 3 OR
        150 n64 4 OR
        151 n65 4 MAJ
        152 n66 6 AND
        153 n67 5 AND
        154 n68 7 MAJ
        155 n69 7 MAJ
        156 n70 8 OR
        157 n71 3 AND
        158 n72 5 AND
        159 n73 5 MAJ
        160 n74 6 AND
        161 n75 4 AND
        162 n76 4 MAJ
        163 n77 6 AND
        164 n78 4 AND
        165 n79 4 MAJ
        166 n8 4 AND
        167 n80 6 AND
        168 n81 4 AND
        169 n82 5 AND
        170 n83 7 AND
        171 n84 7 AND
        172 n85 9 MAJ
        173 n86 10 OR
        174 n87 9 MAJ
        175 n88 11 OR
        176 n89 5 AND
        177 n9 4 MAJ
        178 n90 4 MAJ
        179 n91 6 AND
        180 n92 4 AND
        181 n93 7 MAJ
        182 n94 5 MAJ
        183 n95 8 AND
        184 n96 4 MAJ
        185 n97 5 XOR
        186 n98 6 AND
        187 n99 4 MAJ
        188 v1 4 VIR
        189 v10 1 VIR
        190 v11 1 VIR
        191 v12 1 VIR
        192 v13 1 VIR
        193 v14 1 VIR
        194 v15 1 VIR
        195 v16 1 VIR
        196 v17 1 VIR
        197 v18 1 VIR
        198 v19 1 VIR
        199 v2 4 VIR
        200 v20 1 VIR
        201 v21 1 VIR
        202 v22 1 VIR
        203 v23 1 VIR
        204 v24 2 VIR
        205 v25 2 VIR
        206 v26 2 VIR
        207 v27 2 VIR
        208 v28 2 VIR
        209 v29 2 VIR
        210 v3 1 VIR
        211 v30 2 VIR
        212 v31 2 VIR
        213 v32 2 VIR
        214 v33 2 VIR
        215 v34 2 VIR
        216 v35 2 VIR
        217 v36 2 VIR
        218 v37 2 VIR
        219 v38 2 VIR
        220 v39 2 VIR
        221 v4 1 VIR
        222 v40 2 VIR
        223 v41 2 VIR
        224 v42 2 VIR
        225 v43 2 VIR
        226 v44 2 VIR
        227 v45 2 VIR
        228 v46 2 VIR
        229 v47 2 VIR
        230 v48 2 VIR
        231 v49 2 VIR
        232 v5 1 VIR
        233 v50 2 VIR
        234 v51 2 VIR
        235 v52 2 VIR
        236 v53 2 VIR
        237 v54 2 VIR
        238 v55 2 VIR
        239 v56 2 VIR
        240 v57 2 VIR
        241 v58 2 VIR
        242 v59 2 VIR
        243 v6 1 VIR
        244 v60 2 VIR
        245 v61 2 VIR
        246 v62 2 VIR
        247 v63 2 VIR
        248 v64 2 VIR
        249 v65 2 VIR
        250 v66 2 VIR
        251 v67 2 VIR
        252 v68 2 VIR
        253 v69 2 VIR
        254 v7 1 VIR
        255 v70 2 VIR
        256 v71 2 VIR
        257 v72 2 VIR
        258 v73 2 VIR
        259 v74 2 VIR
        260 v75 2 VIR
        261 v76 2 VIR
        262 v77 2 VIR
        263 v78 2 VIR
        264 v79 2 VIR
        265 v8 1 VIR
        266 v80 2 VIR
        267 v81 2 VIR
        268 v82 3 VIR
        269 v83 3 VIR
        270 v84 3 VIR
        271 v85 3 VIR
        272 v86 3 VIR
        273 v87 3 VIR
        274 v88 3 VIR
        275 v89 3 VIR
        276 v9 1 VIR
        277 v90 3 VIR
        278 v91 3 VIR
        279 v92 3 VIR
        280 not1 3 INV
        281 not2 3 INV
        282 not3 3 INV
        283 not4 3 INV
        284 not5 3 INV
        285 not6 3 INV
        286 not7 3 INV
        287 not8 3 INV
        288 not9 3 INV
        289 not10 3 INV
        290 not11 3 INV
        291 not12 3 INV
        292 not13 3 INV
        293 not14 3 INV
        294 not15 3 INV
        295 not16 3 INV
        296 not17 3 INV
        297 not18 3 INV
        298 not19 3 INV
        299 not20 3 INV
        300 not21 3 INV
        301 not22 3 INV
        302 not23 3 INV
        303 not24 3 INV
        304 not25 3 INV
        305 not26 5 INV
        306 not27 5 INV
        307 not28 4 INV
        308 not29 4 INV
        309 not30 4 INV
        310 not31 3 INV
        311 not32 4 INV
        312 not33 4 INV
        313 not34 3 INV
        314 not35 5 INV
        315 not36 4 INV
        316 not37 5 INV
        317 not38 4 INV
        318 not39 4 INV
        319 not40 4 INV
        320 not41 3 INV
        321 not42 5 INV
        322 not43 3 INV
        323 not44 4 INV
        324 not45 4 INV
        325 not46 3 INV
        326 not47 6 INV
        327 not48 5 INV
        328 not49 5 INV
        329 not50 5 INV
        330 not51 5 INV
        331 not52 4 INV
        332 not53 4 INV
        333 not54 5 INV
        334 not55 3 INV
        335 not56 5 INV
        336 not57 5 INV
        337 not58 5 INV
        338 not59 3 INV
        339 not60 4 INV
        340 not61 8 INV
        341 not62 6 INV
        342 not63 6 INV
        343 not64 6 INV
        344 not65 6 INV
        345 not66 3 INV
        346 not67 6 INV
        347 not68 3 INV
        348 not69 3 INV
        349 not70 6 INV
        350 not71 6 INV
        351 not72 8 INV
        352 not73 7 INV
        353 not74 8 INV
        354 not75 7 INV
        355 not76 9 INV
        356 not77 3 INV
        357 not78 7 INV
        358 not79 6 INV
        359 not80 7 INV
        360 not81 3 INV
        361 not82 11 INV
    ]
    edge:
    [
        3 189
        3 190
        4 191
        4 192
        4 193
        5 194
        5 195
        5 196
        6 197
        6 198
        6 200
        7 201
        7 202
        7 203
        1 210
        1 221
        1 232
        2 243
        2 254
        2 265
        3 276
        189 204
        189 205
        189 206
        190 207
        190 208
        190 209
        191 211
        191 212
        191 213
        192 214
        192 215
        192 216
        193 217
        193 218
        193 219
        194 220
        194 222
        194 223
        195 224
        195 225
        195 226
        196 227
        196 228
        196 229
        197 230
        197 231
        197 233
        198 234
        198 235
        198 236
        200 237
        200 238
        200 239
        201 240
        201 241
        201 242
        202 244
        202 245
        203 246
        203 247
        210 248
        210 249
        221 250
        221 251
        232 252
        232 253
        243 255
        243 256
        243 257
        254 258
        254 259
        254 260
        265 261
        265 262
        265 263
        276 264
        276 266
        276 267
        212 14
        231 14
        261 280
        280 26
        244 26
        227 281
        281 27
        251 27
        261 27
        244 282
        282 29
        260 29
        251 30
        260 30
        226 30
        207 283
        283 34
        258 34
        214 34
        214 284
        284 35
        250 35
        224 35
        263 43
        247 43
        253 285
        285 44
        263 44
        229 44
        228 47
        262 47
        215 50
        241 50
        225 286
        286 51
        259 51
        216 51
        259 287
        287 53
        217 53
        226 53
        259 55
        244 55
        216 56
        236 56
        262 288
        288 57
        252 57
        228 57
        209 64
        245 64
        253 66
        229 66
        218 68
        245 68
        218 289
        289 69
        263 69
        239 69
        227 74
        245 74
        228 290
        290 75
        252 75
        238 75
        262 291
        291 77
        252 77
        238 77
        249 88
        212 88
        219 103
        253 103
        267 105
        231 105
        214 292
        292 108
        234 108
        212 293
        293 109
        267 109
        222 109
        221 114
        204 114
        223 114
        264 294
        294 116
        230 116
        205 295
        295 122
        224 122
        250 123
        205 123
        213 123
        224 296
        296 125
        205 125
        257 130
        233 130
        250 297
        297 131
        257 131
        206 131
        266 133
        222 133
        266 298
        298 147
        248 147
        220 147
        210 149
        264 149
        249 157
        256 157
        255 299
        299 164
        230 164
        237 300
        300 166
        216 166
        225 301
        301 177
        209 177
        215 177
        235 302
        302 178
        208 178
        241 178
        222 303
        303 184
        256 184
        267 184
        204 304
        304 187
        257 187
        223 187
        204 268
        207 269
        211 270
        230 271
        231 272
        234 273
        237 274
        255 275
        258 277
        261 278
        264 279
        177 305
        305 12
        166 12
        187 306
        306 13
        116 13
        109 15
        14 15
        279 23
        271 23
        26 28
        27 28
        30 307
        307 31
        29 31
        278 308
        308 32
        232 32
        217 32
        35 36
        251 36
        43 309
        309 46
        44 46
        247 310
        310 48
        219 48
        47 48
        50 311
        311 52
        51 52
        55 58
        57 58
        34 65
        64 65
        56 312
        312 67
        177 67
        68 70
        69 70
        239 71
        108 71
        66 71
        147 73
        64 73
        74 76
        75 76
        55 79
        77 79
        278 83
        209 83
        238 83
        227 313
        313 85
        218 85
        274 85
        109 87
        68 87
        258 90
        88 90
        103 104
        247 104
        277 106
        269 106
        215 106
        109 314
        314 110
        108 110
        273 315
        315 113
        206 113
        34 316
        316 117
        116 117
        122 124
        123 124
        123 317
        317 126
        125 126
        105 318
        318 129
        114 129
        130 319
        319 132
        131 132
        266 320
        320 134
        249 134
        270 134
        248 136
        275 136
        147 321
        321 148
        116 148
        220 150
        149 150
        211 322
        322 151
        220 151
        271 151
        272 323
        323 158
        157 158
        268 324
        324 159
        272 159
        240 159
        213 161
        157 161
        268 162
        213 162
        233 162
        255 325
        325 165
        248 165
        279 165
        275 168
        211 168
        277 180
        225 180
        184 185
        256 185
        50 188
        157 199
        242 17
        13 17
        15 17
        180 33
        32 33
        36 37
        260 37
        36 326
        326 38
        217 38
        35 38
        23 45
        34 45
        48 327
        327 49
        219 49
        188 328
        328 54
        53 54
        108 329
        329 72
        70 72
        71 72
        76 80
        79 80
        180 84
        83 84
        74 86
        85 86
        67 89
        246 89
        90 330
        330 91
        207 91
        269 93
        199 93
        105 331
        331 107
        106 107
        110 111
        203 111
        114 332
        332 115
        113 115
        106 333
        333 121
        113 121
        237 334
        334 127
        124 127
        126 127
        133 135
        134 135
        270 137
        136 137
        150 335
        335 152
        151 152
        23 153
        147 153
        158 160
        159 160
        162 336
        336 163
        161 163
        165 337
        337 167
        164 167
        165 169
        168 169
        235 176
        199 176
        208 338
        338 182
        236 182
        180 182
        273 339
        339 186
        185 186
        186 16
        13 16
        38 340
        340 39
        37 39
        31 341
        341 41
        28 41
        33 41
        52 59
        54 59
        12 78
        45 78
        76 342
        342 81
        135 81
        73 81
        274 92
        90 92
        91 92
        93 343
        343 94
        50 94
        86 344
        344 97
        84 97
        87 97
        107 112
        110 112
        111 112
        115 118
        117 118
        239 345
        345 128
        127 128
        137 346
        346 138
        206 138
        135 139
        234 139
        240 154
        152 154
        153 154
        241 347
        347 155
        148 155
        152 155
        240 348
        348 170
        167 170
        169 349
        349 171
        233 171
        176 179
        178 179
        137 350
        350 181
        208 181
        236 181
        16 18
        17 18
        31 40
        39 40
        58 60
        59 60
        80 82
        81 82
        94 351
        351 95
        188 95
        92 95
        67 100
        78 100
        89 100
        246 119
        118 119
        139 352
        352 140
        135 140
        138 140
        154 156
        155 156
        171 353
        353 172
        235 172
        170 172
        181 183
        182 183
        179 19
        18 19
        40 42
        41 42
        46 61
        60 61
        86 96
        95 96
        72 354
        354 101
        65 101
        82 101
        119 355
        355 120
        112 120
        118 120
        242 356
        356 141
        132 141
        140 141
        202 142
        129 142
        140 142
        160 173
        172 173
        160 357
        357 174
        156 174
        163 174
        46 358
        358 62
        42 62
        49 62
        96 98
        97 98
        141 143
        142 143
        173 175
        174 175
        179 359
        359 20
        175 20
        183 20
        61 63
        62 63
        72 99
        98 99
        128 144
        143 144
        246 360
        360 145
        121 145
        143 145
        19 21
        20 21
        99 102
        101 102
        144 146
        145 146
        120 22
        21 22
        120 361
        361 24
        100 24
        146 24
        22 25
        24 25
        25 8
        63 9
        102 10
        104 11
    ]
]
