circuit_name:5xp1new_processed
[
    node:
    [
        1 x0 0 PI
        2 x1 0 PI
        3 x2 0 PI
        4 x3 0 PI
        5 x4 0 PI
        6 x5 0 PI
        7 x6 0 PI
        8 y0 20 PO
        9 y1 18 PO
        10 y2 14 PO
        11 y3 9 PO
        12 y4 8 PO
        13 y5 4 PO
        14 y6 7 PO
        15 y7 8 PO
        16 y8 19 PO
        17 y9 18 PO
        18 n10 8 AND
        19 n100 7 OR
        20 n101 14 MAJ
        21 n102 15 OR
        22 n103 10 OR
        23 n104 16 MAJ
        24 n105 17 OR
        25 n106 4 AND
        26 n107 6 MAJ
        27 n108 7 AND
        28 n109 5 MAJ
        29 n11 6 MAJ
        30 n110 7 AND
        31 n111 5 MAJ
        32 n112 7 AND
        33 n113 5 MAJ
        34 n114 7 AND
        35 n115 8 OR
        36 n116 10 MAJ
        37 n117 11 OR
        38 n118 8 OR
        39 n119 12 MAJ
        40 n12 8 AND
        41 n120 13 OR
        42 n121 5 MAJ
        43 n122 6 AND
        44 n123 7 OR
        45 n124 8 MAJ
        46 n125 3 AND
        47 n126 5 AND
        48 n127 7 MAJ
        49 n128 4 MAJ
        50 n129 3 AND
        51 n13 4 OR
        52 n130 4 MAJ
        53 n131 4 MAJ
        54 n132 6 MAJ
        55 n133 4 AND
        56 n134 5 AND
        57 n135 6 OR
        58 n136 7 MAJ
        59 n137 4 AND
        60 n138 5 AND
        61 n139 4 MAJ
        62 n14 5 OR
        63 n140 5 AND
        64 n141 5 MAJ
        65 n142 6 MAJ
        66 n143 5 AND
        67 n144 3 AND
        68 n145 3 AND
        69 n146 5 MAJ
        70 n147 7 AND
        71 n148 6 AND
        72 n149 8 OR
        73 n15 4 AND
        74 n150 9 MAJ
        75 n151 10 OR
        76 n152 11 MAJ
        77 n153 12 OR
        78 n154 13 MAJ
        79 n155 14 OR
        80 n156 6 MAJ
        81 n157 7 AND
        82 n158 7 MAJ
        83 n159 8 AND
        84 n16 10 AND
        85 n160 9 OR
        86 n161 10 MAJ
        87 n162 11 OR
        88 n163 5 MAJ
        89 n164 6 AND
        90 n165 9 OR
        91 n166 10 MAJ
        92 n167 11 OR
        93 n168 8 AND
        94 n169 9 AND
        95 n17 12 MAJ
        96 n170 11 MAJ
        97 n171 15 OR
        98 n172 17 MAJ
        99 n173 18 OR
        100 n174 6 AND
        101 n175 4 AND
        102 n176 6 MAJ
        103 n177 5 MAJ
        104 n178 8 AND
        105 n179 6 OR
        106 n18 4 OR
        107 n180 5 AND
        108 n181 7 MAJ
        109 n182 4 MAJ
        110 n183 5 AND
        111 n184 5 MAJ
        112 n185 6 MAJ
        113 n186 8 OR
        114 n187 9 MAJ
        115 n188 10 OR
        116 n189 11 OR
        117 n19 5 OR
        118 n190 12 MAJ
        119 n191 13 OR
        120 n192 4 AND
        121 n193 15 AND
        122 n194 17 MAJ
        123 n20 6 MAJ
        124 n21 8 AND
        125 n22 3 AND
        126 n23 4 AND
        127 n24 4 AND
        128 n25 9 OR
        129 n26 10 MAJ
        130 n27 12 AND
        131 n28 14 MAJ
        132 n29 4 AND
        133 n30 5 AND
        134 n31 4 AND
        135 n32 6 MAJ
        136 n33 7 AND
        137 n34 7 MAJ
        138 n35 8 AND
        139 n36 9 OR
        140 n37 10 MAJ
        141 n38 11 OR
        142 n39 13 OR
        143 n40 15 MAJ
        144 n41 16 OR
        145 n42 4 MAJ
        146 n43 17 MAJ
        147 n44 18 OR
        148 n45 19 MAJ
        149 n46 3 AND
        150 n47 4 AND
        151 n48 6 MAJ
        152 n49 8 AND
        153 n50 3 OR
        154 n51 4 AND
        155 n52 5 MAJ
        156 n53 7 AND
        157 n54 3 OR
        158 n55 8 OR
        159 n56 9 MAJ
        160 n57 5 MAJ
        161 n58 6 AND
        162 n59 3 OR
        163 n60 7 MAJ
        164 n61 8 AND
        165 n62 3 OR
        166 n63 6 MAJ
        167 n64 7 AND
        168 n65 4 MAJ
        169 n66 5 AND
        170 n67 5 MAJ
        171 n68 6 MAJ
        172 n69 9 OR
        173 n70 11 MAJ
        174 n71 12 OR
        175 n72 3 AND
        176 n73 5 MAJ
        177 n74 6 AND
        178 n75 5 MAJ
        179 n76 6 AND
        180 n77 4 AND
        181 n78 5 MAJ
        182 n79 7 AND
        183 n8 4 AND
        184 n80 3 OR
        185 n81 4 MAJ
        186 n82 5 AND
        187 n83 3 AND
        188 n84 4 AND
        189 n85 4 AND
        190 n86 6 MAJ
        191 n87 7 AND
        192 n88 3 AND
        193 n89 8 OR
        194 n9 6 MAJ
        195 n90 9 MAJ
        196 n91 3 AND
        197 n92 6 MAJ
        198 n93 7 AND
        199 n94 4 AND
        200 n95 6 MAJ
        201 n96 8 AND
        202 n97 10 OR
        203 n98 12 MAJ
        204 n99 13 OR
        205 v1 6 VIR
        206 v10 5 VIR
        207 v11 5 VIR
        208 v12 5 VIR
        209 v13 5 VIR
        210 v14 4 VIR
        211 v15 4 VIR
        212 v16 4 VIR
        213 v17 4 VIR
        214 v18 1 VIR
        215 v19 1 VIR
        216 v2 5 VIR
        217 v20 1 VIR
        218 v21 1 VIR
        219 v22 1 VIR
        220 v23 1 VIR
        221 v24 1 VIR
        222 v25 1 VIR
        223 v26 1 VIR
        224 v27 1 VIR
        225 v28 1 VIR
        226 v29 1 VIR
        227 v3 5 VIR
        228 v30 1 VIR
        229 v31 1 VIR
        230 v32 1 VIR
        231 v33 1 VIR
        232 v34 1 VIR
        233 v35 1 VIR
        234 v36 1 VIR
        235 v37 1 VIR
        236 v38 1 VIR
        237 v39 5 VIR
        238 v4 6 VIR
        239 v40 5 VIR
        240 v41 2 VIR
        241 v42 2 VIR
        242 v43 2 VIR
        243 v44 2 VIR
        244 v45 2 VIR
        245 v46 2 VIR
        246 v47 2 VIR
        247 v48 2 VIR
        248 v49 2 VIR
        249 v5 5 VIR
        250 v50 2 VIR
        251 v51 2 VIR
        252 v52 2 VIR
        253 v53 2 VIR
        254 v54 2 VIR
        255 v55 2 VIR
        256 v56 2 VIR
        257 v57 2 VIR
        258 v58 2 VIR
        259 v59 2 VIR
        260 v6 5 VIR
        261 v60 2 VIR
        262 v61 2 VIR
        263 v62 2 VIR
        264 v63 2 VIR
        265 v64 2 VIR
        266 v65 2 VIR
        267 v66 2 VIR
        268 v67 2 VIR
        269 v68 2 VIR
        270 v69 2 VIR
        271 v7 4 VIR
        272 v70 2 VIR
        273 v71 2 VIR
        274 v72 2 VIR
        275 v73 2 VIR
        276 v74 2 VIR
        277 v75 2 VIR
        278 v76 2 VIR
        279 v77 2 VIR
        280 v78 2 VIR
        281 v79 2 VIR
        282 v8 4 VIR
        283 v80 2 VIR
        284 v81 2 VIR
        285 v82 2 VIR
        286 v83 2 VIR
        287 v84 2 VIR
        288 v85 2 VIR
        289 v86 2 VIR
        290 v87 2 VIR
        291 v88 2 VIR
        292 v89 2 VIR
        293 v9 4 VIR
        294 v90 2 VIR
        295 v91 2 VIR
        296 v92 3 VIR
        297 v93 3 VIR
        298 v94 3 VIR
        299 v95 3 VIR
        300 v96 3 VIR
        301 v97 3 VIR
        302 v98 3 VIR
        303 not1 2 INV
        304 not2 3 INV
        305 not3 2 INV
        306 not4 3 INV
        307 not5 3 INV
        308 not6 3 INV
        309 not7 3 INV
        310 not8 3 INV
        311 not9 3 INV
        312 not10 3 INV
        313 not11 3 INV
        314 not12 3 INV
        315 not13 3 INV
        316 not14 3 INV
        317 not15 3 INV
        318 not16 3 INV
        319 not17 3 INV
        320 not18 3 INV
        321 not19 3 INV
        322 not20 4 INV
        323 not21 3 INV
        324 not22 3 INV
        325 not23 3 INV
        326 not24 4 INV
        327 not25 4 INV
        328 not26 5 INV
        329 not27 3 INV
        330 not28 3 INV
        331 not29 3 INV
        332 not30 5 INV
        333 not31 3 INV
        334 not32 4 INV
        335 not33 4 INV
        336 not34 3 INV
        337 not35 5 INV
        338 not36 5 INV
        339 not37 3 INV
        340 not38 3 INV
        341 not39 6 INV
        342 not40 6 INV
        343 not41 5 INV
        344 not42 3 INV
        345 not43 5 INV
        346 not44 3 INV
        347 not45 6 INV
        348 not46 4 INV
        349 not47 5 INV
        350 not48 3 INV
        351 not49 5 INV
        352 not50 7 INV
        353 not51 5 INV
        354 not52 6 INV
        355 not53 5 INV
        356 not54 6 INV
        357 not55 4 INV
        358 not56 3 INV
        359 not57 4 INV
        360 not58 3 INV
        361 not59 6 INV
        362 not60 4 INV
        363 not61 5 INV
        364 not62 7 INV
        365 not63 6 INV
        366 not64 6 INV
        367 not65 7 INV
        368 not66 5 INV
        369 not67 6 INV
        370 not68 5 INV
        371 not69 7 INV
        372 not70 7 INV
        373 not71 5 INV
        374 not72 4 INV
        375 not73 5 INV
        376 not74 5 INV
        377 not75 9 INV
        378 not76 7 INV
        379 not77 4 INV
        380 not78 4 INV
        381 not79 7 INV
        382 not80 9 INV
        383 not81 7 INV
        384 not82 6 INV
        385 not83 11 INV
        386 not84 4 INV
        387 not85 5 INV
        388 not86 6 INV
        389 not87 10 INV
        390 not88 7 INV
        391 not89 11 INV
        392 not90 11 INV
        393 not91 9 INV
        394 not92 13 INV
        395 not93 10 INV
        396 not94 8 INV
        397 not95 3 INV
        398 not96 14 INV
        399 not97 3 INV
        400 not98 11 INV
        401 not99 5 INV
        402 not100 16 INV
        403 not101 14 INV
        404 not102 16 INV
        405 not103 3 INV
        406 not104 3 INV
    ]
    edge:
    [
        1 214
        1 215
        1 217
        2 218
        2 219
        2 220
        3 221
        3 222
        3 223
        4 224
        4 225
        4 226
        5 228
        5 229
        5 230
        6 231
        6 232
        6 233
        7 234
        7 235
        7 236
        214 303
        303 68
        221 68
        214 240
        214 241
        215 242
        217 243
        218 244
        218 245
        218 246
        219 247
        219 248
        219 250
        220 251
        220 252
        220 253
        221 254
        221 255
        222 256
        222 257
        223 258
        223 259
        224 261
        224 262
        225 263
        225 264
        226 265
        226 266
        228 267
        228 268
        228 269
        229 270
        229 272
        229 273
        230 274
        230 275
        230 276
        231 277
        231 278
        231 279
        232 280
        232 281
        232 283
        233 284
        233 285
        234 286
        234 287
        234 288
        235 289
        235 290
        235 291
        236 292
        236 294
        236 295
        266 304
        304 25
        257 25
        223 305
        305 46
        284 46
        258 306
        306 49
        285 49
        295 49
        258 50
        275 50
        284 307
        307 55
        257 55
        270 308
        308 61
        215 61
        246 61
        255 67
        278 67
        262 309
        309 73
        242 73
        257 310
        310 101
        272 101
        255 311
        311 109
        268 109
        278 109
        276 312
        312 120
        253 120
        267 125
        286 125
        241 313
        313 127
        261 127
        240 314
        314 134
        244 134
        266 315
        315 145
        243 145
        252 145
        267 149
        277 149
        215 153
        247 153
        256 316
        316 154
        262 154
        251 157
        274 157
        247 162
        225 162
        264 165
        272 165
        248 175
        263 175
        250 317
        317 180
        264 180
        244 318
        318 183
        240 183
        244 184
        222 184
        240 187
        224 187
        267 319
        319 188
        277 188
        286 320
        320 189
        254 189
        246 192
        270 192
        241 196
        245 196
        261 321
        321 199
        246 199
        286 296
        287 297
        288 298
        289 299
        290 300
        292 301
        294 302
        274 33
        302 33
        180 33
        46 322
        322 47
        284 47
        278 51
        297 51
        285 52
        295 52
        50 52
        258 53
        295 53
        50 53
        275 323
        323 56
        55 56
        279 324
        324 59
        298 59
        248 325
        325 63
        61 63
        299 326
        326 64
        248 64
        61 64
        149 327
        327 69
        296 69
        68 69
        188 328
        328 102
        250 102
        292 102
        251 329
        329 103
        292 103
        101 103
        269 106
        297 106
        280 330
        330 110
        109 110
        245 331
        331 111
        280 111
        109 111
        254 126
        125 126
        277 132
        296 132
        134 332
        332 135
        279 135
        288 135
        254 150
        149 150
        281 155
        153 155
        154 155
        242 333
        333 168
        250 168
        300 168
        175 334
        334 176
        281 176
        291 176
        175 335
        335 178
        272 178
        291 178
        283 181
        294 181
        180 181
        289 336
        336 185
        261 185
        184 185
        189 337
        337 190
        187 190
        188 190
        180 206
        183 207
        183 208
        183 209
        187 210
        196 211
        196 212
        196 213
        127 227
        134 249
        134 260
        153 271
        153 282
        175 293
        25 338
        338 26
        233 26
        213 26
        273 339
        339 28
        226 28
        212 28
        255 29
        287 29
        207 29
        294 340
        340 31
        265 31
        213 31
        33 341
        341 34
        206 34
        252 42
        302 42
        210 42
        47 342
        342 48
        259 48
        46 48
        52 343
        343 54
        49 54
        53 54
        276 57
        56 57
        274 344
        344 60
        59 60
        269 62
        51 62
        61 345
        345 65
        63 65
        64 65
        256 346
        346 66
        59 66
        69 347
        347 70
        68 70
        298 348
        348 71
        249 71
        211 349
        349 80
        281 80
        299 80
        273 350
        350 88
        291 88
        271 88
        51 351
        351 100
        275 100
        102 352
        352 104
        103 104
        245 107
        126 107
        109 353
        353 112
        110 112
        111 112
        256 117
        106 117
        268 123
        287 123
        207 123
        268 133
        132 133
        249 136
        135 136
        249 354
        354 137
        269 137
        288 137
        150 355
        355 151
        265 151
        209 151
        155 356
        356 156
        154 156
        300 357
        357 160
        263 160
        271 160
        283 358
        358 166
        260 166
        165 166
        301 359
        359 169
        168 169
        265 360
        360 170
        301 170
        168 170
        293 177
        176 177
        293 179
        178 179
        181 361
        361 182
        206 182
        184 362
        362 186
        185 186
        189 191
        190 191
        280 194
        290 194
        208 194
        211 363
        363 197
        263 197
        289 197
        126 216
        211 237
        212 239
        194 364
        364 18
        208 18
        177 19
        179 19
        25 27
        26 27
        28 365
        365 30
        239 30
        31 366
        366 32
        213 32
        182 38
        186 38
        29 367
        367 40
        208 40
        210 43
        42 43
        55 368
        368 58
        56 58
        57 58
        67 72
        70 72
        212 81
        80 81
        237 369
        369 82
        270 82
        290 82
        282 370
        370 89
        88 89
        133 105
        150 105
        123 371
        371 124
        207 124
        260 138
        137 138
        151 372
        372 152
        209 152
        227 158
        156 158
        282 373
        373 161
        160 161
        165 374
        374 167
        166 167
        168 375
        375 171
        169 171
        170 171
        187 193
        191 193
        237 198
        197 198
        199 376
        376 200
        62 200
        117 200
        117 205
        133 238
        227 35
        30 35
        150 44
        43 44
        70 74
        71 74
        72 74
        239 83
        82 83
        40 377
        377 84
        62 84
        18 90
        89 90
        238 378
        378 93
        217 93
        247 108
        105 108
        107 108
        124 128
        126 128
        136 139
        138 139
        157 379
        379 159
        156 159
        158 159
        162 380
        380 163
        216 163
        238 163
        191 195
        192 195
        193 195
        200 381
        381 201
        199 201
        152 22
        159 22
        35 382
        382 36
        32 36
        34 36
        210 45
        43 45
        44 45
        66 75
        74 75
        81 85
        83 85
        205 383
        383 91
        243 91
        90 91
        216 384
        384 94
        93 94
        84 385
        385 95
        40 95
        73 95
        108 113
        112 113
        124 129
        127 129
        128 129
        127 140
        133 140
        139 140
        162 386
        386 164
        163 164
        186 202
        195 202
        35 37
        36 37
        271 387
        387 76
        74 76
        75 76
        62 388
        388 86
        217 86
        85 86
        90 92
        91 92
        94 389
        389 96
        243 96
        40 96
        205 390
        390 114
        251 114
        113 114
        129 391
        391 130
        117 130
        139 141
        140 141
        18 142
        95 142
        161 172
        164 172
        202 392
        392 203
        198 203
        201 203
        38 393
        393 39
        27 39
        37 39
        65 77
        76 77
        85 87
        86 87
        113 115
        114 115
        130 394
        394 131
        73 131
        129 131
        172 395
        395 173
        167 173
        171 173
        202 204
        203 204
        19 396
        396 20
        182 20
        204 20
        38 41
        39 41
        242 397
        397 78
        60 78
        77 78
        104 116
        115 116
        142 398
        398 143
        131 143
        141 143
        172 174
        173 174
        19 21
        20 21
        77 79
        78 79
        252 399
        399 118
        100 118
        116 118
        142 144
        143 144
        22 400
        400 23
        174 23
        21 23
        79 97
        87 97
        116 119
        118 119
        145 401
        401 146
        253 146
        144 146
        22 24
        23 24
        97 402
        402 98
        92 98
        96 98
        119 403
        403 121
        285 121
        145 147
        146 147
        97 99
        98 99
        121 404
        404 122
        119 122
        120 122
        253 405
        405 148
        146 148
        147 148
        148 8
        24 9
        41 10
        45 11
        48 12
        259 406
        406 13
        54 14
        58 15
        99 16
        122 17
    ]
]
