circuit_name:9symmlnew_processed
[
    node:
    [
        1 x0 0 PI
        2 x1 0 PI
        3 x2 0 PI
        4 x3 0 PI
        5 x4 0 PI
        6 x5 0 PI
        7 x6 0 PI
        8 x7 0 PI
        9 x8 0 PI
        10 y0 29 PO
        11 n10 4 AND
        12 n100 13 AND
        13 n101 15 MAJ
        14 n102 4 AND
        15 n103 5 MAJ
        16 n104 5 MAJ
        17 n105 6 OR
        18 n106 4 AND
        19 n107 7 MAJ
        20 n108 8 AND
        21 n109 4 AND
        22 n11 4 AND
        23 n110 4 AND
        24 n111 5 AND
        25 n112 3 AND
        26 n113 6 MAJ
        27 n114 3 MAJ
        28 n115 4 MAJ
        29 n116 5 AND
        30 n117 3 AND
        31 n118 7 MAJ
        32 n119 8 AND
        33 n12 5 OR
        34 n120 9 OR
        35 n121 16 AND
        36 n122 17 MAJ
        37 n123 24 AND
        38 n124 25 OR
        39 n125 4 MAJ
        40 n126 4 MAJ
        41 n127 6 AND
        42 n128 5 MAJ
        43 n129 7 AND
        44 n13 4 AND
        45 n130 4 MAJ
        46 n131 4 MAJ
        47 n132 6 AND
        48 n133 7 AND
        49 n134 8 OR
        50 n135 9 OR
        51 n136 11 AND
        52 n137 12 MAJ
        53 n138 4 MAJ
        54 n139 3 MAJ
        55 n14 4 MAJ
        56 n140 6 AND
        57 n141 3 AND
        58 n142 3 OR
        59 n143 5 AND
        60 n144 6 AND
        61 n145 7 AND
        62 n146 4 OR
        63 n147 5 MAJ
        64 n148 6 MAJ
        65 n149 4 AND
        66 n15 7 AND
        67 n150 8 OR
        68 n151 9 MAJ
        69 n152 11 AND
        70 n153 12 AND
        71 n154 13 MAJ
        72 n155 4 MAJ
        73 n156 4 MAJ
        74 n157 6 AND
        75 n158 14 OR
        76 n159 15 MAJ
        77 n16 9 MAJ
        78 n160 16 OR
        79 n161 4 MAJ
        80 n162 3 MAJ
        81 n163 6 AND
        82 n164 5 AND
        83 n165 6 MAJ
        84 n166 8 AND
        85 n167 4 MAJ
        86 n168 4 MAJ
        87 n169 6 AND
        88 n17 3 AND
        89 n170 7 AND
        90 n171 9 OR
        91 n172 10 OR
        92 n173 12 AND
        93 n174 13 MAJ
        94 n175 4 AND
        95 n176 5 MAJ
        96 n177 5 MAJ
        97 n178 6 OR
        98 n179 3 MAJ
        99 n18 11 AND
        100 n180 5 AND
        101 n181 3 AND
        102 n182 6 OR
        103 n183 7 MAJ
        104 n184 4 AND
        105 n185 8 OR
        106 n186 9 MAJ
        107 n187 7 AND
        108 n188 8 AND
        109 n189 14 OR
        110 n19 13 MAJ
        111 n190 15 MAJ
        112 n191 16 OR
        113 n192 17 AND
        114 n193 19 AND
        115 n194 21 MAJ
        116 n195 10 MAJ
        117 n196 4 MAJ
        118 n197 12 AND
        119 n198 4 AND
        120 n199 9 MAJ
        121 n20 4 AND
        122 n200 10 AND
        123 n201 5 MAJ
        124 n202 6 AND
        125 n203 11 OR
        126 n204 12 MAJ
        127 n205 13 OR
        128 n206 4 AND
        129 n207 9 MAJ
        130 n208 10 AND
        131 n209 4 MAJ
        132 n21 6 AND
        133 n210 5 MAJ
        134 n211 6 AND
        135 n212 7 MAJ
        136 n213 11 OR
        137 n214 12 MAJ
        138 n215 14 AND
        139 n216 15 AND
        140 n217 16 MAJ
        141 n218 22 OR
        142 n219 23 MAJ
        143 n22 8 MAJ
        144 n220 24 OR
        145 n221 26 OR
        146 n222 27 MAJ
        147 n223 28 OR
        148 n23 4 AND
        149 n24 6 AND
        150 n25 8 MAJ
        151 n26 3 OR
        152 n27 4 MAJ
        153 n28 5 AND
        154 n29 4 OR
        155 n30 9 OR
        156 n31 10 MAJ
        157 n32 3 OR
        158 n33 11 OR
        159 n34 12 MAJ
        160 n35 6 AND
        161 n36 8 MAJ
        162 n37 14 AND
        163 n38 15 MAJ
        164 n39 16 MAJ
        165 n40 17 AND
        166 n41 4 OR
        167 n42 18 OR
        168 n43 19 MAJ
        169 n44 3 AND
        170 n45 4 MAJ
        171 n46 6 AND
        172 n47 3 MAJ
        173 n48 4 MAJ
        174 n49 5 AND
        175 n50 4 AND
        176 n51 6 AND
        177 n52 8 MAJ
        178 n53 9 OR
        179 n54 11 AND
        180 n55 12 MAJ
        181 n56 4 AND
        182 n57 13 OR
        183 n58 14 MAJ
        184 n59 3 AND
        185 n60 16 AND
        186 n61 18 MAJ
        187 n62 6 AND
        188 n63 8 AND
        189 n64 19 MAJ
        190 n65 4 MAJ
        191 n66 3 MAJ
        192 n67 6 AND
        193 n68 7 AND
        194 n69 8 AND
        195 n70 4 AND
        196 n71 6 AND
        197 n72 7 MAJ
        198 n73 8 MAJ
        199 n74 9 AND
        200 n75 10 OR
        201 n76 11 MAJ
        202 n77 8 AND
        203 n78 21 AND
        204 n79 23 MAJ
        205 n80 3 MAJ
        206 n81 3 MAJ
        207 n82 5 AND
        208 n83 4 MAJ
        209 n84 4 MAJ
        210 n85 6 AND
        211 n86 5 MAJ
        212 n87 3 MAJ
        213 n88 7 AND
        214 n89 7 AND
        215 n90 9 AND
        216 n91 11 MAJ
        217 n92 4 AND
        218 n93 5 AND
        219 n94 3 AND
        220 n95 4 AND
        221 n96 4 AND
        222 n97 6 MAJ
        223 n98 7 AND
        224 n99 7 AND
        225 v1 5 VIR
        226 v10 1 VIR
        227 v100 2 VIR
        228 v101 2 VIR
        229 v102 2 VIR
        230 v103 3 VIR
        231 v104 3 VIR
        232 v105 3 VIR
        233 v106 3 VIR
        234 v107 3 VIR
        235 v108 3 VIR
        236 v109 3 VIR
        237 v11 1 VIR
        238 v110 3 VIR
        239 v111 3 VIR
        240 v112 3 VIR
        241 v113 3 VIR
        242 v114 3 VIR
        243 v115 3 VIR
        244 v12 1 VIR
        245 v13 1 VIR
        246 v14 1 VIR
        247 v15 1 VIR
        248 v16 1 VIR
        249 v17 1 VIR
        250 v18 1 VIR
        251 v19 1 VIR
        252 v2 9 VIR
        253 v20 1 VIR
        254 v21 1 VIR
        255 v22 1 VIR
        256 v23 1 VIR
        257 v24 1 VIR
        258 v25 1 VIR
        259 v26 1 VIR
        260 v27 1 VIR
        261 v28 1 VIR
        262 v29 1 VIR
        263 v3 1 VIR
        264 v30 2 VIR
        265 v31 2 VIR
        266 v32 2 VIR
        267 v33 2 VIR
        268 v34 2 VIR
        269 v35 2 VIR
        270 v36 2 VIR
        271 v37 2 VIR
        272 v38 2 VIR
        273 v39 2 VIR
        274 v4 1 VIR
        275 v40 2 VIR
        276 v41 2 VIR
        277 v42 2 VIR
        278 v43 2 VIR
        279 v44 2 VIR
        280 v45 2 VIR
        281 v46 2 VIR
        282 v47 2 VIR
        283 v48 2 VIR
        284 v49 2 VIR
        285 v5 1 VIR
        286 v50 2 VIR
        287 v51 2 VIR
        288 v52 2 VIR
        289 v53 2 VIR
        290 v54 2 VIR
        291 v55 2 VIR
        292 v56 2 VIR
        293 v57 2 VIR
        294 v58 2 VIR
        295 v59 2 VIR
        296 v6 1 VIR
        297 v60 2 VIR
        298 v61 2 VIR
        299 v62 2 VIR
        300 v63 2 VIR
        301 v64 2 VIR
        302 v65 2 VIR
        303 v66 2 VIR
        304 v67 2 VIR
        305 v68 2 VIR
        306 v69 2 VIR
        307 v7 1 VIR
        308 v70 2 VIR
        309 v71 2 VIR
        310 v72 2 VIR
        311 v73 2 VIR
        312 v74 2 VIR
        313 v75 2 VIR
        314 v76 2 VIR
        315 v77 2 VIR
        316 v78 2 VIR
        317 v79 2 VIR
        318 v8 1 VIR
        319 v80 2 VIR
        320 v81 2 VIR
        321 v82 2 VIR
        322 v83 2 VIR
        323 v84 2 VIR
        324 v85 2 VIR
        325 v86 2 VIR
        326 v87 2 VIR
        327 v88 2 VIR
        328 v89 2 VIR
        329 v9 1 VIR
        330 v90 2 VIR
        331 v91 2 VIR
        332 v92 2 VIR
        333 v93 2 VIR
        334 v94 2 VIR
        335 v95 2 VIR
        336 v96 2 VIR
        337 v97 2 VIR
        338 v98 2 VIR
        339 v99 2 VIR
        340 not1 3 INV
        341 not2 3 INV
        342 not3 3 INV
        343 not4 3 INV
        344 not5 3 INV
        345 not6 3 INV
        346 not7 3 INV
        347 not8 3 INV
        348 not9 3 INV
        349 not10 3 INV
        350 not11 3 INV
        351 not12 3 INV
        352 not13 3 INV
        353 not14 3 INV
        354 not15 2 INV
        355 not16 3 INV
        356 not17 3 INV
        357 not18 3 INV
        358 not19 3 INV
        359 not20 3 INV
        360 not21 3 INV
        361 not22 3 INV
        362 not23 3 INV
        363 not24 3 INV
        364 not25 3 INV
        365 not26 3 INV
        366 not27 3 INV
        367 not28 3 INV
        368 not29 3 INV
        369 not30 3 INV
        370 not31 3 INV
        371 not32 4 INV
        372 not33 4 INV
        373 not34 2 INV
        374 not35 3 INV
        375 not36 3 INV
        376 not37 5 INV
        377 not38 4 INV
        378 not39 3 INV
        379 not40 5 INV
        380 not41 5 INV
        381 not42 4 INV
        382 not43 3 INV
        383 not44 3 INV
        384 not45 4 INV
        385 not46 3 INV
        386 not47 5 INV
        387 not48 5 INV
        388 not49 3 INV
        389 not50 5 INV
        390 not51 4 INV
        391 not52 5 INV
        392 not53 3 INV
        393 not54 5 INV
        394 not55 4 INV
        395 not56 4 INV
        396 not57 3 INV
        397 not58 4 INV
        398 not59 5 INV
        399 not60 6 INV
        400 not61 5 INV
        401 not62 4 INV
        402 not63 4 INV
        403 not64 6 INV
        404 not65 3 INV
        405 not66 5 INV
        406 not67 7 INV
        407 not68 7 INV
        408 not69 4 INV
        409 not70 7 INV
        410 not71 5 INV
        411 not72 7 INV
        412 not73 5 INV
        413 not74 5 INV
        414 not75 6 INV
        415 not76 6 INV
        416 not77 6 INV
        417 not78 4 INV
        418 not79 8 INV
        419 not80 7 INV
        420 not81 9 INV
        421 not82 5 INV
        422 not83 5 INV
        423 not84 5 INV
        424 not85 7 INV
        425 not86 7 INV
        426 not87 7 INV
        427 not88 10 INV
        428 not89 11 INV
        429 not90 3 INV
        430 not91 5 INV
        431 not92 10 INV
        432 not93 3 INV
        433 not94 7 INV
        434 not95 8 INV
        435 not96 12 INV
        436 not97 10 INV
        437 not98 12 INV
        438 not99 10 INV
        439 not100 10 INV
        440 not101 11 INV
        441 not102 4 INV
        442 not103 14 INV
        443 not104 3 INV
        444 not105 3 INV
        445 not106 13 INV
        446 not107 13 INV
        447 not108 3 INV
        448 not109 4 INV
        449 not110 15 INV
        450 not111 3 INV
        451 not112 3 INV
        452 not113 15 INV
        453 not114 17 INV
        454 not115 2 INV
        455 not116 15 INV
        456 not117 9 INV
        457 not118 20 INV
        458 not119 5 INV
        459 not120 22 INV
        460 not121 3 INV
        461 not122 18 INV
        462 not123 20 INV
    ]
    edge:
    [
        3 226
        3 237
        4 244
        4 245
        4 246
        5 247
        5 248
        5 249
        6 250
        6 251
        6 253
        7 254
        7 255
        7 256
        8 257
        8 258
        8 259
        9 260
        9 261
        9 262
        1 263
        1 274
        1 285
        2 296
        2 307
        2 318
        3 329
        329 227
        329 228
        329 229
        226 264
        226 265
        226 266
        237 267
        237 268
        237 269
        244 270
        244 271
        244 272
        245 273
        245 275
        245 276
        246 277
        246 278
        246 279
        247 280
        247 281
        247 282
        248 283
        248 284
        248 286
        249 287
        249 288
        249 289
        250 290
        250 291
        250 292
        251 293
        251 294
        251 295
        253 297
        253 298
        253 299
        254 300
        254 301
        254 302
        255 303
        255 304
        255 305
        256 306
        256 308
        256 309
        257 310
        257 311
        257 312
        258 313
        258 314
        259 315
        259 316
        260 317
        260 319
        261 320
        261 321
        262 322
        262 323
        263 324
        263 325
        274 326
        274 327
        285 328
        285 330
        296 331
        296 332
        296 333
        307 334
        307 335
        307 336
        318 337
        318 338
        318 339
        276 340
        340 11
        287 11
        313 341
        341 14
        336 14
        280 342
        342 18
        227 18
        282 343
        343 22
        292 22
        283 344
        344 23
        310 23
        265 25
        302 25
        288 27
        297 27
        314 27
        314 345
        345 28
        338 28
        288 28
        278 30
        322 30
        291 346
        346 39
        332 39
        301 39
        325 347
        347 53
        282 53
        317 53
        274 54
        332 54
        317 54
        331 57
        227 57
        263 58
        331 58
        325 348
        348 65
        332 65
        273 349
        349 72
        294 72
        304 72
        286 350
        350 73
        294 73
        304 73
        302 351
        351 79
        283 79
        261 79
        334 80
        302 80
        320 80
        324 352
        352 85
        300 85
        310 85
        279 88
        289 88
        271 353
        353 94
        312 94
        326 98
        333 98
        264 98
        258 354
        354 101
        320 101
        321 355
        355 104
        287 104
        278 356
        356 117
        309 117
        316 117
        303 357
        357 119
        327 119
        333 358
        358 121
        229 121
        284 359
        359 128
        271 128
        291 360
        360 148
        317 148
        334 151
        283 151
        315 157
        322 157
        328 169
        268 169
        267 172
        275 172
        286 172
        276 361
        361 173
        285 173
        287 173
        281 362
        362 175
        300 175
        295 363
        363 181
        267 181
        288 184
        298 184
        275 191
        286 191
        305 191
        335 364
        364 195
        327 195
        337 205
        268 205
        276 205
        333 206
        229 206
        311 206
        335 365
        365 208
        271 208
        293 208
        336 212
        268 212
        295 212
        270 366
        366 217
        290 217
        313 219
        321 219
        269 367
        367 221
        306 221
        227 230
        228 231
        264 232
        267 233
        280 234
        300 235
        301 236
        303 238
        304 239
        306 240
        308 241
        331 242
        334 243
        277 368
        368 15
        306 15
        14 15
        337 369
        369 16
        277 16
        14 16
        311 370
        370 21
        232 21
        232 371
        371 24
        23 24
        27 372
        372 29
        28 29
        11 33
        22 33
        229 40
        291 40
        236 40
        260 373
        373 42
        290 42
        18 42
        299 374
        374 44
        241 44
        324 45
        230 45
        280 45
        324 375
        375 46
        242 46
        230 46
        299 55
        241 55
        315 55
        53 376
        376 56
        54 56
        57 377
        377 59
        58 59
        228 62
        234 62
        281 378
        378 63
        228 63
        217 63
        72 379
        379 74
        73 74
        79 380
        380 81
        80 81
        242 381
        381 82
        281 82
        325 86
        282 86
        235 86
        336 382
        382 95
        266 95
        94 95
        266 383
        383 96
        272 96
        94 96
        98 384
        384 100
        206 100
        326 385
        385 131
        236 131
        319 131
        121 386
        386 132
        264 132
        148 387
        387 149
        319 149
        293 388
        388 152
        303 152
        151 152
        233 154
        305 154
        22 389
        389 160
        292 160
        243 166
        265 166
        308 170
        259 170
        169 170
        172 390
        390 174
        173 174
        175 391
        391 176
        231 176
        275 392
        392 190
        327 190
        239 190
        195 393
        393 196
        266 196
        206 394
        394 207
        205 207
        335 209
        272 209
        238 209
        233 395
        395 211
        295 211
        321 211
        338 218
        217 218
        338 396
        396 220
        219 220
        18 225
        15 17
        16 17
        25 397
        397 26
        21 26
        24 26
        39 398
        398 41
        40 41
        42 399
        399 43
        18 43
        46 400
        400 47
        45 47
        234 401
        401 60
        59 60
        231 402
        402 64
        62 64
        63 64
        33 403
        403 66
        309 66
        310 404
        404 83
        301 83
        82 83
        86 405
        405 87
        85 87
        95 97
        96 97
        59 102
        100 102
        273 123
        294 123
        166 123
        326 133
        284 133
        131 133
        132 406
        406 143
        243 143
        121 143
        149 407
        407 150
        293 150
        148 150
        151 408
        408 153
        152 153
        160 409
        409 161
        284 161
        22 161
        170 410
        410 171
        169 171
        176 411
        411 177
        290 177
        175 177
        240 187
        174 187
        190 412
        412 192
        191 192
        297 197
        314 197
        196 197
        209 413
        413 210
        208 210
        211 414
        414 213
        212 213
        218 222
        220 222
        221 222
        207 415
        415 224
        289 224
        225 416
        416 19
        298 19
        17 19
        26 31
        29 31
        30 31
        235 417
        417 48
        47 48
        270 61
        60 61
        66 418
        418 77
        44 77
        55 77
        83 419
        419 84
        82 84
        270 89
        87 89
        100 103
        101 103
        102 103
        320 107
        26 107
        161 420
        420 116
        309 116
        316 116
        143 120
        161 120
        119 120
        166 421
        421 124
        123 124
        128 422
        422 129
        239 129
        150 129
        131 423
        423 134
        133 134
        150 155
        153 155
        311 178
        177 178
        187 424
        424 188
        328 188
        297 193
        192 193
        196 425
        425 198
        269 198
        197 198
        171 426
        426 202
        339 202
        313 214
        210 214
        221 223
        222 223
        143 252
        225 20
        19 20
        30 32
        31 32
        43 49
        48 49
        61 67
        64 67
        84 90
        89 90
        77 427
        427 99
        323 99
        97 105
        103 105
        337 108
        107 108
        116 428
        428 118
        117 118
        119 122
        120 122
        128 130
        129 130
        328 429
        429 135
        133 135
        134 135
        154 430
        430 156
        153 156
        155 156
        178 431
        431 179
        265 179
        339 432
        432 194
        193 194
        196 433
        433 199
        198 199
        214 434
        434 215
        277 215
        20 34
        32 34
        319 50
        49 50
        61 68
        65 68
        67 68
        312 91
        90 91
        103 106
        104 106
        105 106
        99 435
        435 110
        77 110
        88 110
        122 125
        124 125
        130 136
        135 136
        252 158
        156 158
        272 180
        177 180
        179 180
        194 200
        199 200
        215 436
        436 216
        213 216
        214 216
        216 437
        437 12
        224 12
        50 438
        438 51
        41 51
        68 439
        439 69
        56 69
        91 440
        440 92
        81 92
        33 126
        143 126
        125 126
        217 137
        130 137
        136 137
        157 441
        441 159
        156 159
        158 159
        305 182
        180 182
        175 201
        194 201
        200 201
        12 442
        442 13
        289 13
        223 13
        273 443
        443 52
        49 52
        51 52
        292 444
        444 70
        69 70
        269 93
        90 93
        92 93
        125 127
        126 127
        137 445
        445 138
        322 138
        159 446
        446 162
        278 162
        180 183
        181 183
        182 183
        330 447
        447 35
        13 35
        238 448
        448 71
        68 71
        70 71
        93 109
        108 109
        127 139
        138 139
        252 163
        161 163
        162 163
        183 449
        449 185
        240 185
        330 450
        450 36
        34 36
        35 36
        52 75
        71 75
        308 111
        106 111
        109 111
        316 451
        451 140
        137 140
        139 140
        162 452
        452 164
        279 164
        163 164
        185 453
        453 186
        183 186
        184 186
        262 454
        454 76
        74 76
        75 76
        109 112
        111 112
        162 455
        455 165
        164 165
        188 456
        456 189
        186 189
        187 189
        75 78
        76 78
        110 167
        165 167
        189 457
        457 203
        202 203
        315 113
        78 113
        166 458
        458 168
        165 168
        167 168
        203 459
        459 204
        339 204
        201 204
        323 460
        460 37
        204 37
        113 461
        461 114
        298 114
        36 38
        37 38
        114 462
        462 115
        112 115
        113 115
        115 141
        140 141
        323 142
        118 142
        141 142
        141 144
        142 144
        38 145
        144 145
        330 146
        168 146
        145 146
        145 147
        146 147
        147 10
    ]
]
