circuit_name:9symnew_processed
[
    node:
    [
        1 x0 0 PI
        2 x1 0 PI
        3 x2 0 PI
        4 x3 0 PI
        5 x4 0 PI
        6 x5 0 PI
        7 x6 0 PI
        8 x7 0 PI
        9 x8 0 PI
        10 y0 25 PO
        11 n10 4 OR
        12 n100 6 MAJ
        13 n101 7 AND
        14 n102 8 OR
        15 n103 9 MAJ
        16 n104 10 OR
        17 n105 4 AND
        18 n106 5 AND
        19 n107 4 AND
        20 n108 5 AND
        21 n109 7 MAJ
        22 n11 5 OR
        23 n110 9 AND
        24 n111 5 MAJ
        25 n112 7 AND
        26 n113 10 OR
        27 n114 11 MAJ
        28 n115 12 OR
        29 n116 10 OR
        30 n117 13 MAJ
        31 n118 14 OR
        32 n119 4 AND
        33 n12 3 AND
        34 n120 5 AND
        35 n121 6 MAJ
        36 n122 7 AND
        37 n123 4 AND
        38 n124 5 AND
        39 n125 3 OR
        40 n126 6 MAJ
        41 n127 7 AND
        42 n128 3 OR
        43 n129 5 AND
        44 n13 6 MAJ
        45 n130 6 AND
        46 n131 8 OR
        47 n132 9 MAJ
        48 n133 5 AND
        49 n134 5 AND
        50 n135 7 MAJ
        51 n136 9 AND
        52 n137 5 AND
        53 n138 6 AND
        54 n139 4 AND
        55 n14 8 AND
        56 n140 5 AND
        57 n141 5 AND
        58 n142 7 AND
        59 n143 8 OR
        60 n144 9 MAJ
        61 n145 5 AND
        62 n146 4 AND
        63 n147 7 MAJ
        64 n148 9 AND
        65 n149 4 OR
        66 n15 4 AND
        67 n150 6 MAJ
        68 n151 7 AND
        69 n152 3 AND
        70 n153 6 AND
        71 n154 8 OR
        72 n155 9 MAJ
        73 n156 10 OR
        74 n157 12 MAJ
        75 n158 13 OR
        76 n159 15 OR
        77 n16 5 AND
        78 n160 17 MAJ
        79 n161 18 OR
        80 n162 11 OR
        81 n163 19 MAJ
        82 n164 20 OR
        83 n165 6 MAJ
        84 n166 8 AND
        85 n167 7 MAJ
        86 n168 8 AND
        87 n169 9 OR
        88 n17 3 OR
        89 n170 10 MAJ
        90 n171 11 OR
        91 n172 4 AND
        92 n173 6 MAJ
        93 n174 7 AND
        94 n175 5 AND
        95 n176 4 OR
        96 n177 5 OR
        97 n178 6 MAJ
        98 n179 8 AND
        99 n18 6 MAJ
        100 n180 9 OR
        101 n181 10 MAJ
        102 n182 11 OR
        103 n183 3 OR
        104 n184 5 AND
        105 n185 4 AND
        106 n186 6 AND
        107 n187 4 AND
        108 n188 6 MAJ
        109 n189 8 AND
        110 n19 7 AND
        111 n190 8 AND
        112 n191 9 AND
        113 n192 11 MAJ
        114 n193 5 AND
        115 n194 4 AND
        116 n195 4 AND
        117 n196 6 MAJ
        118 n197 8 AND
        119 n198 4 AND
        120 n199 6 MAJ
        121 n20 3 OR
        122 n200 8 AND
        123 n201 9 OR
        124 n202 10 MAJ
        125 n203 11 OR
        126 n204 5 AND
        127 n205 5 AND
        128 n206 6 AND
        129 n207 7 OR
        130 n208 8 MAJ
        131 n209 6 AND
        132 n21 4 AND
        133 n210 9 OR
        134 n211 10 MAJ
        135 n212 4 AND
        136 n213 6 MAJ
        137 n214 7 AND
        138 n215 5 AND
        139 n216 3 OR
        140 n217 6 MAJ
        141 n218 7 AND
        142 n219 4 AND
        143 n22 5 AND
        144 n220 5 AND
        145 n221 8 OR
        146 n222 9 MAJ
        147 n223 10 OR
        148 n224 3 AND
        149 n225 4 AND
        150 n226 5 MAJ
        151 n227 7 AND
        152 n228 7 MAJ
        153 n229 8 AND
        154 n23 6 AND
        155 n230 3 AND
        156 n231 4 AND
        157 n232 3 OR
        158 n233 5 MAJ
        159 n234 6 AND
        160 n235 3 AND
        161 n236 4 AND
        162 n237 5 AND
        163 n238 7 AND
        164 n239 8 AND
        165 n24 9 AND
        166 n240 9 MAJ
        167 n241 5 AND
        168 n242 10 OR
        169 n243 11 MAJ
        170 n244 4 AND
        171 n245 5 MAJ
        172 n246 6 AND
        173 n247 8 MAJ
        174 n248 9 AND
        175 n249 4 AND
        176 n25 11 MAJ
        177 n250 7 MAJ
        178 n251 9 AND
        179 n252 12 OR
        180 n253 14 MAJ
        181 n254 15 OR
        182 n255 9 OR
        183 n256 16 MAJ
        184 n257 17 OR
        185 n258 12 OR
        186 n259 18 MAJ
        187 n26 4 AND
        188 n260 19 OR
        189 n261 12 OR
        190 n262 20 MAJ
        191 n263 21 OR
        192 n264 4 AND
        193 n265 5 AND
        194 n266 6 AND
        195 n267 7 OR
        196 n268 8 MAJ
        197 n269 6 AND
        198 n27 4 AND
        199 n270 9 OR
        200 n271 10 MAJ
        201 n272 4 AND
        202 n273 6 AND
        203 n274 6 AND
        204 n275 7 OR
        205 n276 8 MAJ
        206 n277 4 AND
        207 n278 9 OR
        208 n279 10 MAJ
        209 n28 4 AND
        210 n280 4 AND
        211 n281 5 MAJ
        212 n282 7 AND
        213 n283 6 AND
        214 n284 7 OR
        215 n285 8 MAJ
        216 n286 11 OR
        217 n287 13 MAJ
        218 n288 14 OR
        219 n289 4 AND
        220 n29 7 MAJ
        221 n290 6 MAJ
        222 n291 8 AND
        223 n292 3 OR
        224 n293 5 AND
        225 n294 3 OR
        226 n295 5 MAJ
        227 n296 6 AND
        228 n297 9 OR
        229 n298 10 MAJ
        230 n299 11 OR
        231 n30 8 AND
        232 n300 3 AND
        233 n301 7 MAJ
        234 n302 9 AND
        235 n303 7 MAJ
        236 n304 9 AND
        237 n305 6 AND
        238 n306 10 OR
        239 n307 11 MAJ
        240 n308 4 AND
        241 n309 6 MAJ
        242 n31 3 AND
        243 n310 7 AND
        244 n311 6 AND
        245 n312 6 MAJ
        246 n313 7 AND
        247 n314 8 OR
        248 n315 9 MAJ
        249 n316 10 OR
        250 n317 12 OR
        251 n318 14 MAJ
        252 n319 15 OR
        253 n32 4 AND
        254 n320 6 MAJ
        255 n321 8 AND
        256 n322 5 AND
        257 n323 9 OR
        258 n324 10 MAJ
        259 n325 6 AND
        260 n326 12 AND
        261 n327 14 MAJ
        262 n328 6 MAJ
        263 n329 7 AND
        264 n33 3 OR
        265 n330 6 MAJ
        266 n331 7 AND
        267 n332 8 OR
        268 n333 9 MAJ
        269 n334 10 OR
        270 n335 6 MAJ
        271 n336 8 AND
        272 n337 6 AND
        273 n338 4 AND
        274 n339 8 MAJ
        275 n34 5 AND
        276 n340 10 AND
        277 n341 6 MAJ
        278 n342 8 AND
        279 n343 11 OR
        280 n344 13 MAJ
        281 n345 14 OR
        282 n346 16 OR
        283 n347 18 MAJ
        284 n348 19 OR
        285 n349 21 OR
        286 n35 4 AND
        287 n350 23 MAJ
        288 n351 24 OR
        289 n36 5 AND
        290 n37 6 AND
        291 n38 7 OR
        292 n39 8 MAJ
        293 n40 12 OR
        294 n41 14 MAJ
        295 n42 15 OR
        296 n43 5 AND
        297 n44 4 AND
        298 n45 7 MAJ
        299 n46 8 AND
        300 n47 4 AND
        301 n48 3 AND
        302 n49 4 AND
        303 n50 3 AND
        304 n51 6 MAJ
        305 n52 8 AND
        306 n53 6 AND
        307 n54 9 OR
        308 n55 10 MAJ
        309 n56 4 AND
        310 n57 5 AND
        311 n58 4 AND
        312 n59 5 AND
        313 n60 3 AND
        314 n61 4 AND
        315 n62 6 OR
        316 n63 6 AND
        317 n64 7 MAJ
        318 n65 3 AND
        319 n66 4 AND
        320 n67 4 AND
        321 n68 5 AND
        322 n69 3 OR
        323 n70 3 AND
        324 n71 4 AND
        325 n72 4 AND
        326 n73 5 AND
        327 n74 6 MAJ
        328 n75 7 MAJ
        329 n76 9 AND
        330 n77 10 OR
        331 n78 11 MAJ
        332 n79 12 OR
        333 n80 3 AND
        334 n81 4 AND
        335 n82 4 AND
        336 n83 6 MAJ
        337 n84 8 AND
        338 n85 3 OR
        339 n86 3 AND
        340 n87 4 AND
        341 n88 5 MAJ
        342 n89 7 AND
        343 n90 5 AND
        344 n91 5 AND
        345 n92 8 OR
        346 n93 9 MAJ
        347 n94 4 OR
        348 n95 5 MAJ
        349 n96 7 AND
        350 n97 4 AND
        351 n98 5 AND
        352 n99 4 AND
        353 v1 5 VIR
        354 v10 5 VIR
        355 v100 2 VIR
        356 v101 2 VIR
        357 v102 2 VIR
        358 v103 2 VIR
        359 v104 2 VIR
        360 v105 2 VIR
        361 v106 2 VIR
        362 v107 2 VIR
        363 v108 2 VIR
        364 v109 2 VIR
        365 v11 5 VIR
        366 v110 2 VIR
        367 v111 2 VIR
        368 v112 2 VIR
        369 v113 2 VIR
        370 v114 2 VIR
        371 v115 2 VIR
        372 v116 2 VIR
        373 v117 2 VIR
        374 v118 2 VIR
        375 v119 2 VIR
        376 v12 5 VIR
        377 v120 3 VIR
        378 v121 3 VIR
        379 v122 3 VIR
        380 v123 3 VIR
        381 v124 3 VIR
        382 v125 3 VIR
        383 v126 3 VIR
        384 v127 3 VIR
        385 v128 3 VIR
        386 v129 3 VIR
        387 v13 5 VIR
        388 v130 3 VIR
        389 v131 3 VIR
        390 v14 4 VIR
        391 v15 4 VIR
        392 v16 4 VIR
        393 v17 4 VIR
        394 v18 5 VIR
        395 v19 5 VIR
        396 v2 6 VIR
        397 v20 1 VIR
        398 v21 1 VIR
        399 v22 1 VIR
        400 v23 1 VIR
        401 v24 1 VIR
        402 v25 1 VIR
        403 v26 1 VIR
        404 v27 1 VIR
        405 v28 1 VIR
        406 v29 1 VIR
        407 v3 5 VIR
        408 v30 1 VIR
        409 v31 1 VIR
        410 v32 1 VIR
        411 v33 1 VIR
        412 v34 1 VIR
        413 v35 1 VIR
        414 v36 1 VIR
        415 v37 1 VIR
        416 v38 1 VIR
        417 v39 1 VIR
        418 v4 4 VIR
        419 v40 1 VIR
        420 v41 1 VIR
        421 v42 1 VIR
        422 v43 1 VIR
        423 v44 1 VIR
        424 v45 1 VIR
        425 v46 1 VIR
        426 v47 2 VIR
        427 v48 2 VIR
        428 v49 2 VIR
        429 v5 5 VIR
        430 v50 2 VIR
        431 v51 2 VIR
        432 v52 2 VIR
        433 v53 2 VIR
        434 v54 2 VIR
        435 v55 2 VIR
        436 v56 2 VIR
        437 v57 2 VIR
        438 v58 2 VIR
        439 v59 2 VIR
        440 v6 5 VIR
        441 v60 2 VIR
        442 v61 2 VIR
        443 v62 2 VIR
        444 v63 2 VIR
        445 v64 2 VIR
        446 v65 2 VIR
        447 v66 2 VIR
        448 v67 2 VIR
        449 v68 2 VIR
        450 v69 2 VIR
        451 v7 4 VIR
        452 v70 2 VIR
        453 v71 2 VIR
        454 v72 2 VIR
        455 v73 2 VIR
        456 v74 2 VIR
        457 v75 2 VIR
        458 v76 2 VIR
        459 v77 2 VIR
        460 v78 2 VIR
        461 v79 2 VIR
        462 v8 5 VIR
        463 v80 2 VIR
        464 v81 2 VIR
        465 v82 2 VIR
        466 v83 2 VIR
        467 v84 2 VIR
        468 v85 2 VIR
        469 v86 2 VIR
        470 v87 2 VIR
        471 v88 2 VIR
        472 v89 2 VIR
        473 v9 5 VIR
        474 v90 2 VIR
        475 v91 2 VIR
        476 v92 2 VIR
        477 v93 2 VIR
        478 v94 2 VIR
        479 v95 2 VIR
        480 v96 2 VIR
        481 v97 2 VIR
        482 v98 2 VIR
        483 v99 2 VIR
        484 not1 3 INV
        485 not2 3 INV
        486 not3 3 INV
        487 not4 3 INV
        488 not5 3 INV
        489 not6 3 INV
        490 not7 3 INV
        491 not8 3 INV
        492 not9 3 INV
        493 not10 3 INV
        494 not11 3 INV
        495 not12 3 INV
        496 not13 3 INV
        497 not14 3 INV
        498 not15 3 INV
        499 not16 3 INV
        500 not17 3 INV
        501 not18 3 INV
        502 not19 3 INV
        503 not20 2 INV
        504 not21 3 INV
        505 not22 3 INV
        506 not23 2 INV
        507 not24 3 INV
        508 not25 2 INV
        509 not26 3 INV
        510 not27 3 INV
        511 not28 3 INV
        512 not29 3 INV
        513 not30 3 INV
        514 not31 3 INV
        515 not32 4 INV
        516 not33 4 INV
        517 not34 4 INV
        518 not35 3 INV
        519 not36 3 INV
        520 not37 3 INV
        521 not38 4 INV
        522 not39 3 INV
        523 not40 3 INV
        524 not41 3 INV
        525 not42 3 INV
        526 not43 3 INV
        527 not44 3 INV
        528 not45 4 INV
        529 not46 3 INV
        530 not47 3 INV
        531 not48 3 INV
        532 not49 4 INV
        533 not50 4 INV
        534 not51 3 INV
        535 not52 4 INV
        536 not53 3 INV
        537 not54 3 INV
        538 not55 3 INV
        539 not56 3 INV
        540 not57 3 INV
        541 not58 4 INV
        542 not59 4 INV
        543 not60 4 INV
        544 not61 3 INV
        545 not62 4 INV
        546 not63 5 INV
        547 not64 6 INV
        548 not65 5 INV
        549 not66 6 INV
        550 not67 4 INV
        551 not68 3 INV
        552 not69 5 INV
        553 not70 5 INV
        554 not71 5 INV
        555 not72 5 INV
        556 not73 5 INV
        557 not74 3 INV
        558 not75 5 INV
        559 not76 3 INV
        560 not77 4 INV
        561 not78 6 INV
        562 not79 3 INV
        563 not80 6 INV
        564 not81 3 INV
        565 not82 5 INV
        566 not83 6 INV
        567 not84 6 INV
        568 not85 5 INV
        569 not86 6 INV
        570 not87 6 INV
        571 not88 3 INV
        572 not89 5 INV
        573 not90 3 INV
        574 not91 5 INV
        575 not92 5 INV
        576 not93 5 INV
        577 not94 5 INV
        578 not95 4 INV
        579 not96 5 INV
        580 not97 3 INV
        581 not98 6 INV
        582 not99 5 INV
        583 not100 3 INV
        584 not101 5 INV
        585 not102 5 INV
        586 not103 6 INV
        587 not104 3 INV
        588 not105 8 INV
        589 not106 6 INV
        590 not107 3 INV
        591 not108 3 INV
        592 not109 8 INV
        593 not110 6 INV
        594 not111 5 INV
        595 not112 7 INV
        596 not113 6 INV
        597 not114 3 INV
        598 not115 5 INV
        599 not116 4 INV
        600 not117 7 INV
        601 not118 7 INV
        602 not119 7 INV
        603 not120 6 INV
        604 not121 5 INV
        605 not122 3 INV
        606 not123 4 INV
        607 not124 7 INV
        608 not125 6 INV
        609 not126 7 INV
        610 not127 4 INV
        611 not128 8 INV
        612 not129 8 INV
        613 not130 7 INV
        614 not131 7 INV
        615 not132 7 INV
        616 not133 7 INV
        617 not134 7 INV
        618 not135 6 INV
        619 not136 7 INV
        620 not137 6 INV
        621 not138 4 INV
        622 not139 7 INV
        623 not140 8 INV
        624 not141 7 INV
        625 not142 7 INV
        626 not143 6 INV
        627 not144 4 INV
        628 not145 8 INV
        629 not146 8 INV
        630 not147 9 INV
        631 not148 8 INV
        632 not149 10 INV
        633 not150 10 INV
        634 not151 11 INV
        635 not152 11 INV
        636 not153 11 INV
        637 not154 13 INV
        638 not155 13 INV
        639 not156 13 INV
        640 not157 12 INV
        641 not158 13 INV
        642 not159 12 INV
        643 not160 16 INV
        644 not161 10 INV
        645 not162 17 INV
        646 not163 12 INV
        647 not164 13 INV
        648 not165 13 INV
        649 not166 22 INV
    ]
    edge:
    [
        1 397
        1 398
        1 399
        2 400
        2 401
        2 402
        3 403
        3 404
        3 405
        4 406
        4 408
        4 409
        5 410
        5 411
        5 412
        6 413
        6 414
        6 415
        7 416
        7 417
        7 419
        8 420
        8 421
        8 422
        9 423
        9 424
        9 425
        419 355
        419 356
        419 357
        420 358
        420 359
        420 360
        421 361
        421 362
        421 363
        422 364
        422 366
        423 367
        423 368
        423 369
        424 370
        424 371
        424 372
        425 373
        425 374
        425 375
        397 426
        397 427
        397 428
        398 430
        398 431
        398 432
        399 433
        399 434
        399 435
        400 436
        400 437
        401 438
        401 439
        402 441
        403 442
        403 443
        403 444
        404 445
        404 446
        404 447
        405 448
        405 449
        405 450
        406 452
        406 453
        408 454
        408 455
        409 456
        409 457
        410 458
        410 459
        410 460
        411 461
        411 463
        411 464
        412 465
        412 466
        412 467
        413 468
        413 469
        413 470
        414 471
        414 472
        414 474
        415 475
        415 476
        415 477
        416 478
        416 479
        416 480
        417 481
        417 482
        417 483
        443 484
        484 17
        454 17
        358 485
        485 32
        478 32
        467 33
        356 33
        355 39
        422 39
        446 42
        456 42
        369 486
        486 66
        480 66
        437 69
        454 69
        433 88
        447 88
        465 487
        487 91
        448 91
        436 103
        453 103
        427 121
        454 121
        367 488
        488 132
        359 132
        446 489
        489 135
        355 135
        464 139
        364 139
        479 490
        490 142
        469 142
        458 148
        468 148
        364 491
        491 149
        446 149
        447 155
        474 155
        459 157
        481 157
        479 160
        368 160
        472 492
        492 175
        482 175
        430 493
        493 187
        438 187
        483 494
        494 192
        370 192
        361 495
        495 198
        460 198
        371 496
        496 209
        447 209
        449 497
        497 210
        374 210
        481 498
        498 219
        460 219
        482 223
        369 223
        401 225
        444 225
        476 232
        356 232
        445 499
        499 240
        433 240
        442 242
        453 242
        361 264
        370 264
        477 500
        500 273
        467 273
        431 501
        501 297
        444 297
        438 502
        502 300
        431 300
        408 503
        503 301
        436 301
        448 303
        366 303
        480 504
        504 309
        359 309
        445 505
        505 311
        402 311
        483 313
        363 313
        406 506
        506 318
        442 318
        358 507
        507 320
        367 320
        431 322
        438 322
        360 323
        369 323
        400 508
        508 333
        452 333
        480 509
        509 335
        443 335
        468 338
        358 338
        426 339
        436 339
        478 510
        510 340
        452 340
        452 511
        511 352
        427 352
        442 377
        458 378
        461 379
        468 380
        469 381
        470 382
        471 383
        472 384
        474 385
        475 386
        476 388
        478 389
        377 11
        382 11
        439 512
        512 18
        17 18
        471 513
        513 19
        323 19
        479 20
        320 20
        465 514
        514 34
        32 34
        455 37
        383 37
        42 515
        515 43
        441 43
        481 48
        132 48
        379 516
        516 49
        409 49
        380 517
        517 52
        368 52
        428 518
        518 54
        242 54
        463 519
        519 56
        309 56
        432 57
        17 57
        364 520
        520 62
        385 62
        455 65
        378 65
        464 77
        66 77
        463 95
        384 95
        103 521
        521 104
        427 104
        357 522
        522 105
        323 105
        466 523
        523 107
        386 107
        443 524
        524 114
        32 114
        428 115
        301 115
        444 525
        525 116
        383 116
        379 119
        362 119
        482 526
        526 127
        132 127
        466 143
        132 143
        459 144
        142 144
        434 156
        155 156
        470 527
        527 161
        160 161
        458 162
        32 162
        121 528
        528 167
        445 167
        430 529
        529 170
        69 170
        464 193
        192 193
        459 530
        530 201
        160 201
        449 531
        531 206
        339 206
        148 532
        532 211
        121 211
        210 211
        223 533
        533 224
        463 224
        437 534
        534 253
        242 253
        357 256
        198 256
        264 535
        535 275
        483 275
        470 536
        536 286
        377 286
        460 537
        537 296
        66 296
        428 538
        538 302
        301 302
        461 310
        309 310
        434 539
        539 312
        311 312
        465 540
        540 314
        313 314
        426 319
        318 319
        384 541
        541 321
        320 321
        475 324
        323 324
        381 325
        360 325
        426 334
        333 334
        339 542
        542 341
        338 341
        340 341
        382 543
        543 343
        361 343
        380 347
        389 347
        439 544
        544 350
        318 350
        389 545
        545 351
        320 351
        17 353
        297 354
        300 365
        311 387
        318 390
        322 391
        322 392
        333 393
        335 394
        69 418
        135 440
        157 451
        209 462
        240 473
        352 546
        546 12
        469 12
        351 12
        20 547
        547 21
        381 21
        333 21
        435 22
        11 22
        367 24
        334 24
        347 24
        390 548
        548 35
        388 35
        34 35
        433 38
        37 38
        374 45
        343 45
        48 549
        549 50
        474 50
        49 50
        378 550
        550 53
        52 53
        402 61
        390 61
        471 67
        48 67
        65 67
        448 551
        551 70
        321 70
        418 552
        552 83
        209 83
        338 83
        91 553
        553 92
        388 92
        351 92
        434 94
        286 94
        441 96
        95 96
        476 99
        77 99
        88 99
        65 554
        554 106
        450 106
        115 555
        555 117
        355 117
        116 117
        119 556
        556 120
        322 120
        52 120
        432 557
        557 126
        393 126
        356 131
        343 131
        135 558
        558 136
        366 136
        104 136
        441 559
        559 138
        37 138
        148 560
        560 150
        391 150
        149 150
        353 561
        561 152
        386 152
        275 152
        477 154
        143 154
        373 562
        562 158
        156 158
        451 158
        162 563
        563 163
        148 163
        362 171
        157 171
        170 171
        302 194
        144 194
        467 564
        564 197
        275 197
        11 565
        565 202
        432 202
        114 203
        115 203
        211 566
        566 212
        210 212
        314 213
        43 213
        462 567
        567 220
        187 220
        198 220
        170 568
        568 221
        363 221
        219 221
        472 226
        201 226
        225 226
        43 569
        569 233
        374 233
        232 233
        20 570
        570 235
        466 235
        311 235
        449 571
        571 237
        143 237
        240 572
        572 241
        456 241
        224 241
        435 573
        573 244
        353 244
        240 574
        574 245
        385 245
        296 245
        170 575
        575 254
        366 254
        107 254
        450 259
        143 259
        297 576
        576 262
        456 262
        224 262
        300 577
        577 265
        475 265
        127 265
        339 578
        578 270
        394 270
        95 270
        435 272
        387 272
        119 579
        579 277
        392 277
        440 277
        430 580
        580 289
        286 289
        253 290
        275 290
        354 581
        581 298
        477 298
        296 298
        302 582
        582 304
        372 304
        303 304
        450 306
        296 306
        77 315
        310 315
        312 316
        314 316
        461 583
        583 326
        325 326
        391 584
        584 327
        457 327
        324 327
        334 585
        585 336
        362 336
        335 336
        341 586
        586 342
        340 342
        370 587
        587 344
        253 344
        359 348
        319 348
        347 348
        302 376
        347 395
        52 396
        62 407
        107 429
        352 13
        12 13
        21 588
        588 23
        393 23
        395 589
        589 25
        24 25
        390 36
        35 36
        371 590
        590 40
        38 40
        39 40
        375 591
        591 44
        22 44
        33 44
        50 592
        592 51
        49 51
        53 58
        54 58
        61 593
        593 63
        372 63
        62 63
        65 594
        594 68
        67 68
        83 595
        595 84
        209 84
        407 596
        596 85
        373 85
        376 85
        91 93
        92 93
        373 597
        597 97
        313 97
        96 97
        253 598
        598 108
        357 108
        429 108
        88 599
        599 110
        99 110
        106 600
        600 111
        105 111
        117 601
        601 118
        116 118
        120 602
        602 122
        396 122
        310 128
        126 128
        135 137
        136 137
        372 140
        138 140
        139 140
        150 603
        603 151
        149 151
        353 153
        152 153
        451 604
        604 159
        158 159
        368 605
        605 164
        163 164
        157 606
        606 172
        171 172
        396 607
        607 173
        187 173
        198 173
        61 608
        608 177
        371 177
        175 177
        289 195
        194 195
        202 204
        203 204
        202 214
        213 214
        221 609
        609 222
        219 222
        225 610
        610 227
        226 227
        462 231
        220 231
        233 611
        611 234
        232 234
        235 612
        612 236
        387 236
        473 243
        241 243
        473 246
        245 246
        254 613
        613 255
        107 255
        297 263
        262 263
        300 266
        265 266
        270 614
        614 271
        394 271
        272 615
        615 274
        375 274
        273 274
        277 616
        616 278
        440 278
        77 291
        290 291
        354 299
        298 299
        304 617
        617 305
        303 305
        312 317
        315 317
        316 317
        326 618
        618 328
        457 328
        391 328
        336 619
        619 337
        335 337
        342 345
        343 345
        395 620
        620 349
        348 349
        349 14
        13 14
        23 26
        25 26
        39 621
        621 41
        40 41
        44 622
        622 55
        33 55
        57 59
        58 59
        63 623
        623 64
        62 64
        68 71
        69 71
        407 86
        85 86
        97 624
        624 98
        313 98
        108 625
        625 109
        429 109
        104 626
        626 112
        111 112
        118 123
        122 123
        127 129
        128 129
        139 627
        627 141
        140 141
        110 628
        628 165
        121 165
        104 166
        162 166
        164 166
        396 174
        173 174
        177 629
        629 178
        175 178
        151 182
        153 182
        193 196
        194 196
        195 196
        201 205
        203 205
        204 205
        193 215
        213 215
        214 215
        222 228
        227 228
        365 238
        236 238
        243 247
        246 247
        244 257
        255 257
        263 267
        266 267
        274 630
        630 276
        273 276
        289 292
        290 292
        291 292
        365 307
        305 307
        328 631
        631 329
        327 329
        342 346
        344 346
        345 346
        326 15
        350 15
        14 15
        18 27
        19 27
        26 27
        337 29
        346 29
        41 46
        43 46
        56 60
        58 60
        59 60
        68 72
        70 72
        71 72
        84 87
        86 87
        93 100
        98 100
        112 632
        632 113
        105 113
        109 113
        334 124
        114 124
        123 124
        115 130
        128 130
        129 130
        137 145
        141 145
        161 168
        166 168
        165 633
        633 176
        110 176
        154 176
        418 199
        196 199
        351 207
        205 207
        94 229
        224 229
        228 229
        236 239
        237 239
        238 239
        193 248
        244 248
        247 248
        255 258
        256 258
        257 258
        376 268
        326 268
        267 268
        305 308
        306 308
        307 308
        317 330
        329 330
        14 16
        15 16
        26 28
        27 28
        41 47
        45 47
        46 47
        51 73
        60 73
        299 80
        308 80
        53 89
        61 89
        87 89
        34 101
        94 101
        100 101
        123 125
        124 125
        350 133
        130 133
        18 146
        144 146
        145 146
        166 169
        167 169
        168 169
        196 200
        197 200
        199 200
        205 208
        206 208
        207 208
        228 230
        229 230
        247 249
        248 249
        258 634
        634 260
        392 260
        267 269
        268 269
        55 293
        176 293
        319 331
        321 331
        330 331
        29 635
        635 30
        16 30
        28 30
        73 636
        636 74
        64 74
        72 74
        87 90
        89 90
        100 102
        101 102
        130 134
        131 134
        133 134
        145 147
        146 147
        169 179
        172 179
        200 216
        208 216
        230 250
        234 250
        260 637
        637 261
        258 261
        259 261
        269 279
        271 279
        293 638
        638 294
        231 294
        292 294
        330 332
        331 332
        29 31
        30 31
        73 75
        74 75
        179 639
        639 180
        174 180
        178 180
        125 185
        134 185
        90 189
        102 189
        216 640
        640 217
        212 217
        215 217
        250 641
        641 251
        239 251
        249 251
        279 642
        642 280
        276 280
        278 280
        293 295
        294 295
        31 76
        36 76
        179 181
        180 181
        216 218
        217 218
        250 252
        251 252
        279 281
        280 281
        76 643
        643 78
        47 78
        75 78
        182 644
        644 183
        159 183
        181 183
        218 282
        252 282
        76 79
        78 79
        182 184
        183 184
        282 645
        645 283
        261 283
        281 283
        80 646
        646 81
        332 81
        79 81
        185 647
        647 186
        147 186
        184 186
        282 284
        283 284
        80 82
        81 82
        185 188
        186 188
        189 648
        648 190
        113 190
        188 190
        295 285
        82 285
        189 191
        190 191
        285 649
        649 287
        191 287
        284 287
        285 288
        287 288
        288 10
    ]
]
