circuit_name:apex7new_processed
[
    node:
    [
        1 x0 0 PI
        2 x1 0 PI
        3 x2 0 PI
        4 x3 0 PI
        5 x4 0 PI
        6 x5 0 PI
        7 x6 0 PI
        8 x7 0 PI
        9 x8 0 PI
        10 x9 0 PI
        11 x10 0 PI
        12 x11 0 PI
        13 x12 0 PI
        14 x13 0 PI
        15 x14 0 PI
        16 x15 0 PI
        17 x16 0 PI
        18 x17 0 PI
        19 x18 0 PI
        20 x19 0 PI
        21 x20 0 PI
        22 x21 0 PI
        23 x22 0 PI
        24 x23 0 PI
        25 x24 0 PI
        26 x25 0 PI
        27 x26 0 PI
        28 x27 0 PI
        29 x28 0 PI
        30 x29 0 PI
        31 x30 0 PI
        32 x31 0 PI
        33 x32 0 PI
        34 x33 0 PI
        35 x34 0 PI
        36 x35 0 PI
        37 x36 0 PI
        38 x37 0 PI
        39 x38 0 PI
        40 x39 0 PI
        41 x40 0 PI
        42 x41 0 PI
        43 x42 0 PI
        44 x43 0 PI
        45 x44 0 PI
        46 x45 0 PI
        47 x46 0 PI
        48 x47 0 PI
        49 x48 0 PI
        50 y0 9 PO
        51 y1 21 PO
        52 y2 9 PO
        53 y3 16 PO
        54 y4 9 PO
        55 y5 19 PO
        56 y6 7 PO
        57 y7 15 PO
        58 y8 14 PO
        59 y9 21 PO
        60 y10 6 PO
        61 y11 21 PO
        62 y12 20 PO
        63 y13 5 PO
        64 y14 21 PO
        65 y15 22 PO
        66 y16 5 PO
        67 y17 21 PO
        68 y18 22 PO
        69 y19 14 PO
        70 y20 20 PO
        71 y21 24 PO
        72 y22 4 PO
        73 y23 22 PO
        74 y24 6 PO
        75 y25 8 PO
        76 y26 14 PO
        77 y27 1 PO
        78 y28 6 PO
        79 y29 19 PO
        80 y30 8 PO
        81 y31 19 PO
        82 y32 4 PO
        83 y33 19 PO
        84 y34 7 PO
        85 y35 25 PO
        86 y36 8 PO
        87 n100 2 AND
        88 n101 3 MAJ
        89 n102 5 AND
        90 n103 2 AND
        91 n104 7 MAJ
        92 n105 9 AND
        93 n106 10 AND
        94 n107 11 AND
        95 n108 1 AND
        96 n109 2 AND
        97 n110 4 MAJ
        98 n111 3 AND
        99 n112 4 AND
        100 n113 1 OR
        101 n114 3 MAJ
        102 n115 4 AND
        103 n116 12 OR
        104 n117 14 MAJ
        105 n118 15 OR
        106 n119 16 AND
        107 n120 17 AND
        108 n121 4 AND
        109 n122 6 AND
        110 n123 18 MAJ
        111 n124 4 AND
        112 n125 5 AND
        113 n126 6 MAJ
        114 n127 7 AND
        115 n128 2 AND
        116 n129 6 MAJ
        117 n130 7 AND
        118 n131 9 OR
        119 n132 11 AND
        120 n133 12 MAJ
        121 n134 13 MAJ
        122 n135 13 MAJ
        123 n136 14 OR
        124 n137 4 AND
        125 n138 6 MAJ
        126 n139 8 AND
        127 n140 5 AND
        128 n141 6 AND
        129 n142 9 MAJ
        130 n143 2 AND
        131 n144 6 MAJ
        132 n145 7 AND
        133 n146 2 AND
        134 n147 6 MAJ
        135 n148 7 AND
        136 n149 7 AND
        137 n150 8 MAJ
        138 n151 9 MAJ
        139 n152 10 AND
        140 n153 11 OR
        141 n154 12 MAJ
        142 n155 13 OR
        143 n156 18 AND
        144 n157 19 OR
        145 n158 20 MAJ
        146 n159 3 MAJ
        147 n160 3 MAJ
        148 n161 5 AND
        149 n162 16 AND
        150 n163 17 AND
        151 n164 18 AND
        152 n165 19 OR
        153 n166 20 MAJ
        154 n167 13 AND
        155 n168 14 AND
        156 n169 3 AND
        157 n170 15 MAJ
        158 n171 16 AND
        159 n172 4 AND
        160 n173 6 MAJ
        161 n174 8 AND
        162 n175 17 OR
        163 n176 18 MAJ
        164 n177 19 OR
        165 n178 2 AND
        166 n179 4 AND
        167 n180 5 AND
        168 n181 6 AND
        169 n182 5 AND
        170 n183 6 AND
        171 n184 16 MAJ
        172 n185 4 AND
        173 n186 5 AND
        174 n187 4 AND
        175 n188 6 MAJ
        176 n189 8 AND
        177 n190 9 AND
        178 n191 10 AND
        179 n192 16 MAJ
        180 n193 17 OR
        181 n194 19 MAJ
        182 n195 20 OR
        183 n196 15 AND
        184 n197 3 AND
        185 n198 16 MAJ
        186 n199 17 AND
        187 n200 4 AND
        188 n201 15 MAJ
        189 n202 16 AND
        190 n203 18 AND
        191 n204 19 AND
        192 n205 20 MAJ
        193 n206 21 OR
        194 n207 2 AND
        195 n208 3 AND
        196 n209 4 MAJ
        197 n210 3 AND
        198 n211 19 AND
        199 n212 20 MAJ
        200 n213 5 AND
        201 n214 6 AND
        202 n215 3 AND
        203 n216 7 AND
        204 n217 14 MAJ
        205 n218 18 AND
        206 n219 19 AND
        207 n220 20 MAJ
        208 n221 11 AND
        209 n222 12 AND
        210 n223 13 MAJ
        211 n224 16 OR
        212 n225 17 AND
        213 n226 18 AND
        214 n227 19 OR
        215 n228 3 AND
        216 n229 17 MAJ
        217 n230 18 AND
        218 n231 19 AND
        219 n232 20 MAJ
        220 n233 21 OR
        221 n234 22 MAJ
        222 n235 23 OR
        223 n236 3 AND
        224 n237 16 MAJ
        225 n238 17 AND
        226 n239 6 AND
        227 n240 19 AND
        228 n241 21 MAJ
        229 n242 3 MAJ
        230 n243 3 MAJ
        231 n244 5 AND
        232 n245 3 AND
        233 n246 4 OR
        234 n247 5 MAJ
        235 n248 7 AND
        236 n249 2 OR
        237 n250 4 AND
        238 n251 11 AND
        239 n252 13 AND
        240 n253 3 MAJ
        241 n254 3 MAJ
        242 n255 5 AND
        243 n256 16 AND
        244 n257 17 AND
        245 n258 4 AND
        246 n259 5 OR
        247 n260 18 MAJ
        248 n261 5 OR
        249 n262 6 MAJ
        250 n263 7 OR
        251 n264 3 AND
        252 n265 5 AND
        253 n266 18 MAJ
        254 n267 3 AND
        255 n268 3 AND
        256 n269 5 AND
        257 n270 18 MAJ
        258 n271 4 AND
        259 n272 5 MAJ
        260 n273 6 MAJ
        261 n274 15 AND
        262 n275 16 AND
        263 n276 4 AND
        264 n277 18 AND
        265 n278 20 MAJ
        266 n279 17 OR
        267 n280 19 AND
        268 n281 21 OR
        269 n282 23 AND
        270 n283 4 OR
        271 n284 5 MAJ
        272 n285 7 AND
        273 n50 2 AND
        274 n51 4 MAJ
        275 n52 6 AND
        276 n53 1 AND
        277 n54 4 AND
        278 n55 5 MAJ
        279 n56 6 AND
        280 n57 7 OR
        281 n58 8 MAJ
        282 n59 1 AND
        283 n60 2 AND
        284 n61 3 AND
        285 n62 4 AND
        286 n63 2 AND
        287 n64 3 MAJ
        288 n65 5 AND
        289 n66 2 AND
        290 n67 3 MAJ
        291 n68 5 AND
        292 n69 6 OR
        293 n70 7 MAJ
        294 n71 8 OR
        295 n72 2 AND
        296 n73 3 MAJ
        297 n74 5 AND
        298 n75 2 AND
        299 n76 3 MAJ
        300 n77 5 AND
        301 n78 2 OR
        302 n79 3 MAJ
        303 n80 4 AND
        304 n81 9 OR
        305 n82 11 MAJ
        306 n83 12 OR
        307 n84 13 AND
        308 n85 3 AND
        309 n86 15 MAJ
        310 n87 16 AND
        311 n88 3 AND
        312 n89 19 AND
        313 n90 20 MAJ
        314 n91 3 MAJ
        315 n92 4 AND
        316 n93 6 AND
        317 n94 7 MAJ
        318 n95 8 MAJ
        319 n96 5 AND
        320 n97 6 OR
        321 n98 6 MAJ
        322 n99 8 AND
        323 v1 10 VIR
        324 v10 4 VIR
        325 v11 4 VIR
        326 v12 17 VIR
        327 v13 5 VIR
        328 v14 5 VIR
        329 v15 1 VIR
        330 v16 1 VIR
        331 v17 1 VIR
        332 v18 1 VIR
        333 v19 1 VIR
        334 v2 5 VIR
        335 v20 1 VIR
        336 v21 1 VIR
        337 v22 1 VIR
        338 v23 1 VIR
        339 v24 1 VIR
        340 v25 1 VIR
        341 v26 1 VIR
        342 v27 1 VIR
        343 v28 1 VIR
        344 v29 1 VIR
        345 v3 15 VIR
        346 v30 1 VIR
        347 v31 1 VIR
        348 v32 1 VIR
        349 v33 1 VIR
        350 v34 1 VIR
        351 v35 1 VIR
        352 v36 1 VIR
        353 v37 1 VIR
        354 v38 1 VIR
        355 v39 1 VIR
        356 v4 17 VIR
        357 v40 1 VIR
        358 v41 1 VIR
        359 v42 1 VIR
        360 v43 1 VIR
        361 v44 1 VIR
        362 v45 1 VIR
        363 v46 1 VIR
        364 v47 1 VIR
        365 v48 1 VIR
        366 v49 1 VIR
        367 v5 3 VIR
        368 v50 1 VIR
        369 v51 1 VIR
        370 v52 1 VIR
        371 v53 1 VIR
        372 v54 1 VIR
        373 v55 1 VIR
        374 v56 1 VIR
        375 v57 1 VIR
        376 v58 1 VIR
        377 v59 1 VIR
        378 v6 2 VIR
        379 v60 2 VIR
        380 v61 2 VIR
        381 v62 2 VIR
        382 v63 2 VIR
        383 v64 2 VIR
        384 v65 2 VIR
        385 v66 2 VIR
        386 v67 2 VIR
        387 v68 2 VIR
        388 v69 2 VIR
        389 v7 3 VIR
        390 v70 2 VIR
        391 v71 2 VIR
        392 v72 2 VIR
        393 v73 2 VIR
        394 v74 2 VIR
        395 v75 2 VIR
        396 v76 2 VIR
        397 v77 2 VIR
        398 v78 2 VIR
        399 v79 2 VIR
        400 v8 3 VIR
        401 v80 3 VIR
        402 v81 3 VIR
        403 v82 3 VIR
        404 v83 3 VIR
        405 v84 3 VIR
        406 v85 3 VIR
        407 v86 3 VIR
        408 v87 3 VIR
        409 v88 3 VIR
        410 v9 14 VIR
        411 not1 1 INV
        412 not2 1 INV
        413 not3 1 INV
        414 not4 2 INV
        415 not5 1 INV
        416 not6 2 INV
        417 not7 1 INV
        418 not8 2 INV
        419 not9 2 INV
        420 not10 2 INV
        421 not11 2 INV
        422 not12 1 INV
        423 not13 1 INV
        424 not14 1 INV
        425 not15 1 INV
        426 not16 2 INV
        427 not17 2 INV
        428 not18 4 INV
        429 not19 1 INV
        430 not20 3 INV
        431 not21 1 INV
        432 not22 2 INV
        433 not23 3 INV
        434 not24 1 INV
        435 not25 2 INV
        436 not26 3 INV
        437 not27 1 INV
        438 not28 2 INV
        439 not29 3 INV
        440 not30 3 INV
        441 not31 3 INV
        442 not32 2 INV
        443 not33 2 INV
        444 not34 2 INV
        445 not35 2 INV
        446 not36 6 INV
        447 not37 2 INV
        448 not38 2 INV
        449 not39 1 INV
        450 not40 4 INV
        451 not41 4 INV
        452 not42 3 INV
        453 not43 2 INV
        454 not44 4 INV
        455 not45 4 INV
        456 not46 4 INV
        457 not47 4 INV
        458 not48 4 INV
        459 not49 4 INV
        460 not50 5 INV
        461 not51 2 INV
        462 not52 1 INV
        463 not53 4 INV
        464 not54 4 INV
        465 not55 4 INV
        466 not56 4 INV
        467 not57 3 INV
        468 not58 8 INV
        469 not59 5 INV
        470 not60 6 INV
        471 not61 3 INV
        472 not62 5 INV
        473 not63 3 INV
        474 not64 5 INV
        475 not65 5 INV
        476 not66 1 INV
        477 not67 5 INV
        478 not68 6 INV
        479 not69 2 INV
        480 not70 6 INV
        481 not71 2 INV
        482 not72 2 INV
        483 not73 3 INV
        484 not74 7 INV
        485 not75 3 INV
        486 not76 6 INV
        487 not77 7 INV
        488 not78 2 INV
        489 not79 7 INV
        490 not80 3 INV
        491 not81 6 INV
        492 not82 7 INV
        493 not83 7 INV
        494 not84 3 INV
        495 not85 4 INV
        496 not86 1 INV
        497 not87 10 INV
        498 not88 8 INV
        499 not89 2 INV
        500 not90 12 INV
        501 not91 13 INV
        502 not92 8 INV
        503 not93 10 INV
        504 not94 2 INV
        505 not95 2 INV
        506 not96 14 INV
        507 not97 4 INV
        508 not98 2 INV
        509 not99 7 INV
        510 not100 4 INV
        511 not101 1 INV
        512 not102 6 INV
        513 not103 6 INV
        514 not104 10 INV
        515 not105 4 INV
        516 not106 2 INV
        517 not107 17 INV
        518 not108 2 INV
        519 not109 2 INV
        520 not110 4 INV
        521 not111 2 INV
        522 not112 18 INV
        523 not113 17 INV
        524 not114 2 INV
        525 not115 18 INV
        526 not116 18 INV
        527 not117 20 INV
        528 not118 19 INV
        529 not119 18 INV
        530 not120 18 INV
        531 not121 15 INV
        532 not122 2 INV
        533 not123 22 INV
        534 not124 15 INV
        535 not125 21 INV
        536 not126 24 INV
    ]
    edge:
    [
        27 411
        411 87
        30 87
        4 412
        412 90
        3 90
        23 95
        25 95
        10 100
        20 100
        3 276
        4 276
        37 282
        40 282
        14 329
        3 330
        22 331
        22 332
        22 333
        23 335
        23 336
        25 337
        25 338
        27 339
        27 340
        29 341
        29 342
        30 343
        30 344
        4 346
        33 347
        33 348
        34 349
        34 350
        34 351
        36 352
        36 353
        36 354
        37 355
        37 357
        38 358
        39 359
        39 360
        39 361
        40 362
        5 363
        5 364
        5 365
        42 366
        42 368
        42 369
        43 370
        43 371
        43 372
        45 373
        45 374
        45 375
        47 376
        8 377
        47 413
        413 88
        349 88
        87 88
        14 96
        95 96
        344 115
        350 115
        339 130
        344 130
        339 133
        349 133
        373 414
        414 147
        32 147
        369 147
        9 415
        415 165
        335 165
        362 416
        416 184
        355 184
        26 417
        417 194
        338 194
        347 418
        418 215
        341 215
        375 419
        419 223
        15 223
        329 420
        420 229
        369 229
        374 229
        338 236
        373 236
        375 421
        421 254
        12 254
        346 273
        364 273
        29 422
        422 283
        282 283
        13 423
        423 286
        331 286
        16 424
        424 289
        331 289
        17 425
        425 295
        332 295
        332 298
        353 298
        18 301
        332 301
        337 426
        426 311
        368 311
        276 427
        427 314
        363 314
        38 314
        282 378
        352 379
        353 380
        359 381
        363 382
        364 383
        365 384
        366 385
        366 386
        368 387
        368 388
        369 390
        370 391
        370 392
        370 393
        371 394
        371 395
        371 396
        372 397
        372 398
        372 399
        88 428
        428 89
        87 89
        35 429
        429 98
        392 98
        337 101
        392 101
        100 101
        383 430
        430 111
        6 111
        1 431
        431 146
        388 146
        373 146
        347 432
        432 156
        385 156
        165 433
        433 166
        399 166
        14 195
        194 195
        11 434
        434 197
        387 197
        33 202
        283 202
        374 435
        435 230
        20 230
        390 230
        1 232
        388 232
        236 436
        436 237
        336 237
        32 437
        437 240
        390 240
        374 240
        375 438
        438 241
        329 241
        390 241
        41 251
        396 251
        396 255
        46 255
        383 439
        439 258
        346 258
        383 440
        440 263
        7 263
        395 441
        441 274
        358 274
        273 274
        331 442
        442 284
        379 284
        352 443
        443 287
        359 287
        286 287
        359 444
        444 290
        352 290
        289 290
        379 296
        381 296
        295 296
        360 445
        445 299
        48 299
        298 299
        353 302
        360 302
        301 302
        385 308
        393 308
        276 315
        314 315
        273 367
        283 389
        283 400
        391 401
        392 402
        393 403
        394 404
        395 405
        396 406
        397 407
        398 408
        399 409
        89 446
        446 91
        38 91
        90 91
        335 447
        447 97
        401 97
        96 97
        337 99
        98 99
        100 448
        448 102
        101 102
        405 108
        49 108
        12 449
        449 112
        111 112
        403 124
        47 124
        146 450
        450 148
        147 148
        19 159
        403 159
        400 451
        451 167
        394 167
        378 452
        452 172
        404 172
        341 174
        402 174
        366 453
        453 187
        401 187
        26 196
        398 196
        195 196
        229 454
        454 231
        230 231
        35 233
        232 233
        406 455
        455 234
        35 234
        232 234
        240 456
        456 242
        241 242
        405 245
        44 245
        251 457
        457 252
        361 252
        255 458
        458 256
        354 256
        384 259
        397 259
        258 259
        330 270
        367 270
        407 459
        459 271
        330 271
        367 271
        274 460
        460 275
        273 275
        363 461
        461 277
        401 277
        21 462
        462 285
        284 285
        287 463
        463 288
        286 288
        290 464
        464 291
        289 291
        296 465
        465 297
        295 297
        299 466
        466 300
        298 300
        301 467
        467 303
        302 303
        349 319
        315 319
        308 324
        308 325
        315 327
        315 328
        91 468
        468 92
        90 92
        108 469
        469 109
        354 109
        384 113
        409 113
        112 113
        328 470
        470 114
        395 114
        115 471
        471 116
        404 116
        327 116
        124 472
        472 125
        339 125
        343 125
        358 127
        124 127
        133 473
        473 134
        402 134
        327 134
        159 474
        474 160
        385 160
        389 160
        386 168
        167 168
        377 169
        324 169
        387 173
        172 173
        174 475
        475 175
        355 175
        40 175
        18 476
        476 200
        285 200
        172 477
        477 226
        342 226
        234 478
        478 235
        233 235
        361 246
        245 246
        99 248
        102 248
        346 479
        479 260
        258 260
        259 260
        271 480
        480 272
        270 272
        276 481
        481 278
        402 278
        277 278
        288 292
        291 292
        351 482
        482 316
        328 316
        343 320
        319 320
        393 483
        483 321
        343 321
        319 321
        124 334
        391 93
        92 93
        115 117
        116 117
        125 484
        484 126
        334 126
        350 128
        127 128
        130 485
        485 131
        278 131
        327 131
        133 135
        134 135
        278 486
        486 136
        376 136
        160 487
        487 161
        159 161
        282 488
        488 170
        169 170
        175 489
        489 176
        174 176
        382 201
        200 201
        2 249
        397 249
        248 249
        358 279
        278 279
        381 490
        490 293
        285 293
        292 293
        328 491
        491 317
        406 317
        316 317
        321 492
        492 322
        320 322
        92 323
        382 94
        93 94
        350 118
        322 118
        128 493
        493 129
        334 129
        126 129
        130 132
        131 132
        344 137
        135 137
        136 137
        386 494
        494 177
        176 177
        202 495
        495 203
        201 203
        24 496
        496 208
        323 208
        365 238
        323 238
        248 250
        249 250
        330 280
        279 280
        292 294
        293 294
        351 318
        316 318
        317 318
        94 103
        97 103
        118 497
        497 119
        404 119
        136 498
        498 138
        376 138
        137 138
        377 499
        499 178
        177 178
        365 209
        208 209
        238 500
        500 239
        237 239
        275 281
        279 281
        280 281
        294 304
        297 304
        103 501
        501 104
        99 104
        102 104
        340 120
        322 120
        119 120
        136 502
        502 139
        138 139
        24 210
        408 210
        209 210
        304 503
        503 305
        300 305
        303 305
        103 105
        104 105
        340 504
        504 121
        117 121
        120 121
        340 122
        114 122
        120 122
        129 140
        139 140
        304 306
        305 306
        360 106
        105 106
        121 123
        122 123
        351 141
        132 141
        140 141
        361 505
        505 149
        105 149
        391 154
        306 154
        354 243
        105 243
        382 307
        306 307
        333 107
        106 107
        140 142
        141 142
        333 150
        149 150
        364 155
        154 155
        307 506
        506 188
        8 188
        187 188
        202 507
        507 204
        307 204
        203 204
        333 508
        508 244
        243 244
        307 410
        109 509
        509 110
        107 110
        108 110
        380 143
        107 143
        380 151
        150 151
        156 510
        510 157
        389 157
        155 157
        8 511
        511 183
        155 183
        187 189
        188 189
        244 247
        245 247
        246 247
        252 512
        512 253
        244 253
        251 253
        256 513
        513 257
        150 257
        255 257
        92 514
        514 261
        204 261
        389 515
        515 309
        410 309
        308 309
        155 345
        31 144
        143 144
        28 152
        151 152
        156 158
        157 158
        377 516
        516 171
        345 171
        170 171
        387 179
        345 179
        178 179
        325 185
        183 185
        184 185
        189 517
        517 190
        394 190
        324 211
        183 211
        400 224
        325 224
        183 224
        7 262
        261 262
        324 310
        309 310
        189 356
        399 145
        143 145
        144 145
        407 153
        151 153
        152 153
        158 162
        161 162
        168 180
        171 180
        184 186
        185 186
        355 518
        518 191
        190 191
        357 519
        519 212
        211 212
        357 213
        356 213
        215 520
        520 216
        378 216
        211 216
        341 521
        521 218
        190 218
        400 225
        224 225
        356 522
        522 227
        226 227
        262 523
        523 264
        310 264
        310 266
        323 266
        310 326
        348 524
        524 163
        159 163
        162 163
        180 525
        525 181
        173 181
        179 181
        362 192
        356 192
        191 192
        326 526
        526 198
        197 198
        335 205
        326 205
        212 214
        213 214
        215 217
        216 217
        347 219
        189 219
        218 219
        227 527
        527 228
        342 228
        225 228
        264 528
        528 265
        262 265
        263 265
        266 529
        529 267
        7 267
        326 530
        530 312
        311 312
        162 164
        163 164
        180 182
        181 182
        186 193
        192 193
        11 199
        398 199
        198 199
        204 531
        531 206
        205 206
        217 220
        219 220
        265 268
        267 268
        338 313
        407 313
        312 313
        336 532
        532 207
        408 207
        206 207
        348 221
        172 221
        220 221
        268 533
        533 269
        409 269
        220 222
        221 222
        281 50
        313 51
        318 52
        410 534
        534 53
        322 54
        110 55
        113 56
        123 57
        142 58
        145 59
        148 60
        153 61
        164 62
        166 63
        182 64
        193 65
        196 66
        199 67
        207 535
        535 68
        210 69
        214 70
        222 71
        223 72
        228 73
        231 74
        235 75
        239 76
        20 77
        242 78
        247 79
        250 80
        253 81
        254 82
        257 83
        260 84
        269 536
        536 85
        272 86
    ]
]
