circuit_name:b9new_processed
[
    node:
    [
        1 x0 0 PI
        2 x1 0 PI
        3 x2 0 PI
        4 x3 0 PI
        5 x4 0 PI
        6 x5 0 PI
        7 x6 0 PI
        8 x7 0 PI
        9 x8 0 PI
        10 x9 0 PI
        11 x10 0 PI
        12 x11 0 PI
        13 x12 0 PI
        14 x13 0 PI
        15 x14 0 PI
        16 x15 0 PI
        17 x16 0 PI
        18 x17 0 PI
        19 x18 0 PI
        20 x19 0 PI
        21 x20 0 PI
        22 x21 0 PI
        23 x22 0 PI
        24 x23 0 PI
        25 x24 0 PI
        26 x25 0 PI
        27 x26 0 PI
        28 x27 0 PI
        29 x28 0 PI
        30 x29 0 PI
        31 x30 0 PI
        32 x31 0 PI
        33 x32 0 PI
        34 x33 0 PI
        35 x34 0 PI
        36 x35 0 PI
        37 x36 0 PI
        38 x37 0 PI
        39 x38 0 PI
        40 x39 0 PI
        41 x40 0 PI
        42 y0 13 PO
        43 y1 11 PO
        44 y2 9 PO
        45 y3 10 PO
        46 y4 10 PO
        47 y5 4 PO
        48 y6 5 PO
        49 y7 8 PO
        50 y8 3 PO
        51 y9 5 PO
        52 y10 13 PO
        53 y11 11 PO
        54 y12 13 PO
        55 y13 10 PO
        56 y14 5 PO
        57 y15 14 PO
        58 y16 5 PO
        59 y17 4 PO
        60 y18 11 PO
        61 y19 10 PO
        62 y20 11 PO
        63 n100 6 AND
        64 n101 7 AND
        65 n102 8 AND
        66 n103 10 MAJ
        67 n104 3 AND
        68 n105 11 OR
        69 n106 12 MAJ
        70 n107 2 AND
        71 n108 3 AND
        72 n109 3 AND
        73 n110 4 MAJ
        74 n111 6 AND
        75 n112 3 AND
        76 n113 4 MAJ
        77 n114 6 AND
        78 n115 2 OR
        79 n116 7 MAJ
        80 n117 8 OR
        81 n118 4 AND
        82 n119 9 OR
        83 n120 2 AND
        84 n121 4 AND
        85 n122 6 MAJ
        86 n123 7 OR
        87 n124 2 OR
        88 n125 8 MAJ
        89 n126 9 AND
        90 n127 2 AND
        91 n128 3 OR
        92 n129 1 OR
        93 n130 4 MAJ
        94 n131 5 AND
        95 n132 10 AND
        96 n133 11 OR
        97 n134 12 MAJ
        98 n135 1 AND
        99 n136 3 MAJ
        100 n137 4 AND
        101 n138 1 AND
        102 n139 2 MAJ
        103 n140 4 AND
        104 n141 2 AND
        105 n142 3 AND
        106 n143 3 AND
        107 n144 3 AND
        108 n145 5 MAJ
        109 n146 6 OR
        110 n147 7 MAJ
        111 n148 8 OR
        112 n149 9 OR
        113 n42 3 AND
        114 n43 4 AND
        115 n44 5 MAJ
        116 n45 3 AND
        117 n46 4 OR
        118 n47 2 AND
        119 n48 5 AND
        120 n49 6 MAJ
        121 n50 2 AND
        122 n51 7 OR
        123 n52 8 MAJ
        124 n53 9 AND
        125 n54 11 AND
        126 n55 3 AND
        127 n56 4 MAJ
        128 n57 6 AND
        129 n58 2 AND
        130 n59 3 AND
        131 n60 7 MAJ
        132 n61 8 OR
        133 n62 9 MAJ
        134 n63 4 MAJ
        135 n64 5 AND
        136 n65 2 AND
        137 n66 3 OR
        138 n67 4 AND
        139 n68 6 MAJ
        140 n69 7 AND
        141 n70 3 OR
        142 n71 5 MAJ
        143 n72 6 MAJ
        144 n73 7 AND
        145 n74 8 AND
        146 n75 8 AND
        147 n76 2 AND
        148 n77 3 OR
        149 n78 1 OR
        150 n79 2 MAJ
        151 n80 3 OR
        152 n81 4 AND
        153 n82 6 AND
        154 n83 1 AND
        155 n84 1 OR
        156 n85 3 AND
        157 n86 5 AND
        158 n87 7 AND
        159 n88 1 AND
        160 n89 3 MAJ
        161 n90 4 AND
        162 n91 1 OR
        163 n92 5 AND
        164 n93 6 AND
        165 n94 7 MAJ
        166 n95 3 AND
        167 n96 8 MAJ
        168 n97 9 AND
        169 n98 3 AND
        170 n99 5 MAJ
        171 v1 2 VIR
        172 v10 1 VIR
        173 v11 1 VIR
        174 v12 1 VIR
        175 v13 1 VIR
        176 v14 1 VIR
        177 v15 1 VIR
        178 v16 1 VIR
        179 v17 1 VIR
        180 v18 1 VIR
        181 v19 1 VIR
        182 v2 1 VIR
        183 v20 2 VIR
        184 v21 2 VIR
        185 v22 2 VIR
        186 v23 2 VIR
        187 v24 2 VIR
        188 v25 2 VIR
        189 v26 2 VIR
        190 v3 1 VIR
        191 v4 1 VIR
        192 v5 1 VIR
        193 v6 1 VIR
        194 v7 1 VIR
        195 v8 1 VIR
        196 v9 1 VIR
        197 not1 1 INV
        198 not2 2 INV
        199 not3 1 INV
        200 not4 2 INV
        201 not5 1 INV
        202 not6 1 INV
        203 not7 1 INV
        204 not8 2 INV
        205 not9 2 INV
        206 not10 2 INV
        207 not11 2 INV
        208 not12 2 INV
        209 not13 2 INV
        210 not14 3 INV
        211 not15 2 INV
        212 not16 3 INV
        213 not17 1 INV
        214 not18 1 INV
        215 not19 1 INV
        216 not20 4 INV
        217 not21 2 INV
        218 not22 5 INV
        219 not23 5 INV
        220 not24 4 INV
        221 not25 2 INV
        222 not26 4 INV
        223 not27 2 INV
        224 not28 4 INV
        225 not29 5 INV
        226 not30 2 INV
        227 not31 2 INV
        228 not32 5 INV
        229 not33 2 INV
        230 not34 3 INV
        231 not35 5 INV
        232 not36 3 INV
        233 not37 4 INV
        234 not38 6 INV
        235 not39 3 INV
        236 not40 1 INV
        237 not41 4 INV
        238 not42 1 INV
        239 not43 9 INV
        240 not44 10 INV
        241 not45 12 INV
        242 not46 10 INV
        243 not47 8 INV
        244 not48 9 INV
        245 not49 9 INV
        246 not50 4 INV
        247 not51 10 INV
        248 not52 9 INV
        249 not53 13 INV
        250 not54 10 INV
        251 not55 10 INV
    ]
    edge:
    [
        22 92
        24 92
        13 98
        17 98
        2 101
        30 101
        32 197
        197 104
        30 104
        27 149
        31 149
        15 154
        36 154
        1 155
        36 155
        12 159
        17 159
        25 162
        29 162
        35 172
        35 173
        38 174
        38 175
        40 176
        5 177
        5 178
        5 179
        41 180
        9 181
        19 182
        19 190
        19 191
        21 192
        21 193
        21 194
        25 195
        35 196
        23 70
        180 70
        190 198
        198 75
        9 75
        10 78
        195 78
        196 83
        37 83
        178 87
        14 87
        194 90
        173 90
        32 199
        199 102
        34 102
        101 102
        2 105
        104 105
        192 200
        200 116
        196 116
        11 201
        201 118
        182 118
        40 121
        180 121
        25 202
        202 129
        179 129
        181 136
        23 136
        191 147
        194 147
        16 203
        203 150
        20 150
        149 150
        154 204
        204 156
        155 156
        159 205
        205 160
        191 160
        33 160
        177 206
        206 166
        6 166
        177 207
        207 169
        8 169
        162 171
        182 183
        182 184
        190 185
        190 186
        191 187
        192 188
        196 189
        7 67
        187 67
        181 71
        70 71
        178 208
        208 72
        184 72
        172 209
        209 76
        193 76
        75 76
        83 210
        210 84
        192 84
        174 91
        90 91
        98 211
        211 99
        187 99
        33 99
        102 212
        212 103
        101 103
        9 106
        189 106
        10 213
        213 107
        188 107
        38 214
        214 113
        188 113
        37 117
        116 117
        177 126
        184 126
        29 215
        215 130
        129 130
        181 134
        185 134
        116 134
        3 137
        136 137
        185 141
        174 141
        175 148
        147 148
        149 151
        150 151
        156 216
        216 157
        39 157
        159 161
        160 161
        172 217
        217 73
        193 73
        72 73
        76 218
        218 77
        75 77
        176 81
        71 81
        84 219
        219 85
        183 85
        162 85
        26 93
        91 93
        92 93
        98 100
        99 100
        107 220
        220 108
        10 108
        106 108
        189 114
        113 114
        117 119
        118 119
        172 221
        221 127
        193 127
        126 127
        116 135
        134 135
        121 138
        137 138
        141 222
        222 142
        194 142
        173 142
        15 152
        151 152
        162 223
        223 163
        117 163
        169 224
        224 170
        183 170
        117 170
        169 63
        170 63
        73 225
        225 74
        72 74
        171 86
        85 86
        92 226
        226 94
        93 94
        195 109
        108 109
        185 115
        174 115
        114 115
        178 227
        227 120
        11 120
        119 120
        127 228
        228 128
        126 128
        179 229
        229 139
        135 139
        138 139
        186 230
        230 143
        141 143
        142 143
        152 231
        231 153
        4 153
        183 164
        163 164
        41 64
        63 64
        78 232
        232 79
        74 79
        77 79
        180 88
        86 88
        87 88
        186 110
        173 110
        109 110
        115 122
        120 122
        130 233
        233 131
        179 131
        128 131
        138 140
        139 140
        141 144
        143 144
        157 234
        234 158
        153 158
        41 165
        171 165
        164 165
        176 65
        64 65
        78 80
        79 80
        87 235
        235 89
        88 89
        109 111
        110 111
        115 123
        121 123
        122 123
        37 132
        131 132
        28 145
        144 145
        28 236
        236 146
        144 146
        166 237
        237 167
        40 167
        165 167
        80 82
        81 82
        176 95
        89 95
        81 112
        111 112
        16 238
        238 124
        123 124
        126 133
        131 133
        132 133
        166 168
        167 168
        65 239
        239 66
        168 66
        63 66
        187 96
        95 96
        124 240
        240 125
        18 125
        175 68
        66 68
        94 97
        95 97
        96 97
        66 69
        67 69
        68 69
        125 241
        241 42
        133 242
        242 43
        140 243
        243 44
        145 244
        244 45
        146 245
        245 46
        148 47
        148 246
        246 48
        158 49
        121 50
        161 51
        69 52
        82 247
        247 53
        97 54
        123 248
        248 55
        100 56
        97 249
        249 57
        103 58
        105 59
        82 250
        250 60
        82 61
        112 251
        251 62
    ]
]
