circuit_name:c1355new_processed
[
    node:
    [
        1 x0 0 PI
        2 x1 0 PI
        3 x2 0 PI
        4 x3 0 PI
        5 x4 0 PI
        6 x5 0 PI
        7 x6 0 PI
        8 x7 0 PI
        9 x8 0 PI
        10 x9 0 PI
        11 x10 0 PI
        12 x11 0 PI
        13 x12 0 PI
        14 x13 0 PI
        15 x14 0 PI
        16 x15 0 PI
        17 x16 0 PI
        18 x17 0 PI
        19 x18 0 PI
        20 x19 0 PI
        21 x20 0 PI
        22 x21 0 PI
        23 x22 0 PI
        24 x23 0 PI
        25 x24 0 PI
        26 x25 0 PI
        27 x26 0 PI
        28 x27 0 PI
        29 x28 0 PI
        30 x29 0 PI
        31 x30 0 PI
        32 x31 0 PI
        33 x32 0 PI
        34 x33 0 PI
        35 x34 0 PI
        36 x35 0 PI
        37 x36 0 PI
        38 x37 0 PI
        39 x38 0 PI
        40 x39 0 PI
        41 x40 0 PI
        42 y0 29 PO
        43 y1 29 PO
        44 y2 30 PO
        45 y3 30 PO
        46 y4 29 PO
        47 y5 29 PO
        48 y6 30 PO
        49 y7 30 PO
        50 y8 29 PO
        51 y9 29 PO
        52 y10 30 PO
        53 y11 30 PO
        54 y12 29 PO
        55 y13 29 PO
        56 y14 30 PO
        57 y15 30 PO
        58 y16 27 PO
        59 y17 27 PO
        60 y18 28 PO
        61 y19 28 PO
        62 y20 27 PO
        63 y21 27 PO
        64 y22 28 PO
        65 y23 28 PO
        66 y24 28 PO
        67 y25 28 PO
        68 y26 29 PO
        69 y27 29 PO
        70 y28 28 PO
        71 y29 28 PO
        72 y30 29 PO
        73 y31 29 PO
        74 n100 9 MAJ
        75 n101 10 MAJ
        76 n102 12 AND
        77 n103 13 OR
        78 n104 14 MAJ
        79 n105 2 AND
        80 n106 3 MAJ
        81 n107 4 OR
        82 n108 5 MAJ
        83 n109 5 MAJ
        84 n110 6 MAJ
        85 n111 2 AND
        86 n112 7 MAJ
        87 n113 9 MAJ
        88 n114 10 MAJ
        89 n115 12 AND
        90 n116 13 OR
        91 n117 14 MAJ
        92 n118 16 MAJ
        93 n119 16 MAJ
        94 n120 17 MAJ
        95 n121 17 MAJ
        96 n122 18 MAJ
        97 n123 19 AND
        98 n124 3 AND
        99 n125 4 MAJ
        100 n126 5 OR
        101 n127 6 MAJ
        102 n128 6 MAJ
        103 n129 7 MAJ
        104 n130 2 AND
        105 n131 3 MAJ
        106 n132 4 OR
        107 n133 5 MAJ
        108 n134 5 MAJ
        109 n135 6 MAJ
        110 n136 2 AND
        111 n137 3 MAJ
        112 n138 4 OR
        113 n139 5 MAJ
        114 n140 5 MAJ
        115 n141 6 MAJ
        116 n142 2 AND
        117 n143 7 MAJ
        118 n144 9 MAJ
        119 n145 10 MAJ
        120 n146 12 AND
        121 n147 13 OR
        122 n148 14 MAJ
        123 n149 3 AND
        124 n150 4 MAJ
        125 n151 5 OR
        126 n152 6 MAJ
        127 n153 6 MAJ
        128 n154 7 MAJ
        129 n155 2 AND
        130 n156 3 MAJ
        131 n157 4 OR
        132 n158 5 MAJ
        133 n159 5 MAJ
        134 n160 6 MAJ
        135 n161 2 AND
        136 n162 3 MAJ
        137 n163 4 OR
        138 n164 5 MAJ
        139 n165 5 MAJ
        140 n166 6 MAJ
        141 n167 2 AND
        142 n168 7 MAJ
        143 n169 9 MAJ
        144 n170 10 MAJ
        145 n171 12 AND
        146 n172 13 OR
        147 n173 14 MAJ
        148 n174 3 AND
        149 n175 4 MAJ
        150 n176 5 OR
        151 n177 6 MAJ
        152 n178 6 MAJ
        153 n179 7 MAJ
        154 n180 2 AND
        155 n181 7 MAJ
        156 n182 9 MAJ
        157 n183 10 MAJ
        158 n184 12 AND
        159 n185 13 OR
        160 n186 14 MAJ
        161 n187 3 AND
        162 n188 4 MAJ
        163 n189 5 OR
        164 n190 6 MAJ
        165 n191 6 MAJ
        166 n192 7 MAJ
        167 n193 2 AND
        168 n194 7 MAJ
        169 n195 9 MAJ
        170 n196 10 MAJ
        171 n197 12 AND
        172 n198 13 OR
        173 n199 14 MAJ
        174 n200 17 AND
        175 n201 20 AND
        176 n202 22 MAJ
        177 n203 23 AND
        178 n204 24 AND
        179 n205 25 AND
        180 n206 27 AND
        181 n207 28 MAJ
        182 n208 24 AND
        183 n209 25 AND
        184 n210 27 AND
        185 n211 28 MAJ
        186 n212 25 AND
        187 n213 26 AND
        188 n214 28 AND
        189 n215 29 MAJ
        190 n216 25 AND
        191 n217 26 AND
        192 n218 28 AND
        193 n219 29 MAJ
        194 n220 20 AND
        195 n221 21 MAJ
        196 n222 23 AND
        197 n223 24 AND
        198 n224 25 AND
        199 n225 27 AND
        200 n226 28 MAJ
        201 n227 24 AND
        202 n228 25 AND
        203 n229 27 AND
        204 n230 28 MAJ
        205 n231 25 AND
        206 n232 26 AND
        207 n233 28 AND
        208 n234 29 MAJ
        209 n235 25 AND
        210 n236 26 AND
        211 n237 28 AND
        212 n238 29 MAJ
        213 n239 17 AND
        214 n240 22 MAJ
        215 n241 23 AND
        216 n242 24 AND
        217 n243 25 AND
        218 n244 27 AND
        219 n245 28 MAJ
        220 n246 24 AND
        221 n247 25 AND
        222 n248 27 AND
        223 n249 28 MAJ
        224 n250 25 AND
        225 n251 26 AND
        226 n252 28 AND
        227 n253 29 MAJ
        228 n254 25 AND
        229 n255 26 AND
        230 n256 28 AND
        231 n257 29 MAJ
        232 n258 21 MAJ
        233 n259 23 AND
        234 n260 24 AND
        235 n261 25 AND
        236 n262 27 AND
        237 n263 28 MAJ
        238 n264 24 AND
        239 n265 25 AND
        240 n266 27 AND
        241 n267 28 MAJ
        242 n268 25 AND
        243 n269 26 AND
        244 n270 28 AND
        245 n271 29 MAJ
        246 n272 25 AND
        247 n273 26 AND
        248 n274 28 AND
        249 n275 29 MAJ
        250 n276 17 AND
        251 n277 16 MAJ
        252 n278 16 MAJ
        253 n279 17 MAJ
        254 n280 17 MAJ
        255 n281 18 MAJ
        256 n282 19 AND
        257 n283 17 AND
        258 n284 20 MAJ
        259 n285 21 AND
        260 n286 22 AND
        261 n287 23 AND
        262 n288 25 AND
        263 n289 26 MAJ
        264 n290 22 AND
        265 n291 23 AND
        266 n292 25 AND
        267 n293 26 MAJ
        268 n294 23 AND
        269 n295 24 AND
        270 n296 26 AND
        271 n297 27 MAJ
        272 n298 23 AND
        273 n299 24 AND
        274 n300 26 AND
        275 n301 27 MAJ
        276 n302 17 AND
        277 n303 20 MAJ
        278 n304 21 AND
        279 n305 22 AND
        280 n306 23 AND
        281 n307 25 AND
        282 n308 26 MAJ
        283 n309 22 AND
        284 n310 23 AND
        285 n311 25 AND
        286 n312 26 MAJ
        287 n313 23 AND
        288 n314 24 AND
        289 n315 26 AND
        290 n316 27 MAJ
        291 n317 23 AND
        292 n318 24 AND
        293 n319 26 AND
        294 n320 27 MAJ
        295 n321 17 AND
        296 n322 21 MAJ
        297 n323 22 AND
        298 n324 23 AND
        299 n325 24 AND
        300 n326 26 AND
        301 n327 27 MAJ
        302 n328 23 AND
        303 n329 24 AND
        304 n330 26 AND
        305 n331 27 MAJ
        306 n332 24 AND
        307 n333 25 AND
        308 n334 27 AND
        309 n335 28 MAJ
        310 n336 24 AND
        311 n337 25 AND
        312 n338 27 AND
        313 n339 28 MAJ
        314 n340 21 MAJ
        315 n341 22 AND
        316 n342 23 AND
        317 n343 24 AND
        318 n344 26 AND
        319 n345 27 MAJ
        320 n346 23 AND
        321 n347 24 AND
        322 n348 26 AND
        323 n349 27 MAJ
        324 n350 24 AND
        325 n351 25 AND
        326 n352 27 AND
        327 n353 28 MAJ
        328 n354 24 AND
        329 n355 25 AND
        330 n356 27 AND
        331 n357 28 MAJ
        332 n42 3 AND
        333 n43 4 MAJ
        334 n44 5 OR
        335 n45 6 MAJ
        336 n46 6 MAJ
        337 n47 7 MAJ
        338 n48 2 AND
        339 n49 3 MAJ
        340 n50 4 OR
        341 n51 5 MAJ
        342 n52 5 MAJ
        343 n53 6 MAJ
        344 n54 2 AND
        345 n55 3 MAJ
        346 n56 4 OR
        347 n57 5 MAJ
        348 n58 5 MAJ
        349 n59 6 MAJ
        350 n60 2 AND
        351 n61 7 MAJ
        352 n62 9 MAJ
        353 n63 10 MAJ
        354 n64 12 AND
        355 n65 13 OR
        356 n66 14 MAJ
        357 n67 2 AND
        358 n68 3 MAJ
        359 n69 4 OR
        360 n70 5 MAJ
        361 n71 5 MAJ
        362 n72 6 MAJ
        363 n73 2 AND
        364 n74 3 MAJ
        365 n75 4 OR
        366 n76 5 MAJ
        367 n77 5 MAJ
        368 n78 6 MAJ
        369 n79 2 AND
        370 n80 7 MAJ
        371 n81 9 MAJ
        372 n82 10 MAJ
        373 n83 12 AND
        374 n84 13 OR
        375 n85 14 MAJ
        376 n86 3 AND
        377 n87 4 MAJ
        378 n88 5 OR
        379 n89 6 MAJ
        380 n90 6 MAJ
        381 n91 7 MAJ
        382 n92 2 AND
        383 n93 3 MAJ
        384 n94 4 OR
        385 n95 5 MAJ
        386 n96 5 MAJ
        387 n97 6 MAJ
        388 n98 2 AND
        389 n99 7 MAJ
        390 v1 15 VIR
        391 v10 15 VIR
        392 v100 1 VIR
        393 v101 1 VIR
        394 v102 1 VIR
        395 v103 1 VIR
        396 v104 1 VIR
        397 v105 1 VIR
        398 v106 1 VIR
        399 v107 1 VIR
        400 v108 1 VIR
        401 v109 1 VIR
        402 v11 15 VIR
        403 v110 1 VIR
        404 v111 1 VIR
        405 v112 1 VIR
        406 v113 16 VIR
        407 v114 16 VIR
        408 v12 7 VIR
        409 v13 7 VIR
        410 v14 15 VIR
        411 v15 15 VIR
        412 v16 15 VIR
        413 v17 15 VIR
        414 v18 15 VIR
        415 v19 15 VIR
        416 v2 15 VIR
        417 v20 15 VIR
        418 v21 15 VIR
        419 v22 15 VIR
        420 v23 21 VIR
        421 v24 24 VIR
        422 v25 21 VIR
        423 v26 24 VIR
        424 v27 24 VIR
        425 v28 24 VIR
        426 v29 20 VIR
        427 v3 15 VIR
        428 v30 18 VIR
        429 v31 22 VIR
        430 v32 18 VIR
        431 v33 22 VIR
        432 v34 23 VIR
        433 v35 23 VIR
        434 v36 7 VIR
        435 v37 7 VIR
        436 v38 15 VIR
        437 v39 15 VIR
        438 v4 15 VIR
        439 v40 15 VIR
        440 v41 7 VIR
        441 v42 15 VIR
        442 v43 15 VIR
        443 v44 15 VIR
        444 v45 7 VIR
        445 v46 1 VIR
        446 v47 1 VIR
        447 v48 1 VIR
        448 v49 1 VIR
        449 v5 15 VIR
        450 v50 1 VIR
        451 v51 1 VIR
        452 v52 1 VIR
        453 v53 1 VIR
        454 v54 1 VIR
        455 v55 1 VIR
        456 v56 1 VIR
        457 v57 1 VIR
        458 v58 1 VIR
        459 v59 1 VIR
        460 v6 15 VIR
        461 v60 1 VIR
        462 v61 1 VIR
        463 v62 1 VIR
        464 v63 1 VIR
        465 v64 1 VIR
        466 v65 1 VIR
        467 v66 1 VIR
        468 v67 1 VIR
        469 v68 1 VIR
        470 v69 1 VIR
        471 v7 7 VIR
        472 v70 1 VIR
        473 v71 1 VIR
        474 v72 1 VIR
        475 v73 1 VIR
        476 v74 1 VIR
        477 v75 1 VIR
        478 v76 1 VIR
        479 v77 1 VIR
        480 v78 1 VIR
        481 v79 1 VIR
        482 v8 7 VIR
        483 v80 1 VIR
        484 v81 1 VIR
        485 v82 1 VIR
        486 v83 1 VIR
        487 v84 1 VIR
        488 v85 1 VIR
        489 v86 1 VIR
        490 v87 1 VIR
        491 v88 1 VIR
        492 v89 1 VIR
        493 v9 15 VIR
        494 v90 1 VIR
        495 v91 1 VIR
        496 v92 1 VIR
        497 v93 1 VIR
        498 v94 1 VIR
        499 v95 1 VIR
        500 v96 1 VIR
        501 v97 1 VIR
        502 v98 1 VIR
        503 v99 1 VIR
        504 not1 1 INV
        505 not2 1 INV
        506 not3 1 INV
        507 not4 1 INV
        508 not5 1 INV
        509 not6 1 INV
        510 not7 1 INV
        511 not8 1 INV
        512 not9 1 INV
        513 not10 1 INV
        514 not11 2 INV
        515 not12 2 INV
        516 not13 2 INV
        517 not14 2 INV
        518 not15 2 INV
        519 not16 2 INV
        520 not17 2 INV
        521 not18 2 INV
        522 not19 2 INV
        523 not20 2 INV
        524 not21 2 INV
        525 not22 2 INV
        526 not23 2 INV
        527 not24 2 INV
        528 not25 2 INV
        529 not26 2 INV
        530 not27 2 INV
        531 not28 2 INV
        532 not29 2 INV
        533 not30 2 INV
        534 not31 2 INV
        535 not32 2 INV
        536 not33 2 INV
        537 not34 2 INV
        538 not35 1 INV
        539 not36 2 INV
        540 not37 1 INV
        541 not38 2 INV
        542 not39 2 INV
        543 not40 2 INV
        544 not41 2 INV
        545 not42 2 INV
        546 not43 1 INV
        547 not44 2 INV
        548 not45 1 INV
        549 not46 2 INV
        550 not47 2 INV
        551 not48 2 INV
        552 not49 1 INV
        553 not50 2 INV
        554 not51 1 INV
        555 not52 2 INV
        556 not53 5 INV
        557 not54 2 INV
        558 not55 2 INV
        559 not56 5 INV
        560 not57 5 INV
        561 not58 2 INV
        562 not59 2 INV
        563 not60 5 INV
        564 not61 5 INV
        565 not62 2 INV
        566 not63 2 INV
        567 not64 2 INV
        568 not65 2 INV
        569 not66 2 INV
        570 not67 2 INV
        571 not68 5 INV
        572 not69 5 INV
        573 not70 5 INV
        574 not71 5 INV
        575 not72 2 INV
        576 not73 2 INV
        577 not74 5 INV
        578 not75 3 INV
        579 not76 6 INV
        580 not77 3 INV
        581 not78 6 INV
        582 not79 3 INV
        583 not80 6 INV
        584 not81 3 INV
        585 not82 6 INV
        586 not83 3 INV
        587 not84 6 INV
        588 not85 3 INV
        589 not86 3 INV
        590 not87 6 INV
        591 not88 3 INV
        592 not89 8 INV
        593 not90 8 INV
        594 not91 8 INV
        595 not92 8 INV
        596 not93 8 INV
        597 not94 8 INV
        598 not95 8 INV
        599 not96 8 INV
        600 not97 8 INV
        601 not98 8 INV
        602 not99 8 INV
        603 not100 8 INV
        604 not101 8 INV
        605 not102 8 INV
        606 not103 8 INV
        607 not104 8 INV
        608 not105 11 INV
        609 not106 11 INV
        610 not107 11 INV
        611 not108 11 INV
        612 not109 11 INV
        613 not110 11 INV
        614 not111 11 INV
        615 not112 11 INV
        616 not113 8 INV
        617 not114 7 INV
        618 not115 8 INV
        619 not116 8 INV
        620 not117 8 INV
        621 not118 8 INV
        622 not119 8 INV
        623 not120 7 INV
        624 not121 16 INV
        625 not122 16 INV
        626 not123 16 INV
        627 not124 16 INV
        628 not125 16 INV
        629 not126 16 INV
        630 not127 16 INV
        631 not128 16 INV
        632 not129 16 INV
        633 not130 17 INV
        634 not131 16 INV
        635 not132 17 INV
        636 not133 17 INV
        637 not134 16 INV
        638 not135 17 INV
        639 not136 21 INV
        640 not137 18 INV
        641 not138 21 INV
        642 not139 18 INV
        643 not140 18 INV
        644 not141 18 INV
        645 not142 22 INV
        646 not143 22 INV
        647 not144 18 INV
        648 not145 18 INV
        649 not146 26 INV
        650 not147 26 INV
        651 not148 26 INV
        652 not149 26 INV
        653 not150 26 INV
        654 not151 26 INV
        655 not152 26 INV
        656 not153 26 INV
        657 not154 24 INV
        658 not155 24 INV
        659 not156 24 INV
        660 not157 24 INV
        661 not158 26 INV
        662 not159 26 INV
        663 not160 27 INV
        664 not161 27 INV
        665 not162 26 INV
        666 not163 26 INV
        667 not164 27 INV
        668 not165 27 INV
        669 not166 26 INV
        670 not167 26 INV
        671 not168 27 INV
        672 not169 27 INV
        673 not170 26 INV
        674 not171 26 INV
        675 not172 27 INV
        676 not173 27 INV
        677 not174 24 INV
        678 not175 24 INV
        679 not176 25 INV
        680 not177 25 INV
        681 not178 24 INV
        682 not179 24 INV
        683 not180 25 INV
        684 not181 25 INV
        685 not182 25 INV
        686 not183 25 INV
        687 not184 25 INV
        688 not185 25 INV
        689 not186 27 INV
        690 not187 27 INV
        691 not188 27 INV
        692 not189 27 INV
        693 not190 27 INV
        694 not191 27 INV
        695 not192 27 INV
        696 not193 27 INV
        697 not194 25 INV
        698 not195 25 INV
        699 not196 25 INV
        700 not197 25 INV
        701 not198 25 INV
        702 not199 25 INV
        703 not200 26 INV
        704 not201 26 INV
        705 not202 25 INV
        706 not203 25 INV
        707 not204 26 INV
        708 not205 26 INV
        709 not206 26 INV
        710 not207 26 INV
        711 not208 26 INV
        712 not209 26 INV
    ]
    edge:
    [
        10 504
        504 79
        2 79
        7 505
        505 104
        5 104
        15 506
        506 110
        13 110
        3 507
        507 129
        1 129
        11 508
        508 135
        9 135
        19 509
        509 338
        17 338
        23 510
        510 344
        21 344
        12 511
        511 357
        4 357
        31 512
        512 363
        29 363
        27 513
        513 382
        25 382
        41 392
        41 393
        41 394
        6 395
        6 396
        7 397
        7 398
        8 399
        8 400
        9 401
        9 403
        10 404
        10 405
        1 445
        1 446
        2 447
        2 448
        11 450
        11 451
        12 452
        12 453
        13 454
        13 455
        14 456
        14 457
        15 458
        15 459
        16 461
        16 462
        17 463
        17 464
        18 465
        18 466
        19 467
        19 468
        20 469
        20 470
        3 472
        3 473
        21 474
        21 475
        22 476
        22 477
        23 478
        23 479
        24 480
        24 481
        25 483
        25 484
        26 485
        26 486
        27 487
        27 488
        28 489
        28 490
        29 491
        29 492
        30 494
        30 495
        4 496
        4 497
        31 498
        31 499
        32 500
        32 501
        5 502
        5 503
        447 514
        514 80
        404 80
        79 80
        34 85
        392 85
        489 515
        515 98
        469 98
        502 516
        516 105
        397 105
        104 105
        454 517
        517 111
        458 111
        110 111
        40 116
        393 116
        487 518
        518 123
        467 123
        445 519
        519 130
        472 130
        129 130
        401 520
        520 136
        450 136
        135 136
        39 141
        393 141
        483 521
        521 148
        463 148
        37 154
        394 154
        485 522
        522 161
        465 161
        38 167
        394 167
        401 523
        523 332
        445 332
        463 524
        524 339
        467 339
        338 339
        474 525
        525 345
        478 345
        344 345
        33 350
        392 350
        496 526
        526 358
        452 358
        357 358
        491 527
        527 364
        498 364
        363 364
        36 369
        393 369
        450 528
        528 376
        472 376
        483 529
        529 383
        487 383
        382 383
        35 388
        392 388
        79 81
        80 81
        469 530
        530 99
        489 99
        98 99
        104 106
        105 106
        110 112
        111 112
        467 531
        531 124
        487 124
        123 124
        129 131
        130 131
        135 137
        136 137
        463 532
        532 149
        483 149
        148 149
        465 533
        533 162
        485 162
        161 162
        445 534
        534 333
        401 333
        332 333
        338 340
        339 340
        344 346
        345 346
        357 359
        358 359
        363 365
        364 365
        472 535
        535 377
        450 377
        376 377
        382 384
        383 384
        456 536
        536 82
        395 82
        81 82
        395 537
        537 83
        456 83
        81 83
        98 100
        99 100
        8 538
        538 107
        6 107
        106 107
        395 539
        539 108
        399 108
        106 108
        16 540
        540 113
        14 113
        112 113
        456 541
        541 114
        461 114
        112 114
        123 125
        124 125
        496 542
        542 132
        447 132
        131 132
        447 543
        543 133
        496 133
        131 133
        452 544
        544 138
        404 138
        137 138
        404 545
        545 139
        452 139
        137 139
        148 150
        149 150
        161 163
        162 163
        332 334
        333 334
        20 546
        546 341
        18 341
        340 341
        465 547
        547 342
        469 342
        340 342
        24 548
        548 347
        22 347
        346 347
        476 549
        549 348
        480 348
        346 348
        461 550
        550 360
        399 360
        359 360
        399 551
        551 361
        461 361
        359 361
        32 552
        552 366
        30 366
        365 366
        494 553
        553 367
        500 367
        365 367
        376 378
        377 378
        28 554
        554 385
        26 385
        384 385
        485 555
        555 386
        489 386
        384 386
        81 556
        556 84
        82 84
        83 84
        500 557
        557 101
        480 101
        100 101
        480 558
        558 102
        500 102
        100 102
        106 559
        559 109
        107 109
        108 109
        112 560
        560 115
        113 115
        114 115
        498 561
        561 126
        478 126
        125 126
        478 562
        562 127
        498 127
        125 127
        131 563
        563 134
        132 134
        133 134
        137 564
        564 140
        138 140
        139 140
        491 565
        565 151
        474 151
        150 151
        474 566
        566 152
        491 152
        150 152
        494 567
        567 164
        476 164
        163 164
        476 568
        568 165
        494 165
        163 165
        454 569
        569 335
        502 335
        334 335
        502 570
        570 336
        454 336
        334 336
        340 571
        571 343
        341 343
        342 343
        346 572
        572 349
        347 349
        348 349
        359 573
        573 362
        360 362
        361 362
        365 574
        574 368
        366 368
        367 368
        458 575
        575 379
        397 379
        378 379
        397 576
        576 380
        458 380
        378 380
        384 577
        577 387
        385 387
        386 387
        85 578
        578 86
        368 86
        387 86
        100 579
        579 103
        101 103
        102 103
        116 580
        580 117
        109 117
        115 117
        125 581
        581 128
        126 128
        127 128
        141 582
        582 142
        134 142
        140 142
        150 583
        583 153
        151 153
        152 153
        154 584
        584 155
        109 155
        134 155
        163 585
        585 166
        164 166
        165 166
        167 586
        586 168
        115 168
        140 168
        334 587
        587 337
        335 337
        336 337
        350 588
        588 351
        343 351
        349 351
        369 589
        589 370
        349 370
        368 370
        378 590
        590 381
        379 381
        380 381
        388 591
        591 389
        343 389
        387 389
        134 408
        140 409
        343 434
        349 435
        368 440
        387 444
        109 471
        115 482
        444 592
        592 74
        388 74
        389 74
        444 593
        593 87
        85 87
        86 87
        482 594
        594 118
        116 118
        117 118
        409 595
        595 143
        141 143
        142 143
        408 596
        596 156
        154 156
        155 156
        409 597
        597 169
        167 169
        168 169
        435 598
        598 352
        350 352
        351 352
        440 599
        599 371
        369 371
        370 371
        434 600
        600 75
        389 75
        74 75
        440 601
        601 88
        86 88
        87 88
        471 602
        602 119
        117 119
        118 119
        408 603
        603 144
        142 144
        143 144
        471 604
        604 157
        155 157
        156 157
        482 605
        605 170
        168 170
        169 170
        434 606
        606 353
        351 353
        352 353
        435 607
        607 372
        370 372
        371 372
        75 608
        608 76
        381 76
        88 609
        609 89
        84 89
        119 610
        610 120
        103 120
        144 611
        611 145
        128 145
        157 612
        612 158
        153 158
        170 613
        613 171
        166 171
        353 614
        614 354
        337 354
        372 615
        615 373
        362 373
        75 77
        76 77
        88 90
        89 90
        119 121
        120 121
        144 146
        145 146
        157 159
        158 159
        170 172
        171 172
        353 355
        354 355
        372 374
        373 374
        381 616
        616 78
        76 78
        77 78
        84 617
        617 91
        89 91
        90 91
        103 618
        618 122
        120 122
        121 122
        128 619
        619 147
        145 147
        146 147
        153 620
        620 160
        158 160
        159 160
        166 621
        621 173
        171 173
        172 173
        337 622
        622 356
        354 356
        355 356
        362 623
        623 375
        373 375
        374 375
        78 390
        122 391
        122 402
        147 410
        147 411
        147 412
        160 413
        160 414
        160 415
        78 416
        173 417
        173 418
        173 419
        78 427
        356 436
        356 437
        91 438
        356 439
        375 441
        375 442
        375 443
        91 449
        91 460
        122 493
        436 92
        390 92
        438 92
        441 93
        390 93
        438 93
        441 624
        624 94
        436 94
        438 94
        436 625
        625 95
        441 95
        390 95
        418 626
        626 174
        414 174
        414 627
        627 213
        418 213
        449 628
        628 250
        437 250
        493 251
        413 251
        417 251
        410 252
        413 252
        417 252
        410 629
        629 253
        493 253
        417 253
        442 630
        630 257
        416 257
        416 631
        631 276
        442 276
        437 632
        632 295
        449 295
        410 406
        411 407
        93 633
        633 96
        94 96
        95 96
        493 634
        634 254
        406 254
        413 254
        257 428
        276 430
        92 635
        635 97
        96 97
        252 636
        636 255
        253 255
        254 255
        391 637
        637 175
        97 175
        97 194
        391 194
        251 638
        638 256
        255 256
        175 639
        639 176
        406 176
        174 176
        174 640
        640 195
        411 195
        194 195
        175 641
        641 214
        411 214
        213 214
        213 642
        642 232
        407 232
        194 232
        257 643
        643 258
        250 258
        256 258
        276 644
        644 277
        250 277
        256 277
        175 420
        194 422
        256 426
        420 177
        176 177
        195 645
        645 196
        422 196
        420 215
        214 215
        232 646
        646 233
        422 233
        428 259
        258 259
        430 278
        277 278
        257 647
        647 296
        426 296
        295 296
        276 648
        648 314
        426 314
        295 314
        437 178
        177 178
        449 182
        177 182
        439 197
        196 197
        460 201
        196 201
        439 216
        215 216
        460 220
        215 220
        439 234
        233 234
        460 238
        233 238
        414 260
        259 260
        418 264
        259 264
        415 279
        278 279
        419 283
        278 283
        428 297
        296 297
        430 315
        314 315
        177 421
        196 423
        215 424
        233 425
        259 429
        278 431
        446 179
        178 179
        448 183
        182 183
        416 186
        421 186
        442 190
        421 190
        503 198
        197 198
        396 202
        201 202
        427 205
        423 205
        443 209
        423 209
        403 217
        216 217
        405 221
        220 221
        427 224
        424 224
        443 228
        424 228
        455 235
        234 235
        457 239
        238 239
        427 242
        425 242
        443 246
        425 246
        464 261
        260 261
        466 265
        264 265
        407 268
        429 268
        391 272
        429 272
        475 280
        279 280
        477 284
        283 284
        412 287
        431 287
        402 291
        431 291
        415 298
        297 298
        419 302
        297 302
        415 316
        315 316
        419 320
        315 320
        297 432
        315 433
        179 649
        649 180
        446 180
        183 650
        650 184
        448 184
        473 187
        186 187
        497 191
        190 191
        198 651
        651 199
        503 199
        202 652
        652 203
        396 203
        398 206
        205 206
        400 210
        209 210
        217 653
        653 218
        403 218
        221 654
        654 222
        405 222
        451 225
        224 225
        453 229
        228 229
        235 655
        655 236
        455 236
        239 656
        656 240
        457 240
        459 243
        242 243
        462 247
        246 247
        261 657
        657 262
        464 262
        265 658
        658 266
        466 266
        468 269
        268 269
        470 273
        272 273
        280 659
        659 281
        475 281
        284 660
        660 285
        477 285
        479 288
        287 288
        481 292
        291 292
        484 299
        298 299
        486 303
        302 303
        412 306
        432 306
        402 310
        432 310
        492 317
        316 317
        495 321
        320 321
        412 324
        433 324
        402 328
        433 328
        179 661
        661 181
        178 181
        180 181
        183 662
        662 185
        182 185
        184 185
        187 663
        663 188
        473 188
        191 664
        664 192
        497 192
        198 665
        665 200
        197 200
        199 200
        202 666
        666 204
        201 204
        203 204
        206 667
        667 207
        398 207
        210 668
        668 211
        400 211
        217 669
        669 219
        216 219
        218 219
        221 670
        670 223
        220 223
        222 223
        225 671
        671 226
        451 226
        229 672
        672 230
        453 230
        235 673
        673 237
        234 237
        236 237
        239 674
        674 241
        238 241
        240 241
        243 675
        675 244
        459 244
        247 676
        676 248
        462 248
        261 677
        677 263
        260 263
        262 263
        265 678
        678 267
        264 267
        266 267
        269 679
        679 270
        468 270
        273 680
        680 274
        470 274
        280 681
        681 282
        279 282
        281 282
        284 682
        682 286
        283 286
        285 286
        288 683
        683 289
        479 289
        292 684
        684 293
        481 293
        299 685
        685 300
        484 300
        303 686
        686 304
        486 304
        488 307
        306 307
        490 311
        310 311
        317 687
        687 318
        492 318
        321 688
        688 322
        495 322
        499 325
        324 325
        501 329
        328 329
        187 689
        689 189
        186 189
        188 189
        191 690
        690 193
        190 193
        192 193
        206 691
        691 208
        205 208
        207 208
        210 692
        692 212
        209 212
        211 212
        225 693
        693 227
        224 227
        226 227
        229 694
        694 231
        228 231
        230 231
        243 695
        695 245
        242 245
        244 245
        247 696
        696 249
        246 249
        248 249
        269 697
        697 271
        268 271
        270 271
        273 698
        698 275
        272 275
        274 275
        288 699
        699 290
        287 290
        289 290
        292 700
        700 294
        291 294
        293 294
        299 701
        701 301
        298 301
        300 301
        303 702
        702 305
        302 305
        304 305
        307 703
        703 308
        488 308
        311 704
        704 312
        490 312
        317 705
        705 319
        316 319
        318 319
        321 706
        706 323
        320 323
        322 323
        325 707
        707 326
        499 326
        329 708
        708 330
        501 330
        307 709
        709 309
        306 309
        308 309
        311 710
        710 313
        310 313
        312 313
        325 711
        711 327
        324 327
        326 327
        329 712
        712 331
        328 331
        330 331
        181 42
        185 43
        189 44
        193 45
        200 46
        204 47
        208 48
        212 49
        219 50
        223 51
        227 52
        231 53
        237 54
        241 55
        245 56
        249 57
        263 58
        267 59
        271 60
        275 61
        282 62
        286 63
        290 64
        294 65
        301 66
        305 67
        309 68
        313 69
        319 70
        323 71
        327 72
        331 73
    ]
]
