circuit_name:c1908new_processed
[
    node:
    [
        1 x0 0 PI
        2 x1 0 PI
        3 x2 0 PI
        4 x3 0 PI
        5 x4 0 PI
        6 x5 0 PI
        7 x6 0 PI
        8 x7 0 PI
        9 x8 0 PI
        10 x9 0 PI
        11 x10 0 PI
        12 x11 0 PI
        13 x12 0 PI
        14 x13 0 PI
        15 x14 0 PI
        16 x15 0 PI
        17 x16 0 PI
        18 x17 0 PI
        19 x18 0 PI
        20 x19 0 PI
        21 x20 0 PI
        22 x21 0 PI
        23 x22 0 PI
        24 x23 0 PI
        25 x24 0 PI
        26 x25 0 PI
        27 x26 0 PI
        28 x27 0 PI
        29 x28 0 PI
        30 x29 0 PI
        31 x30 0 PI
        32 x31 0 PI
        33 x32 0 PI
        34 y0 32 PO
        35 y1 33 PO
        36 y2 34 PO
        37 y3 32 PO
        38 y4 32 PO
        39 y5 33 PO
        40 y6 32 PO
        41 y7 30 PO
        42 y8 30 PO
        43 y9 30 PO
        44 y10 31 PO
        45 y11 29 PO
        46 y12 32 PO
        47 y13 32 PO
        48 y14 33 PO
        49 y15 33 PO
        50 y16 42 PO
        51 y17 42 PO
        52 y18 42 PO
        53 y19 42 PO
        54 y20 42 PO
        55 y21 42 PO
        56 y22 43 PO
        57 y23 42 PO
        58 y24 45 PO
        59 n100 16 MAJ
        60 n101 4 AND
        61 n102 5 AND
        62 n103 6 MAJ
        63 n104 7 MAJ
        64 n105 8 MAJ
        65 n106 3 MAJ
        66 n107 4 MAJ
        67 n108 5 MAJ
        68 n109 3 AND
        69 n110 4 MAJ
        70 n111 5 OR
        71 n112 8 MAJ
        72 n113 7 MAJ
        73 n114 9 MAJ
        74 n115 3 AND
        75 n116 4 MAJ
        76 n117 5 OR
        77 n118 11 MAJ
        78 n119 10 MAJ
        79 n120 12 MAJ
        80 n121 13 MAJ
        81 n122 14 AND
        82 n123 15 MAJ
        83 n124 16 AND
        84 n125 17 MAJ
        85 n126 19 AND
        86 n127 3 OR
        87 n128 4 AND
        88 n129 4 AND
        89 n130 6 MAJ
        90 n131 7 MAJ
        91 n132 8 MAJ
        92 n133 3 MAJ
        93 n134 4 MAJ
        94 n135 5 MAJ
        95 n136 2 MAJ
        96 n137 3 MAJ
        97 n138 4 MAJ
        98 n139 7 AND
        99 n140 8 MAJ
        100 n141 9 OR
        101 n142 10 MAJ
        102 n143 10 MAJ
        103 n144 11 MAJ
        104 n145 13 AND
        105 n146 14 MAJ
        106 n147 15 MAJ
        107 n148 3 MAJ
        108 n149 16 MAJ
        109 n150 17 AND
        110 n151 18 AND
        111 n152 19 MAJ
        112 n153 4 AND
        113 n154 6 AND
        114 n155 3 MAJ
        115 n156 4 MAJ
        116 n157 5 MAJ
        117 n158 4 AND
        118 n159 5 MAJ
        119 n160 6 MAJ
        120 n161 7 MAJ
        121 n162 7 AND
        122 n163 8 MAJ
        123 n164 9 OR
        124 n165 10 MAJ
        125 n166 11 MAJ
        126 n167 12 MAJ
        127 n168 13 AND
        128 n169 14 AND
        129 n170 15 OR
        130 n171 16 MAJ
        131 n172 20 AND
        132 n173 21 MAJ
        133 n174 23 AND
        134 n175 20 AND
        135 n176 25 MAJ
        136 n177 26 AND
        137 n178 27 AND
        138 n179 29 AND
        139 n180 31 MAJ
        140 n181 18 AND
        141 n182 19 OR
        142 n183 24 AND
        143 n184 25 MAJ
        144 n185 27 AND
        145 n186 28 AND
        146 n187 30 AND
        147 n188 32 MAJ
        148 n189 20 AND
        149 n190 26 MAJ
        150 n191 28 AND
        151 n192 29 AND
        152 n193 31 AND
        153 n194 33 MAJ
        154 n195 19 AND
        155 n196 25 MAJ
        156 n197 26 AND
        157 n198 27 AND
        158 n199 29 AND
        159 n200 31 MAJ
        160 n201 4 AND
        161 n202 5 AND
        162 n203 6 AND
        163 n204 9 MAJ
        164 n205 18 AND
        165 n206 24 AND
        166 n207 25 AND
        167 n208 26 AND
        168 n209 27 AND
        169 n210 29 AND
        170 n211 31 MAJ
        171 n212 25 AND
        172 n213 19 AND
        173 n214 26 MAJ
        174 n215 27 AND
        175 n216 28 AND
        176 n217 30 AND
        177 n218 32 MAJ
        178 n219 26 AND
        179 n220 27 AND
        180 n221 29 AND
        181 n222 31 MAJ
        182 n223 2 AND
        183 n224 4 AND
        184 n225 17 MAJ
        185 n226 20 AND
        186 n227 21 AND
        187 n228 21 AND
        188 n229 23 MAJ
        189 n230 24 AND
        190 n231 25 AND
        191 n232 27 AND
        192 n233 29 MAJ
        193 n234 23 MAJ
        194 n235 24 AND
        195 n236 25 AND
        196 n237 27 AND
        197 n238 29 MAJ
        198 n239 23 MAJ
        199 n240 24 AND
        200 n241 25 AND
        201 n242 27 AND
        202 n243 29 MAJ
        203 n244 23 AND
        204 n245 18 AND
        205 n246 24 MAJ
        206 n247 25 AND
        207 n248 26 AND
        208 n249 28 AND
        209 n250 30 MAJ
        210 n251 20 AND
        211 n252 22 MAJ
        212 n253 23 AND
        213 n254 24 AND
        214 n255 26 AND
        215 n256 28 MAJ
        216 n257 3 AND
        217 n258 4 AND
        218 n259 21 MAJ
        219 n260 23 AND
        220 n261 24 AND
        221 n262 21 AND
        222 n263 25 MAJ
        223 n264 26 AND
        224 n265 27 AND
        225 n266 29 AND
        226 n267 31 MAJ
        227 n268 21 AND
        228 n269 25 MAJ
        229 n270 26 AND
        230 n271 27 AND
        231 n272 29 AND
        232 n273 31 MAJ
        233 n274 21 AND
        234 n275 26 MAJ
        235 n276 27 AND
        236 n277 28 AND
        237 n278 30 AND
        238 n279 32 MAJ
        239 n280 26 MAJ
        240 n281 27 AND
        241 n282 28 AND
        242 n283 30 AND
        243 n284 32 MAJ
        244 n285 21 MAJ
        245 n286 22 OR
        246 n287 21 OR
        247 n288 23 MAJ
        248 n289 24 OR
        249 n290 25 OR
        250 n291 26 AND
        251 n292 22 AND
        252 n293 23 MAJ
        253 n294 25 AND
        254 n295 19 AND
        255 n296 20 MAJ
        256 n297 21 AND
        257 n298 21 OR
        258 n299 23 MAJ
        259 n300 24 AND
        260 n301 22 OR
        261 n302 25 AND
        262 n303 26 AND
        263 n304 22 AND
        264 n305 23 MAJ
        265 n306 25 AND
        266 n307 20 AND
        267 n308 23 MAJ
        268 n309 25 AND
        269 n310 21 AND
        270 n311 24 MAJ
        271 n312 26 AND
        272 n313 26 AND
        273 n314 27 MAJ
        274 n315 28 AND
        275 n316 26 OR
        276 n317 29 MAJ
        277 n318 30 OR
        278 n319 26 AND
        279 n320 28 AND
        280 n321 31 MAJ
        281 n322 32 OR
        282 n323 33 MAJ
        283 n324 28 OR
        284 n325 30 MAJ
        285 n326 31 OR
        286 n327 25 OR
        287 n328 32 MAJ
        288 n329 33 OR
        289 n330 34 OR
        290 n331 27 OR
        291 n332 29 MAJ
        292 n333 30 OR
        293 n334 28 OR
        294 n335 31 MAJ
        295 n336 32 OR
        296 n337 33 OR
        297 n338 35 OR
        298 n339 38 AND
        299 n34 3 AND
        300 n340 39 AND
        301 n341 40 MAJ
        302 n342 36 AND
        303 n343 37 AND
        304 n344 3 AND
        305 n345 38 MAJ
        306 n346 39 MAJ
        307 n347 40 MAJ
        308 n348 41 AND
        309 n349 37 AND
        310 n35 4 AND
        311 n350 38 AND
        312 n351 40 AND
        313 n352 39 MAJ
        314 n353 41 MAJ
        315 n354 38 AND
        316 n355 40 AND
        317 n356 39 MAJ
        318 n357 41 MAJ
        319 n358 38 AND
        320 n359 40 AND
        321 n36 3 AND
        322 n360 39 MAJ
        323 n361 41 MAJ
        324 n362 37 AND
        325 n363 38 AND
        326 n364 40 AND
        327 n365 39 MAJ
        328 n366 41 MAJ
        329 n367 35 OR
        330 n368 13 OR
        331 n369 15 MAJ
        332 n37 5 MAJ
        333 n370 35 MAJ
        334 n371 37 MAJ
        335 n372 4 MAJ
        336 n373 38 MAJ
        337 n374 39 AND
        338 n375 40 AND
        339 n376 41 MAJ
        340 n377 11 MAJ
        341 n378 12 MAJ
        342 n379 13 MAJ
        343 n38 7 AND
        344 n380 34 OR
        345 n381 14 OR
        346 n382 16 MAJ
        347 n383 34 MAJ
        348 n384 36 MAJ
        349 n385 4 MAJ
        350 n386 37 MAJ
        351 n387 38 AND
        352 n388 39 AND
        353 n389 40 MAJ
        354 n39 5 AND
        355 n390 36 AND
        356 n391 37 AND
        357 n392 38 MAJ
        358 n393 40 MAJ
        359 n394 41 MAJ
        360 n395 43 AND
        361 n396 42 MAJ
        362 n397 44 MAJ
        363 n40 6 AND
        364 n41 8 MAJ
        365 n42 3 MAJ
        366 n43 4 MAJ
        367 n44 5 MAJ
        368 n45 3 AND
        369 n46 4 MAJ
        370 n47 5 OR
        371 n48 7 MAJ
        372 n49 6 MAJ
        373 n50 8 MAJ
        374 n51 4 AND
        375 n52 5 AND
        376 n53 10 MAJ
        377 n54 11 MAJ
        378 n55 12 MAJ
        379 n56 13 AND
        380 n57 14 AND
        381 n58 15 OR
        382 n59 16 MAJ
        383 n60 3 MAJ
        384 n61 4 MAJ
        385 n62 5 MAJ
        386 n63 3 AND
        387 n64 4 AND
        388 n65 5 MAJ
        389 n66 6 MAJ
        390 n67 7 MAJ
        391 n68 8 MAJ
        392 n69 9 MAJ
        393 n70 10 MAJ
        394 n71 3 AND
        395 n72 4 MAJ
        396 n73 5 OR
        397 n74 12 MAJ
        398 n75 11 MAJ
        399 n76 13 MAJ
        400 n77 14 AND
        401 n78 15 AND
        402 n79 16 OR
        403 n80 17 MAJ
        404 n81 18 OR
        405 n82 3 AND
        406 n83 4 MAJ
        407 n84 5 OR
        408 n85 8 MAJ
        409 n86 7 MAJ
        410 n87 9 MAJ
        411 n88 4 AND
        412 n89 5 AND
        413 n90 6 MAJ
        414 n91 8 MAJ
        415 n92 9 MAJ
        416 n93 10 AND
        417 n94 12 AND
        418 n95 13 MAJ
        419 n96 3 AND
        420 n97 3 MAJ
        421 n98 14 MAJ
        422 n99 15 AND
        423 v1 17 VIR
        424 v10 5 VIR
        425 v100 1 VIR
        426 v101 1 VIR
        427 v102 1 VIR
        428 v103 1 VIR
        429 v104 1 VIR
        430 v105 1 VIR
        431 v106 1 VIR
        432 v107 1 VIR
        433 v108 1 VIR
        434 v109 1 VIR
        435 v11 9 VIR
        436 v110 1 VIR
        437 v111 1 VIR
        438 v112 1 VIR
        439 v113 2 VIR
        440 v114 2 VIR
        441 v115 2 VIR
        442 v116 2 VIR
        443 v117 2 VIR
        444 v118 2 VIR
        445 v119 2 VIR
        446 v12 5 VIR
        447 v120 2 VIR
        448 v121 2 VIR
        449 v122 2 VIR
        450 v123 2 VIR
        451 v124 2 VIR
        452 v13 12 VIR
        453 v14 12 VIR
        454 v15 12 VIR
        455 v16 20 VIR
        456 v17 13 VIR
        457 v18 17 VIR
        458 v19 24 VIR
        459 v2 9 VIR
        460 v20 21 VIR
        461 v21 21 VIR
        462 v22 19 VIR
        463 v23 19 VIR
        464 v24 20 VIR
        465 v25 20 VIR
        466 v26 20 VIR
        467 v27 25 VIR
        468 v28 21 VIR
        469 v29 10 VIR
        470 v3 6 VIR
        471 v30 10 VIR
        472 v31 22 VIR
        473 v32 22 VIR
        474 v33 21 VIR
        475 v34 25 VIR
        476 v35 23 VIR
        477 v36 22 VIR
        478 v37 36 VIR
        479 v38 4 VIR
        480 v39 4 VIR
        481 v4 6 VIR
        482 v40 14 VIR
        483 v41 8 VIR
        484 v42 8 VIR
        485 v43 9 VIR
        486 v44 13 VIR
        487 v45 17 VIR
        488 v46 6 VIR
        489 v47 14 VIR
        490 v48 18 VIR
        491 v49 19 VIR
        492 v5 10 VIR
        493 v50 19 VIR
        494 v51 14 VIR
        495 v52 1 VIR
        496 v53 1 VIR
        497 v54 1 VIR
        498 v55 1 VIR
        499 v56 1 VIR
        500 v57 1 VIR
        501 v58 1 VIR
        502 v59 1 VIR
        503 v6 13 VIR
        504 v60 1 VIR
        505 v61 1 VIR
        506 v62 1 VIR
        507 v63 1 VIR
        508 v64 1 VIR
        509 v65 1 VIR
        510 v66 1 VIR
        511 v67 1 VIR
        512 v68 1 VIR
        513 v69 1 VIR
        514 v7 18 VIR
        515 v70 1 VIR
        516 v71 1 VIR
        517 v72 1 VIR
        518 v73 1 VIR
        519 v74 1 VIR
        520 v75 1 VIR
        521 v76 1 VIR
        522 v77 1 VIR
        523 v78 1 VIR
        524 v79 1 VIR
        525 v8 20 VIR
        526 v80 1 VIR
        527 v81 1 VIR
        528 v82 1 VIR
        529 v83 1 VIR
        530 v84 1 VIR
        531 v85 1 VIR
        532 v86 1 VIR
        533 v87 1 VIR
        534 v88 1 VIR
        535 v89 1 VIR
        536 v9 20 VIR
        537 v90 1 VIR
        538 v91 1 VIR
        539 v92 1 VIR
        540 v93 1 VIR
        541 v94 1 VIR
        542 v95 1 VIR
        543 v96 1 VIR
        544 v97 1 VIR
        545 v98 1 VIR
        546 v99 1 VIR
        547 not1 1 INV
        548 not2 2 INV
        549 not3 2 INV
        550 not4 2 INV
        551 not5 2 INV
        552 not6 2 INV
        553 not7 2 INV
        554 not8 2 INV
        555 not9 2 INV
        556 not10 2 INV
        557 not11 2 INV
        558 not12 2 INV
        559 not13 2 INV
        560 not14 2 INV
        561 not15 2 INV
        562 not16 2 INV
        563 not17 2 INV
        564 not18 3 INV
        565 not19 2 INV
        566 not20 2 INV
        567 not21 2 INV
        568 not22 3 INV
        569 not23 2 INV
        570 not24 2 INV
        571 not25 3 INV
        572 not26 2 INV
        573 not27 3 INV
        574 not28 3 INV
        575 not29 2 INV
        576 not30 4 INV
        577 not31 3 INV
        578 not32 3 INV
        579 not33 2 INV
        580 not34 2 INV
        581 not35 3 INV
        582 not36 2 INV
        583 not37 2 INV
        584 not38 2 INV
        585 not39 3 INV
        586 not40 2 INV
        587 not41 2 INV
        588 not42 2 INV
        589 not43 5 INV
        590 not44 2 INV
        591 not45 2 INV
        592 not46 1 INV
        593 not47 1 INV
        594 not48 6 INV
        595 not49 2 INV
        596 not50 2 INV
        597 not51 2 INV
        598 not52 2 INV
        599 not53 2 INV
        600 not54 2 INV
        601 not55 2 INV
        602 not56 6 INV
        603 not57 5 INV
        604 not58 6 INV
        605 not59 2 INV
        606 not60 5 INV
        607 not61 6 INV
        608 not62 7 INV
        609 not63 2 INV
        610 not64 5 INV
        611 not65 2 INV
        612 not66 2 INV
        613 not67 6 INV
        614 not68 6 INV
        615 not69 4 INV
        616 not70 7 INV
        617 not71 2 INV
        618 not72 7 INV
        619 not73 5 INV
        620 not74 6 INV
        621 not75 7 INV
        622 not76 7 INV
        623 not77 7 INV
        624 not78 7 INV
        625 not79 9 INV
        626 not80 6 INV
        627 not81 6 INV
        628 not82 7 INV
        629 not83 10 INV
        630 not84 2 INV
        631 not85 5 INV
        632 not86 2 INV
        633 not87 6 INV
        634 not88 2 INV
        635 not89 6 INV
        636 not90 10 INV
        637 not91 10 INV
        638 not92 2 INV
        639 not93 5 INV
        640 not94 8 INV
        641 not95 11 INV
        642 not96 11 INV
        643 not97 2 INV
        644 not98 3 INV
        645 not99 11 INV
        646 not100 2 INV
        647 not101 11 INV
        648 not102 3 INV
        649 not103 14 INV
        650 not104 9 INV
        651 not105 3 INV
        652 not106 11 INV
        653 not107 1 INV
        654 not108 6 INV
        655 not109 4 INV
        656 not110 14 INV
        657 not111 4 INV
        658 not112 3 INV
        659 not113 2 INV
        660 not114 1 INV
        661 not115 14 INV
        662 not116 3 INV
        663 not117 15 INV
        664 not118 13 INV
        665 not119 15 INV
        666 not120 14 INV
        667 not121 1 INV
        668 not122 4 INV
        669 not123 14 INV
        670 not124 18 INV
        671 not125 18 INV
        672 not126 17 INV
        673 not127 5 INV
        674 not128 15 INV
        675 not129 18 INV
        676 not130 17 INV
        677 not131 18 INV
        678 not132 5 INV
        679 not133 19 INV
        680 not134 19 INV
        681 not135 18 INV
        682 not136 2 INV
        683 not137 21 INV
        684 not138 17 INV
        685 not139 5 INV
        686 not140 5 INV
        687 not141 20 INV
        688 not142 20 INV
        689 not143 21 INV
        690 not144 20 INV
        691 not145 22 INV
        692 not146 22 INV
        693 not147 21 INV
        694 not148 22 INV
        695 not149 22 INV
        696 not150 22 INV
        697 not151 22 INV
        698 not152 21 INV
        699 not153 7 INV
        700 not154 22 INV
        701 not155 24 INV
        702 not156 22 INV
        703 not157 22 INV
        704 not158 21 INV
        705 not159 20 INV
        706 not160 22 INV
        707 not161 2 INV
        708 not162 19 INV
        709 not163 2 INV
        710 not164 22 INV
        711 not165 22 INV
        712 not166 24 INV
        713 not167 24 INV
        714 not168 24 INV
        715 not169 21 INV
        716 not170 25 INV
        717 not171 26 INV
        718 not172 21 INV
        719 not173 20 INV
        720 not174 26 INV
        721 not175 2 INV
        722 not176 2 INV
        723 not177 25 INV
        724 not178 22 INV
        725 not179 22 INV
        726 not180 20 INV
        727 not181 25 INV
        728 not182 21 INV
        729 not183 2 INV
        730 not184 2 INV
        731 not185 27 INV
        732 not186 2 INV
        733 not187 2 INV
        734 not188 2 INV
        735 not189 28 INV
        736 not190 26 INV
        737 not191 26 INV
        738 not192 2 INV
        739 not193 27 INV
        740 not194 2 INV
        741 not195 2 INV
        742 not196 3 INV
        743 not197 27 INV
        744 not198 28 INV
        745 not199 29 INV
        746 not200 2 INV
        747 not201 28 INV
        748 not202 28 INV
        749 not203 2 INV
        750 not204 28 INV
        751 not205 28 INV
        752 not206 28 INV
        753 not207 27 INV
        754 not208 28 INV
        755 not209 28 INV
        756 not210 2 INV
        757 not211 2 INV
        758 not212 29 INV
        759 not213 28 INV
        760 not214 30 INV
        761 not215 31 INV
        762 not216 30 INV
        763 not217 30 INV
        764 not218 30 INV
        765 not219 29 INV
        766 not220 30 INV
        767 not221 29 INV
        768 not222 30 INV
        769 not223 30 INV
        770 not224 29 INV
        771 not225 29 INV
        772 not226 27 INV
        773 not227 32 INV
        774 not228 31 INV
        775 not229 31 INV
        776 not230 31 INV
        777 not231 26 INV
        778 not232 29 INV
        779 not233 29 INV
        780 not234 36 INV
        781 not235 35 INV
        782 not236 37 INV
        783 not237 3 INV
        784 not238 34 INV
        785 not239 38 INV
        786 not240 5 INV
        787 not241 39 INV
        788 not242 5 INV
        789 not243 38 INV
        790 not244 2 INV
        791 not245 39 INV
        792 not246 39 INV
        793 not247 4 INV
        794 not248 39 INV
        795 not249 5 INV
        796 not250 39 INV
        797 not251 5 INV
        798 not252 39 INV
        799 not253 5 INV
        800 not254 40 INV
        801 not255 39 INV
        802 not256 39 INV
        803 not257 5 INV
        804 not258 14 INV
        805 not259 15 INV
        806 not260 14 INV
        807 not261 15 INV
        808 not262 39 INV
        809 not263 42 INV
        810 not264 5 INV
        811 not265 10 INV
        812 not266 41 INV
        813 not267 42 INV
        814 not268 41 INV
    ]
    edge:
    [
        2 547
        547 95
        1 95
        3 95
        6 425
        7 426
        7 427
        7 428
        8 429
        8 430
        8 431
        9 432
        9 433
        9 434
        10 436
        10 437
        10 438
        1 495
        1 496
        2 497
        2 498
        11 499
        11 500
        11 501
        12 502
        12 504
        12 505
        13 506
        13 507
        13 508
        14 509
        14 510
        14 511
        15 512
        15 513
        15 515
        16 516
        16 517
        17 518
        18 519
        19 520
        20 521
        3 522
        3 523
        23 524
        23 526
        23 527
        24 528
        24 529
        24 530
        4 531
        4 532
        4 533
        31 534
        31 535
        31 537
        32 538
        33 539
        33 540
        33 541
        5 542
        5 543
        5 544
        6 545
        6 546
        512 548
        548 65
        436 65
        16 65
        506 549
        549 68
        499 68
        426 550
        550 74
        542 74
        545 551
        551 92
        542 92
        426 92
        495 552
        552 96
        497 96
        95 96
        502 553
        553 114
        499 114
        506 114
        20 182
        526 182
        530 554
        554 216
        519 216
        538 555
        555 304
        541 304
        540 556
        556 321
        32 321
        502 557
        557 365
        436 365
        512 365
        429 558
        558 368
        522 368
        509 559
        559 383
        432 383
        516 383
        539 560
        560 386
        18 386
        430 561
        561 394
        497 394
        437 562
        562 405
        531 405
        524 563
        563 420
        19 420
        535 420
        534 439
        534 440
        535 441
        535 442
        537 443
        537 444
        539 445
        539 447
        540 448
        540 449
        541 450
        541 451
        447 564
        564 60
        17 60
        436 565
        565 66
        512 66
        65 66
        499 566
        566 69
        506 69
        68 69
        543 567
        567 75
        427 75
        74 75
        529 86
        440 86
        445 568
        568 88
        21 88
        542 569
        569 93
        545 93
        92 93
        522 570
        570 97
        95 97
        96 97
        17 107
        528 107
        439 107
        441 571
        571 112
        526 112
        500 572
        572 115
        504 115
        114 115
        445 573
        573 117
        22 117
        442 574
        574 183
        182 183
        537 575
        575 217
        216 217
        439 299
        447 299
        321 576
        576 332
        526 332
        529 332
        449 577
        577 335
        21 335
        29 335
        449 578
        578 349
        22 349
        30 349
        437 579
        579 366
        502 366
        365 366
        522 580
        580 369
        429 369
        368 369
        447 581
        581 374
        19 374
        432 582
        582 384
        509 384
        383 384
        528 387
        386 387
        497 583
        583 395
        430 395
        394 395
        532 584
        584 406
        437 406
        405 406
        445 585
        585 411
        20 411
        520 586
        586 419
        441 419
        304 479
        304 480
        528 61
        60 61
        516 587
        587 67
        65 67
        66 67
        68 70
        69 70
        74 76
        75 76
        18 87
        86 87
        426 588
        588 94
        92 94
        93 94
        112 589
        589 113
        521 113
        507 590
        590 116
        114 116
        115 116
        509 591
        591 118
        532 118
        117 118
        30 592
        592 160
        299 160
        29 593
        593 310
        299 310
        332 594
        594 343
        321 343
        513 595
        595 367
        365 367
        366 367
        368 370
        369 370
        524 596
        596 375
        374 375
        516 597
        597 385
        383 385
        384 385
        513 598
        598 388
        386 388
        387 388
        394 396
        395 396
        405 407
        406 407
        524 599
        599 412
        411 412
        97 446
        495 600
        600 62
        60 62
        61 62
        432 601
        601 89
        67 89
        88 89
        94 602
        602 98
        531 98
        117 603
        603 119
        510 119
        118 119
        530 161
        160 161
        529 354
        310 354
        367 604
        604 371
        545 371
        370 371
        546 605
        605 372
        367 372
        370 372
        387 606
        606 389
        513 389
        388 389
        507 413
        411 413
        412 413
        87 424
        67 470
        67 481
        343 483
        343 484
        385 488
        61 607
        607 63
        495 63
        62 63
        481 608
        608 71
        504 71
        70 71
        504 609
        609 72
        481 72
        70 72
        88 610
        610 90
        433 90
        89 90
        531 611
        611 99
        94 99
        98 99
        532 612
        612 120
        118 120
        119 120
        446 613
        613 121
        470 121
        527 162
        161 162
        527 363
        354 363
        370 614
        614 373
        371 373
        372 373
        386 615
        615 390
        388 390
        389 390
        488 616
        616 408
        427 408
        407 408
        427 617
        617 409
        488 409
        407 409
        413 618
        618 414
        507 414
        412 414
        60 619
        619 64
        62 64
        63 64
        70 620
        620 73
        71 73
        72 73
        470 621
        621 91
        89 91
        90 91
        98 100
        99 100
        470 622
        622 122
        446 122
        121 122
        162 623
        623 163
        483 163
        160 163
        363 624
        624 364
        310 364
        343 364
        373 625
        625 376
        374 376
        375 376
        385 626
        626 391
        500 391
        390 391
        407 627
        627 410
        408 410
        409 410
        413 628
        628 415
        411 415
        414 415
        73 629
        629 77
        546 77
        76 77
        546 630
        630 78
        73 78
        76 78
        97 631
        631 101
        429 101
        100 101
        430 632
        632 102
        97 102
        100 102
        121 123
        122 123
        375 633
        633 377
        373 377
        376 377
        500 634
        634 392
        385 392
        391 392
        410 416
        415 416
        91 435
        64 459
        163 469
        163 471
        364 485
        73 492
        76 635
        635 79
        77 79
        78 79
        100 636
        636 103
        101 103
        102 103
        116 124
        120 124
        123 124
        123 637
        637 125
        116 125
        120 125
        510 638
        638 340
        433 340
        492 340
        374 639
        639 378
        376 378
        377 378
        390 640
        640 393
        391 393
        392 393
        416 641
        641 417
        415 417
        26 80
        64 80
        79 80
        124 642
        642 126
        123 126
        125 126
        433 643
        643 341
        510 341
        340 341
        440 644
        644 379
        378 379
        393 645
        645 397
        543 397
        396 397
        543 646
        646 398
        393 398
        396 398
        416 647
        647 418
        410 418
        417 418
        103 452
        103 453
        103 454
        378 486
        79 503
        442 648
        648 81
        80 81
        80 649
        649 82
        64 82
        79 82
        91 650
        650 104
        452 104
        439 651
        651 127
        126 127
        29 330
        452 330
        492 652
        652 342
        340 342
        341 342
        28 653
        653 380
        379 380
        396 654
        654 399
        397 399
        398 399
        420 655
        655 421
        441 421
        418 421
        418 656
        656 422
        420 422
        126 456
        418 494
        419 657
        657 59
        421 59
        422 59
        442 658
        658 83
        82 83
        534 659
        659 105
        91 105
        104 105
        25 660
        660 128
        127 128
        330 661
        661 331
        448 331
        453 331
        30 345
        342 345
        28 381
        380 381
        440 662
        662 400
        399 400
        342 482
        399 489
        81 663
        663 84
        26 84
        83 84
        452 664
        664 106
        104 106
        105 106
        25 129
        128 129
        345 665
        665 346
        448 346
        482 346
        379 666
        666 382
        380 382
        381 382
        27 667
        667 401
        400 401
        59 423
        107 668
        668 108
        518 108
        106 108
        127 669
        669 130
        128 130
        129 130
        84 670
        670 154
        59 154
        59 164
        84 164
        27 402
        401 402
        382 487
        84 514
        423 671
        671 85
        514 85
        107 109
        108 109
        108 672
        672 110
        518 110
        423 141
        514 141
        183 673
        673 184
        521 184
        130 184
        485 204
        487 204
        400 674
        674 403
        401 403
        402 403
        130 457
        109 675
        675 111
        106 111
        110 111
        382 676
        676 140
        403 140
        457 677
        677 254
        521 254
        382 404
        403 404
        141 464
        141 465
        141 466
        403 490
        85 525
        85 536
        87 678
        678 131
        111 131
        404 679
        679 134
        364 134
        490 680
        680 148
        487 148
        487 172
        490 172
        184 681
        681 185
        111 185
        485 187
        536 187
        140 210
        154 210
        527 682
        682 255
        443 255
        254 255
        465 683
        683 263
        483 263
        111 455
        140 462
        140 463
        404 491
        404 493
        130 684
        684 132
        113 132
        131 132
        87 685
        685 186
        185 186
        217 686
        686 218
        519 218
        455 218
        525 221
        462 221
        525 227
        148 227
        491 687
        687 233
        471 233
        493 688
        688 244
        423 244
        514 244
        424 246
        455 246
        455 689
        689 251
        424 251
        254 256
        255 256
        491 257
        466 257
        483 266
        463 266
        491 690
        690 269
        484 269
        134 460
        134 461
        148 468
        187 473
        210 474
        132 691
        691 133
        131 133
        187 692
        692 188
        462 188
        186 188
        210 693
        693 211
        469 211
        186 211
        218 694
        694 219
        457 219
        493 245
        244 245
        466 252
        184 252
        251 252
        218 695
        695 258
        256 258
        257 258
        184 260
        218 260
        186 472
        269 477
        364 142
        133 142
        133 165
        164 165
        473 189
        188 189
        187 696
        696 193
        468 193
        472 193
        461 697
        697 198
        164 198
        472 198
        464 698
        698 203
        472 203
        210 212
        211 212
        113 699
        699 220
        219 220
        246 700
        700 247
        457 247
        245 247
        252 701
        701 253
        251 253
        257 702
        702 259
        258 259
        468 703
        703 264
        260 264
        263 264
        465 267
        260 267
        266 267
        133 458
        260 476
        134 704
        704 135
        85 135
        458 135
        462 705
        705 143
        464 143
        142 143
        460 706
        706 155
        458 155
        154 155
        163 166
        165 166
        525 171
        458 171
        544 707
        707 190
        189 190
        473 194
        193 194
        461 199
        198 199
        204 708
        708 205
        490 205
        203 205
        434 709
        709 213
        212 213
        221 710
        710 222
        469 222
        220 222
        227 711
        711 228
        469 228
        220 228
        246 248
        247 248
        476 712
        712 261
        154 261
        264 713
        713 265
        263 265
        267 714
        714 268
        266 268
        536 715
        715 270
        476 270
        269 270
        259 716
        716 278
        484 278
        142 467
        220 475
        460 136
        135 136
        143 717
        717 144
        142 144
        148 718
        718 149
        464 149
        467 149
        460 156
        155 156
        468 167
        166 167
        172 719
        719 173
        471 173
        171 173
        463 178
        166 178
        190 720
        720 191
        189 191
        425 721
        721 195
        194 195
        428 722
        722 200
        199 200
        204 206
        205 206
        213 723
        723 214
        212 214
        221 223
        222 223
        227 229
        228 229
        233 724
        724 234
        164 234
        475 234
        474 725
        725 239
        471 239
        475 239
        113 249
        248 249
        493 726
        726 262
        261 262
        270 727
        727 271
        477 271
        465 728
        728 272
        475 272
        265 275
        268 275
        189 286
        194 286
        496 729
        729 137
        136 137
        498 730
        730 145
        144 145
        149 731
        731 150
        467 150
        533 732
        732 157
        156 157
        438 733
        733 168
        167 168
        172 174
        173 174
        517 734
        734 179
        178 179
        191 735
        735 192
        544 192
        190 192
        195 736
        736 196
        194 196
        200 737
        737 201
        199 201
        431 738
        738 207
        206 207
        214 739
        739 215
        434 215
        213 215
        501 740
        740 224
        223 224
        505 741
        741 230
        229 230
        233 235
        234 235
        474 240
        239 240
        450 742
        742 250
        249 250
        203 273
        269 273
        272 273
        262 743
        743 279
        278 279
        136 283
        144 283
        167 290
        212 290
        137 744
        744 138
        136 138
        145 745
        745 146
        144 146
        523 746
        746 151
        150 151
        157 747
        747 158
        156 158
        168 748
        748 169
        167 169
        515 749
        749 175
        174 175
        179 750
        750 180
        178 180
        196 751
        751 197
        425 197
        195 197
        201 752
        752 202
        428 202
        200 202
        207 753
        753 208
        206 208
        224 754
        754 225
        223 225
        230 755
        755 231
        229 231
        508 756
        756 236
        235 236
        511 757
        757 241
        240 241
        477 274
        273 274
        283 758
        758 284
        150 284
        156 284
        290 759
        759 291
        223 291
        229 291
        174 293
        235 293
        138 760
        760 139
        496 139
        137 139
        146 761
        761 147
        498 147
        145 147
        151 762
        762 152
        150 152
        158 763
        763 159
        533 159
        157 159
        169 764
        764 170
        438 170
        168 170
        175 765
        765 176
        174 176
        180 766
        766 181
        517 181
        179 181
        208 767
        767 209
        431 209
        207 209
        225 768
        768 226
        501 226
        224 226
        231 769
        769 232
        505 232
        230 232
        236 770
        770 237
        235 237
        241 771
        771 242
        240 242
        275 772
        772 276
        271 276
        274 276
        283 285
        284 285
        290 292
        291 292
        152 773
        773 153
        523 153
        151 153
        176 774
        774 177
        515 177
        175 177
        237 775
        775 238
        508 238
        236 238
        242 776
        776 243
        511 243
        241 243
        275 277
        276 277
        286 777
        777 287
        199 287
        285 287
        293 778
        778 294
        240 294
        292 294
        279 779
        779 280
        484 280
        277 280
        286 288
        287 288
        293 295
        294 295
        253 281
        280 281
        206 289
        288 289
        178 296
        295 296
        477 282
        280 282
        281 282
        289 297
        296 297
        453 329
        289 329
        448 333
        453 333
        289 333
        296 344
        342 344
        449 347
        296 347
        482 347
        518 302
        297 302
        333 780
        780 334
        329 334
        331 334
        347 781
        781 348
        344 348
        346 348
        26 355
        297 355
        297 478
        478 782
        782 298
        32 298
        443 303
        302 303
        444 309
        478 309
        520 324
        478 324
        450 336
        334 336
        335 336
        450 350
        348 350
        349 350
        443 783
        783 356
        355 356
        282 784
        784 300
        298 300
        435 305
        454 305
        303 305
        303 785
        785 306
        435 306
        454 306
        25 311
        309 311
        27 315
        309 315
        28 319
        309 319
        444 325
        324 325
        335 786
        786 337
        336 337
        336 787
        787 338
        451 338
        349 788
        788 351
        350 351
        350 789
        789 352
        451 352
        503 357
        355 357
        356 357
        538 790
        790 301
        250 301
        300 301
        305 791
        791 307
        303 307
        306 307
        311 792
        792 312
        126 312
        304 793
        793 313
        456 313
        311 313
        315 794
        794 316
        399 316
        479 795
        795 317
        489 317
        315 317
        319 796
        796 320
        378 320
        479 797
        797 322
        486 322
        319 322
        325 798
        798 326
        494 326
        479 799
        799 327
        494 327
        325 327
        337 800
        800 339
        334 339
        338 339
        351 801
        801 353
        348 353
        352 353
        357 802
        802 358
        503 358
        356 358
        480 803
        803 308
        307 308
        456 804
        804 314
        312 314
        313 314
        489 805
        805 318
        316 318
        317 318
        486 806
        806 323
        320 323
        322 323
        494 807
        807 328
        326 328
        327 328
        357 808
        808 359
        355 359
        358 359
        359 809
        809 360
        459 360
        480 810
        810 361
        459 361
        359 361
        459 811
        811 362
        360 362
        361 362
        139 34
        147 35
        153 36
        159 37
        170 38
        177 39
        181 40
        192 41
        197 42
        202 43
        209 44
        215 45
        226 46
        232 47
        238 48
        243 49
        301 812
        812 50
        308 51
        314 52
        318 53
        323 54
        328 55
        339 813
        813 56
        353 814
        814 57
        362 58
    ]
]
