circuit_name:c432new_processed
[
    node:
    [
        1 x0 0 PI
        2 x1 0 PI
        3 x2 0 PI
        4 x3 0 PI
        5 x4 0 PI
        6 x5 0 PI
        7 x6 0 PI
        8 x7 0 PI
        9 x8 0 PI
        10 x9 0 PI
        11 x10 0 PI
        12 x11 0 PI
        13 x12 0 PI
        14 x13 0 PI
        15 x14 0 PI
        16 x15 0 PI
        17 x16 0 PI
        18 x17 0 PI
        19 x18 0 PI
        20 x19 0 PI
        21 x20 0 PI
        22 x21 0 PI
        23 x22 0 PI
        24 x23 0 PI
        25 x24 0 PI
        26 x25 0 PI
        27 x26 0 PI
        28 x27 0 PI
        29 x28 0 PI
        30 x29 0 PI
        31 x30 0 PI
        32 x31 0 PI
        33 x32 0 PI
        34 x33 0 PI
        35 x34 0 PI
        36 x35 0 PI
        37 y0 18 PO
        38 y1 31 PO
        39 y2 43 PO
        40 y3 53 PO
        41 y4 51 PO
        42 y5 53 PO
        43 y6 53 PO
        44 n100 19 AND
        45 n101 18 MAJ
        46 n102 20 AND
        47 n103 17 MAJ
        48 n104 19 AND
        49 n105 31 AND
        50 n106 32 MAJ
        51 n107 33 MAJ
        52 n108 18 MAJ
        53 n109 20 AND
        54 n110 32 MAJ
        55 n111 32 AND
        56 n112 34 MAJ
        57 n113 32 MAJ
        58 n114 32 AND
        59 n115 35 MAJ
        60 n116 32 MAJ
        61 n117 32 AND
        62 n118 36 MAJ
        63 n119 32 MAJ
        64 n120 32 AND
        65 n121 37 MAJ
        66 n122 32 MAJ
        67 n123 32 AND
        68 n124 38 MAJ
        69 n125 32 MAJ
        70 n126 32 AND
        71 n127 39 MAJ
        72 n128 32 MAJ
        73 n129 32 AND
        74 n130 40 MAJ
        75 n131 32 MAJ
        76 n132 32 AND
        77 n133 41 MAJ
        78 n134 18 AND
        79 n135 20 AND
        80 n136 31 AND
        81 n137 33 AND
        82 n138 31 AND
        83 n139 32 OR
        84 n140 33 MAJ
        85 n141 35 AND
        86 n142 43 MAJ
        87 n143 45 AND
        88 n144 31 AND
        89 n145 32 OR
        90 n146 33 MAJ
        91 n147 35 AND
        92 n148 43 MAJ
        93 n149 45 AND
        94 n150 31 AND
        95 n151 32 OR
        96 n152 33 MAJ
        97 n153 35 AND
        98 n154 43 MAJ
        99 n155 45 AND
        100 n156 31 AND
        101 n157 32 OR
        102 n158 33 MAJ
        103 n159 35 AND
        104 n160 43 MAJ
        105 n161 45 AND
        106 n162 31 AND
        107 n163 32 OR
        108 n164 33 MAJ
        109 n165 35 AND
        110 n166 43 MAJ
        111 n167 45 AND
        112 n168 31 AND
        113 n169 32 OR
        114 n170 33 MAJ
        115 n171 35 AND
        116 n172 43 MAJ
        117 n173 45 AND
        118 n174 31 AND
        119 n175 32 OR
        120 n176 33 MAJ
        121 n177 35 AND
        122 n178 44 MAJ
        123 n179 46 AND
        124 n180 31 AND
        125 n181 32 OR
        126 n182 33 MAJ
        127 n183 35 AND
        128 n184 44 MAJ
        129 n185 46 AND
        130 n186 47 OR
        131 n187 46 OR
        132 n188 48 MAJ
        133 n189 49 OR
        134 n190 46 OR
        135 n191 50 MAJ
        136 n192 51 OR
        137 n193 43 AND
        138 n194 44 AND
        139 n195 52 MAJ
        140 n196 48 AND
        141 n197 49 OR
        142 n198 50 OR
        143 n199 47 OR
        144 n200 49 AND
        145 n201 47 OR
        146 n202 48 OR
        147 n203 50 AND
        148 n204 51 OR
        149 n205 52 OR
        150 n206 48 OR
        151 n207 50 AND
        152 n208 49 OR
        153 n209 51 MAJ
        154 n210 52 OR
        155 n37 2 AND
        156 n38 2 AND
        157 n39 2 AND
        158 n40 2 AND
        159 n41 3 OR
        160 n42 4 MAJ
        161 n43 2 AND
        162 n44 5 OR
        163 n45 6 OR
        164 n46 7 MAJ
        165 n47 8 OR
        166 n48 9 OR
        167 n49 10 MAJ
        168 n50 11 OR
        169 n51 12 OR
        170 n52 13 MAJ
        171 n53 14 OR
        172 n54 18 MAJ
        173 n55 17 MAJ
        174 n56 19 AND
        175 n57 17 MAJ
        176 n58 18 MAJ
        177 n59 20 AND
        178 n60 18 MAJ
        179 n61 17 MAJ
        180 n62 19 AND
        181 n63 17 MAJ
        182 n64 18 MAJ
        183 n65 20 AND
        184 n66 18 MAJ
        185 n67 17 MAJ
        186 n68 19 AND
        187 n69 17 MAJ
        188 n70 17 MAJ
        189 n71 19 AND
        190 n72 18 MAJ
        191 n73 18 MAJ
        192 n74 20 AND
        193 n75 18 MAJ
        194 n76 17 MAJ
        195 n77 19 AND
        196 n78 17 MAJ
        197 n79 18 MAJ
        198 n80 20 AND
        199 n81 21 OR
        200 n82 23 MAJ
        201 n83 24 OR
        202 n84 21 OR
        203 n85 25 MAJ
        204 n86 26 OR
        205 n87 27 OR
        206 n88 28 OR
        207 n89 17 MAJ
        208 n90 19 AND
        209 n91 17 MAJ
        210 n92 19 AND
        211 n93 18 MAJ
        212 n94 20 AND
        213 n95 18 MAJ
        214 n96 20 AND
        215 n97 17 MAJ
        216 n98 19 AND
        217 n99 17 MAJ
        218 v1 42 VIR
        219 v10 29 VIR
        220 v11 29 VIR
        221 v12 1 VIR
        222 v13 1 VIR
        223 v14 1 VIR
        224 v15 1 VIR
        225 v16 1 VIR
        226 v17 1 VIR
        227 v18 1 VIR
        228 v19 1 VIR
        229 v2 42 VIR
        230 v20 1 VIR
        231 v21 43 VIR
        232 v22 30 VIR
        233 v23 30 VIR
        234 v24 30 VIR
        235 v25 30 VIR
        236 v26 30 VIR
        237 v27 30 VIR
        238 v28 16 VIR
        239 v29 16 VIR
        240 v3 42 VIR
        241 v30 16 VIR
        242 v31 16 VIR
        243 v32 16 VIR
        244 v33 16 VIR
        245 v34 16 VIR
        246 v35 16 VIR
        247 v36 16 VIR
        248 v37 30 VIR
        249 v38 30 VIR
        250 v39 30 VIR
        251 v4 46 VIR
        252 v40 17 VIR
        253 v41 17 VIR
        254 v42 17 VIR
        255 v43 17 VIR
        256 v44 17 VIR
        257 v45 17 VIR
        258 v46 17 VIR
        259 v47 17 VIR
        260 v48 17 VIR
        261 v49 31 VIR
        262 v5 46 VIR
        263 v6 15 VIR
        264 v7 15 VIR
        265 v8 15 VIR
        266 v9 29 VIR
        267 not1 1 INV
        268 not2 1 INV
        269 not3 1 INV
        270 not4 1 INV
        271 not5 1 INV
        272 not6 1 INV
        273 not7 1 INV
        274 not8 1 INV
        275 not9 1 INV
        276 not10 18 INV
        277 not11 18 INV
        278 not12 18 INV
        279 not13 19 INV
        280 not14 18 INV
        281 not15 19 INV
        282 not16 19 INV
        283 not17 18 INV
        284 not18 19 INV
        285 not19 18 INV
        286 not20 19 INV
        287 not21 18 INV
        288 not22 19 INV
        289 not23 18 INV
        290 not24 19 INV
        291 not25 18 INV
        292 not26 19 INV
        293 not27 19 INV
        294 not28 18 INV
        295 not29 22 INV
        296 not30 22 INV
        297 not31 31 INV
        298 not32 31 INV
        299 not33 31 INV
        300 not34 31 INV
        301 not35 31 INV
        302 not36 31 INV
        303 not37 31 INV
        304 not38 31 INV
        305 not39 31 INV
        306 not40 31 INV
        307 not41 31 INV
        308 not42 31 INV
        309 not43 31 INV
        310 not44 31 INV
        311 not45 31 INV
        312 not46 21 INV
        313 not47 21 INV
        314 not48 32 INV
        315 not49 20 INV
        316 not50 33 INV
        317 not51 34 INV
        318 not52 34 INV
        319 not53 34 INV
        320 not54 34 INV
        321 not55 34 INV
        322 not56 34 INV
        323 not57 34 INV
        324 not58 34 INV
        325 not59 33 INV
        326 not60 33 INV
        327 not61 33 INV
        328 not62 33 INV
        329 not63 33 INV
        330 not64 33 INV
        331 not65 33 INV
        332 not66 36 INV
        333 not67 36 INV
        334 not68 36 INV
        335 not69 36 INV
        336 not70 36 INV
        337 not71 36 INV
        338 not72 44 INV
        339 not73 44 INV
        340 not74 44 INV
        341 not75 44 INV
        342 not76 44 INV
        343 not77 44 INV
        344 not78 36 INV
        345 not79 36 INV
        346 not80 45 INV
        347 not81 45 INV
        348 not82 47 INV
        349 not83 47 INV
        350 not84 48 INV
        351 not85 49 INV
        352 not86 49 INV
        353 not87 47 INV
        354 not88 50 INV
        355 not89 34 INV
    ]
    edge:
    [
        32 267
        267 155
        34 155
        24 268
        268 156
        26 156
        16 269
        269 157
        18 157
        1 270
        270 158
        2 158
        8 271
        271 161
        10 161
        1 221
        12 222
        16 223
        20 224
        24 225
        28 226
        4 227
        32 228
        8 230
        6 159
        158 159
        4 272
        272 160
        158 160
        159 160
        160 162
        161 162
        157 163
        162 163
        12 273
        273 164
        14 164
        163 164
        163 165
        164 165
        156 166
        165 166
        20 274
        274 167
        22 167
        166 167
        166 168
        167 168
        155 169
        168 169
        28 275
        275 170
        30 170
        169 170
        169 171
        170 171
        171 263
        171 264
        171 265
        263 238
        263 239
        263 241
        264 242
        264 243
        264 244
        265 245
        265 246
        265 247
        221 47
        5 47
        243 47
        228 173
        35 173
        243 173
        28 175
        30 175
        242 175
        225 179
        27 179
        241 179
        20 181
        22 181
        241 181
        223 185
        19 185
        242 185
        12 187
        14 187
        238 187
        222 188
        15 188
        238 188
        221 194
        3 194
        239 194
        4 196
        6 196
        239 196
        228 207
        36 207
        245 207
        226 209
        33 209
        245 209
        223 215
        21 215
        244 215
        222 217
        17 217
        244 217
        238 252
        239 253
        241 254
        242 255
        243 256
        244 257
        245 258
        246 259
        247 260
        217 276
        276 44
        187 44
        230 45
        13 45
        256 45
        227 52
        9 52
        256 52
        221 78
        260 78
        32 172
        34 172
        255 172
        226 176
        31 176
        255 176
        24 178
        26 178
        253 178
        224 182
        23 182
        254 182
        16 184
        18 184
        254 184
        188 277
        277 189
        187 189
        8 190
        10 190
        252 190
        230 191
        11 191
        252 191
        1 193
        2 193
        252 193
        227 197
        7 197
        253 197
        209 278
        278 210
        175 210
        225 211
        29 211
        257 211
        224 213
        25 213
        257 213
        45 279
        279 46
        190 46
        47 280
        280 48
        193 48
        52 281
        281 53
        196 53
        78 282
        282 79
        2 79
        173 283
        283 174
        172 174
        176 284
        284 177
        175 177
        179 285
        285 180
        178 180
        182 286
        286 183
        181 183
        185 287
        287 186
        184 186
        191 288
        288 192
        190 192
        194 289
        289 195
        193 195
        197 290
        290 198
        196 198
        207 291
        291 208
        172 208
        211 292
        292 212
        178 212
        213 293
        293 214
        181 214
        215 294
        294 216
        184 216
        189 199
        192 199
        180 202
        183 202
        199 295
        295 200
        195 200
        198 200
        199 201
        200 201
        202 296
        296 203
        186 203
        201 203
        202 204
        203 204
        177 205
        204 205
        174 206
        205 206
        206 219
        206 220
        206 266
        219 232
        219 233
        219 234
        220 235
        220 236
        220 237
        266 248
        266 249
        266 250
        195 49
        248 49
        249 297
        297 57
        192 57
        46 57
        249 298
        298 58
        192 58
        249 299
        299 60
        189 60
        44 60
        250 300
        300 61
        189 61
        250 301
        301 63
        186 63
        216 63
        250 302
        302 64
        186 64
        232 303
        303 66
        183 66
        214 66
        232 304
        304 67
        183 67
        232 305
        305 69
        180 69
        212 69
        233 306
        306 70
        180 70
        234 307
        307 72
        177 72
        210 72
        235 308
        308 73
        177 73
        235 309
        309 75
        174 75
        208 75
        236 310
        310 76
        174 76
        3 80
        237 80
        35 82
        236 82
        31 88
        236 88
        27 94
        237 94
        23 100
        233 100
        19 106
        233 106
        15 112
        235 112
        7 118
        234 118
        11 124
        234 124
        248 261
        248 311
        311 50
        48 50
        49 50
        198 312
        312 54
        261 54
        53 54
        198 313
        313 55
        261 55
        80 314
        314 81
        79 81
        228 83
        82 83
        226 89
        88 89
        225 95
        94 95
        224 101
        100 101
        223 107
        106 107
        222 113
        112 113
        227 119
        118 119
        230 125
        124 125
        195 315
        315 51
        49 51
        50 51
        259 84
        82 84
        83 84
        247 90
        88 90
        89 90
        247 96
        94 96
        95 96
        258 102
        100 102
        101 102
        258 108
        106 108
        107 108
        259 114
        112 114
        113 114
        246 120
        118 120
        119 120
        246 126
        124 126
        125 126
        55 316
        316 56
        51 56
        54 56
        84 317
        317 85
        34 85
        90 318
        318 91
        30 91
        96 319
        319 97
        26 97
        102 320
        320 103
        22 103
        108 321
        321 109
        18 109
        114 322
        322 115
        14 115
        120 323
        323 121
        6 121
        126 324
        324 127
        10 127
        58 325
        325 59
        56 59
        57 59
        61 326
        326 62
        59 62
        60 62
        64 327
        327 65
        62 65
        63 65
        67 328
        328 68
        65 68
        66 68
        70 329
        329 71
        68 71
        69 71
        73 330
        330 74
        71 74
        72 74
        76 331
        331 77
        74 77
        75 77
        77 218
        77 229
        77 240
        85 332
        332 86
        36 86
        229 86
        91 333
        333 92
        33 92
        229 92
        97 334
        334 98
        29 98
        240 98
        103 335
        335 104
        25 104
        218 104
        109 336
        336 110
        21 110
        218 110
        115 337
        337 116
        17 116
        229 116
        240 137
        81 137
        218 231
        86 338
        338 87
        85 87
        92 339
        339 93
        91 93
        98 340
        340 99
        97 99
        104 341
        341 105
        103 105
        110 342
        342 111
        109 111
        116 343
        343 117
        115 117
        121 344
        344 122
        9 122
        231 122
        127 345
        345 128
        13 128
        231 128
        5 138
        137 138
        122 346
        346 123
        121 123
        128 347
        347 129
        127 129
        105 131
        111 131
        87 134
        93 134
        111 251
        117 262
        123 130
        129 130
        129 348
        348 140
        262 140
        111 143
        262 143
        117 145
        129 145
        131 349
        349 132
        117 132
        130 132
        130 141
        140 141
        143 350
        350 144
        99 144
        251 146
        145 146
        99 150
        145 150
        123 152
        140 152
        131 133
        132 133
        251 142
        141 142
        146 351
        351 147
        105 147
        150 352
        352 151
        93 151
        134 353
        353 135
        99 135
        133 135
        144 148
        147 148
        152 354
        354 153
        147 153
        151 153
        134 136
        135 136
        130 149
        148 149
        152 154
        153 154
        81 355
        355 139
        136 139
        138 139
        260 37
        237 38
        240 39
        139 40
        142 41
        149 42
        154 43
    ]
]
