circuit_name:c880new_processed
[
    node:
    [
        1 x0 0 PI
        2 x1 0 PI
        3 x2 0 PI
        4 x3 0 PI
        5 x4 0 PI
        6 x5 0 PI
        7 x6 0 PI
        8 x7 0 PI
        9 x8 0 PI
        10 x9 0 PI
        11 x10 0 PI
        12 x11 0 PI
        13 x12 0 PI
        14 x13 0 PI
        15 x14 0 PI
        16 x15 0 PI
        17 x16 0 PI
        18 x17 0 PI
        19 x18 0 PI
        20 x19 0 PI
        21 x20 0 PI
        22 x21 0 PI
        23 x22 0 PI
        24 x23 0 PI
        25 x24 0 PI
        26 x25 0 PI
        27 x26 0 PI
        28 x27 0 PI
        29 x28 0 PI
        30 x29 0 PI
        31 x30 0 PI
        32 x31 0 PI
        33 x32 0 PI
        34 x33 0 PI
        35 x34 0 PI
        36 x35 0 PI
        37 x36 0 PI
        38 x37 0 PI
        39 x38 0 PI
        40 x39 0 PI
        41 x40 0 PI
        42 x41 0 PI
        43 x42 0 PI
        44 x43 0 PI
        45 x44 0 PI
        46 x45 0 PI
        47 x46 0 PI
        48 x47 0 PI
        49 x48 0 PI
        50 x49 0 PI
        51 x50 0 PI
        52 x51 0 PI
        53 x52 0 PI
        54 x53 0 PI
        55 x54 0 PI
        56 x55 0 PI
        57 x56 0 PI
        58 x57 0 PI
        59 x58 0 PI
        60 x59 0 PI
        61 y0 4 PO
        62 y1 3 PO
        63 y2 4 PO
        64 y3 2 PO
        65 y4 6 PO
        66 y5 9 PO
        67 y6 4 PO
        68 y7 5 PO
        69 y8 5 PO
        70 y9 3 PO
        71 y10 9 PO
        72 y11 4 PO
        73 y12 8 PO
        74 y13 8 PO
        75 y14 3 PO
        76 y15 13 PO
        77 y16 13 PO
        78 y17 29 PO
        79 y18 30 PO
        80 y19 32 PO
        81 y20 29 PO
        82 y21 28 PO
        83 y22 31 PO
        84 y23 33 PO
        85 y24 33 PO
        86 y25 33 PO
        87 n100 5 MAJ
        88 n101 5 MAJ
        89 n102 6 MAJ
        90 n103 2 AND
        91 n104 3 MAJ
        92 n105 4 OR
        93 n106 5 MAJ
        94 n107 5 MAJ
        95 n108 6 MAJ
        96 n109 8 AND
        97 n110 9 MAJ
        98 n111 10 OR
        99 n112 11 MAJ
        100 n113 11 MAJ
        101 n114 12 MAJ
        102 n115 2 AND
        103 n116 3 MAJ
        104 n117 4 OR
        105 n118 5 MAJ
        106 n119 5 MAJ
        107 n120 6 MAJ
        108 n121 3 AND
        109 n122 4 MAJ
        110 n123 5 OR
        111 n124 6 MAJ
        112 n125 6 MAJ
        113 n126 7 MAJ
        114 n127 8 AND
        115 n128 9 MAJ
        116 n129 10 OR
        117 n130 11 MAJ
        118 n131 11 MAJ
        119 n132 12 MAJ
        120 n133 4 MAJ
        121 n134 5 AND
        122 n135 6 AND
        123 n136 7 AND
        124 n137 2 AND
        125 n138 2 AND
        126 n139 4 MAJ
        127 n140 5 AND
        128 n141 2 AND
        129 n142 4 AND
        130 n143 5 AND
        131 n144 7 AND
        132 n145 3 MAJ
        133 n146 2 MAJ
        134 n147 5 AND
        135 n148 3 MAJ
        136 n149 4 AND
        137 n150 2 AND
        138 n151 3 AND
        139 n152 6 AND
        140 n153 8 AND
        141 n154 10 MAJ
        142 n155 12 AND
        143 n156 13 OR
        144 n157 14 MAJ
        145 n158 15 OR
        146 n159 1 AND
        147 n160 2 OR
        148 n161 16 MAJ
        149 n162 16 OR
        150 n163 16 AND
        151 n164 19 AND
        152 n165 20 OR
        153 n166 20 MAJ
        154 n167 22 AND
        155 n168 18 AND
        156 n169 19 MAJ
        157 n170 20 MAJ
        158 n171 21 AND
        159 n172 23 OR
        160 n173 24 MAJ
        161 n174 25 OR
        162 n175 26 OR
        163 n176 27 MAJ
        164 n177 28 OR
        165 n178 12 AND
        166 n179 13 OR
        167 n180 14 MAJ
        168 n181 15 OR
        169 n182 17 AND
        170 n183 18 OR
        171 n184 19 MAJ
        172 n185 2 AND
        173 n186 12 AND
        174 n187 13 OR
        175 n188 14 MAJ
        176 n189 15 OR
        177 n190 12 AND
        178 n191 13 OR
        179 n192 14 MAJ
        180 n193 15 OR
        181 n194 16 OR
        182 n195 17 OR
        183 n196 18 AND
        184 n197 19 AND
        185 n198 20 AND
        186 n199 16 AND
        187 n200 17 MAJ
        188 n201 21 OR
        189 n202 22 MAJ
        190 n203 23 OR
        191 n204 24 MAJ
        192 n205 25 MAJ
        193 n206 26 MAJ
        194 n207 27 AND
        195 n208 17 MAJ
        196 n209 17 MAJ
        197 n210 18 AND
        198 n211 20 AND
        199 n212 20 OR
        200 n213 28 MAJ
        201 n214 29 OR
        202 n215 1 AND
        203 n216 2 OR
        204 n217 17 MAJ
        205 n218 17 AND
        206 n219 18 AND
        207 n220 19 OR
        208 n221 20 MAJ
        209 n222 21 OR
        210 n223 22 MAJ
        211 n224 23 MAJ
        212 n225 24 MAJ
        213 n226 25 AND
        214 n227 17 MAJ
        215 n228 17 MAJ
        216 n229 18 AND
        217 n230 20 AND
        218 n231 26 OR
        219 n232 27 MAJ
        220 n233 28 OR
        221 n234 29 OR
        222 n235 30 MAJ
        223 n236 31 OR
        224 n237 1 AND
        225 n238 2 OR
        226 n239 16 MAJ
        227 n240 18 AND
        228 n241 19 OR
        229 n242 19 AND
        230 n243 20 OR
        231 n244 20 MAJ
        232 n245 22 AND
        233 n246 18 AND
        234 n247 19 MAJ
        235 n248 20 MAJ
        236 n249 21 AND
        237 n250 23 OR
        238 n251 24 MAJ
        239 n252 25 OR
        240 n253 26 OR
        241 n254 27 MAJ
        242 n255 28 OR
        243 n256 12 AND
        244 n257 13 OR
        245 n258 14 MAJ
        246 n259 4 AND
        247 n260 6 MAJ
        248 n261 8 AND
        249 n262 2 AND
        250 n263 4 MAJ
        251 n264 5 AND
        252 n265 15 OR
        253 n266 16 MAJ
        254 n267 17 OR
        255 n268 24 MAJ
        256 n269 12 AND
        257 n270 13 OR
        258 n271 14 MAJ
        259 n272 15 OR
        260 n273 16 MAJ
        261 n274 17 OR
        262 n275 12 AND
        263 n276 13 OR
        264 n277 14 MAJ
        265 n278 15 OR
        266 n279 16 MAJ
        267 n280 17 OR
        268 n281 18 OR
        269 n282 19 OR
        270 n283 20 AND
        271 n284 1 AND
        272 n285 2 OR
        273 n286 12 MAJ
        274 n287 13 OR
        275 n288 14 MAJ
        276 n289 15 OR
        277 n290 16 OR
        278 n291 16 AND
        279 n292 18 AND
        280 n293 19 MAJ
        281 n294 21 AND
        282 n295 22 OR
        283 n296 25 AND
        284 n297 23 OR
        285 n298 26 MAJ
        286 n299 27 MAJ
        287 n300 16 AND
        288 n301 17 OR
        289 n302 18 MAJ
        290 n303 2 AND
        291 n304 19 AND
        292 n305 26 OR
        293 n306 26 MAJ
        294 n307 28 AND
        295 n308 18 AND
        296 n309 19 MAJ
        297 n310 20 MAJ
        298 n311 21 AND
        299 n312 19 OR
        300 n313 29 MAJ
        301 n314 30 OR
        302 n315 18 AND
        303 n316 19 OR
        304 n317 20 MAJ
        305 n318 2 AND
        306 n319 27 MAJ
        307 n320 28 MAJ
        308 n321 29 MAJ
        309 n322 30 AND
        310 n323 19 MAJ
        311 n324 19 MAJ
        312 n325 20 AND
        313 n326 22 AND
        314 n327 21 OR
        315 n328 31 MAJ
        316 n329 32 OR
        317 n330 19 AND
        318 n331 20 OR
        319 n332 21 MAJ
        320 n333 2 AND
        321 n334 19 AND
        322 n335 20 OR
        323 n336 25 AND
        324 n337 21 OR
        325 n338 26 MAJ
        326 n339 27 MAJ
        327 n340 28 MAJ
        328 n341 29 MAJ
        329 n342 30 AND
        330 n343 19 MAJ
        331 n344 19 MAJ
        332 n345 20 AND
        333 n346 22 AND
        334 n347 22 OR
        335 n348 31 MAJ
        336 n349 32 OR
        337 n350 18 AND
        338 n351 19 OR
        339 n352 20 MAJ
        340 n353 2 AND
        341 n354 26 AND
        342 n355 27 OR
        343 n356 21 AND
        344 n357 28 OR
        345 n358 28 MAJ
        346 n359 30 AND
        347 n360 20 AND
        348 n361 21 MAJ
        349 n362 22 MAJ
        350 n363 23 AND
        351 n364 21 OR
        352 n365 31 MAJ
        353 n366 32 OR
        354 n61 2 AND
        355 n62 3 AND
        356 n63 1 AND
        357 n64 2 AND
        358 n65 2 AND
        359 n66 3 AND
        360 n67 1 AND
        361 n68 1 AND
        362 n69 4 MAJ
        363 n70 5 AND
        364 n71 2 AND
        365 n72 4 MAJ
        366 n73 5 AND
        367 n74 2 AND
        368 n75 6 AND
        369 n76 7 MAJ
        370 n77 1 AND
        371 n78 2 AND
        372 n79 2 AND
        373 n80 3 AND
        374 n81 2 AND
        375 n82 3 AND
        376 n83 1 OR
        377 n84 2 AND
        378 n85 6 MAJ
        379 n86 7 AND
        380 n87 1 AND
        381 n88 2 AND
        382 n89 4 MAJ
        383 n90 5 AND
        384 n91 6 AND
        385 n92 7 AND
        386 n93 2 AND
        387 n94 6 MAJ
        388 n95 7 AND
        389 n96 2 AND
        390 n97 2 AND
        391 n98 3 MAJ
        392 n99 4 OR
        393 v1 8 VIR
        394 v10 17 VIR
        395 v11 17 VIR
        396 v12 16 VIR
        397 v13 16 VIR
        398 v14 16 VIR
        399 v15 16 VIR
        400 v16 16 VIR
        401 v17 17 VIR
        402 v18 17 VIR
        403 v19 9 VIR
        404 v2 8 VIR
        405 v20 6 VIR
        406 v21 18 VIR
        407 v22 18 VIR
        408 v23 25 VIR
        409 v24 18 VIR
        410 v25 18 VIR
        411 v26 18 VIR
        412 v27 19 VIR
        413 v28 17 VIR
        414 v29 17 VIR
        415 v3 8 VIR
        416 v30 17 VIR
        417 v31 19 VIR
        418 v32 2 VIR
        419 v33 2 VIR
        420 v34 3 VIR
        421 v35 3 VIR
        422 v36 1 VIR
        423 v37 1 VIR
        424 v38 1 VIR
        425 v39 1 VIR
        426 v4 6 VIR
        427 v40 1 VIR
        428 v41 1 VIR
        429 v42 1 VIR
        430 v43 1 VIR
        431 v44 1 VIR
        432 v45 1 VIR
        433 v46 1 VIR
        434 v47 1 VIR
        435 v48 1 VIR
        436 v49 1 VIR
        437 v5 8 VIR
        438 v50 1 VIR
        439 v51 1 VIR
        440 v52 1 VIR
        441 v53 1 VIR
        442 v54 1 VIR
        443 v55 1 VIR
        444 v56 1 VIR
        445 v57 1 VIR
        446 v58 1 VIR
        447 v59 1 VIR
        448 v6 11 VIR
        449 v60 1 VIR
        450 v61 1 VIR
        451 v62 1 VIR
        452 v63 1 VIR
        453 v64 1 VIR
        454 v65 1 VIR
        455 v66 1 VIR
        456 v67 1 VIR
        457 v68 1 VIR
        458 v69 1 VIR
        459 v7 11 VIR
        460 v70 1 VIR
        461 v71 1 VIR
        462 v72 1 VIR
        463 v73 1 VIR
        464 v74 1 VIR
        465 v75 1 VIR
        466 v76 1 VIR
        467 v77 1 VIR
        468 v78 1 VIR
        469 v79 1 VIR
        470 v8 11 VIR
        471 v80 1 VIR
        472 v81 1 VIR
        473 v82 1 VIR
        474 v83 1 VIR
        475 v84 1 VIR
        476 v85 1 VIR
        477 v86 1 VIR
        478 v87 1 VIR
        479 v88 1 VIR
        480 v89 1 VIR
        481 v9 17 VIR
        482 v90 2 VIR
        483 v91 2 VIR
        484 v92 2 VIR
        485 not1 1 INV
        486 not2 1 INV
        487 not3 1 INV
        488 not4 2 INV
        489 not5 1 INV
        490 not6 2 INV
        491 not7 2 INV
        492 not8 2 INV
        493 not9 1 INV
        494 not10 2 INV
        495 not11 2 INV
        496 not12 2 INV
        497 not13 3 INV
        498 not14 4 INV
        499 not15 3 INV
        500 not16 3 INV
        501 not17 3 INV
        502 not18 1 INV
        503 not19 2 INV
        504 not20 1 INV
        505 not21 2 INV
        506 not22 3 INV
        507 not23 3 INV
        508 not24 3 INV
        509 not25 5 INV
        510 not26 5 INV
        511 not27 2 INV
        512 not28 2 INV
        513 not29 2 INV
        514 not30 2 INV
        515 not31 7 INV
        516 not32 5 INV
        517 not33 2 INV
        518 not34 3 INV
        519 not35 3 INV
        520 not36 7 INV
        521 not37 5 INV
        522 not38 6 INV
        523 not39 6 INV
        524 not40 9 INV
        525 not41 7 INV
        526 not42 3 INV
        527 not43 2 INV
        528 not44 7 INV
        529 not45 2 INV
        530 not46 7 INV
        531 not47 1 INV
        532 not48 11 INV
        533 not49 8 INV
        534 not50 1 INV
        535 not51 8 INV
        536 not52 9 INV
        537 not53 9 INV
        538 not54 8 INV
        539 not55 11 INV
        540 not56 18 INV
        541 not57 2 INV
        542 not58 2 INV
        543 not59 3 INV
        544 not60 18 INV
        545 not61 2 INV
        546 not62 18 INV
        547 not63 2 INV
        548 not64 2 INV
        549 not65 19 INV
        550 not66 19 INV
        551 not67 21 INV
        552 not68 19 INV
        553 not69 2 INV
        554 not70 19 INV
        555 not71 19 INV
        556 not72 3 INV
        557 not73 3 INV
        558 not74 20 INV
        559 not75 2 INV
        560 not76 19 INV
        561 not77 21 INV
        562 not78 19 INV
        563 not79 19 INV
        564 not80 21 INV
        565 not81 21 INV
        566 not82 2 INV
        567 not83 22 INV
        568 not84 21 INV
        569 not85 17 INV
        570 not86 21 INV
        571 not87 2 INV
        572 not88 24 INV
        573 not89 17 INV
        574 not90 2 INV
        575 not91 21 INV
        576 not92 27 INV
        577 not93 2 INV
        578 not94 27 INV
        579 not95 2 INV
        580 not96 27 INV
        581 not97 20 INV
        582 not98 19 INV
        583 not99 19 INV
        584 not100 2 INV
        585 not101 29 INV
        586 not102 22 INV
        587 not103 23 INV
        588 not104 22 INV
        589 not105 8 INV
        590 not106 3 INV
        591 not107 4 INV
        592 not108 4 INV
        593 not109 8 INV
    ]
    edge:
    [
        30 485
        485 90
        28 90
        60 486
        486 125
        10 125
        55 146
        59 146
        55 202
        56 202
        55 224
        57 224
        34 271
        38 271
        7 356
        17 356
        18 360
        19 360
        1 361
        2 361
        16 370
        17 370
        20 376
        21 376
        5 380
        9 380
        26 487
        487 390
        24 390
        1 422
        11 423
        11 424
        11 425
        24 427
        25 428
        26 429
        27 430
        28 431
        29 432
        30 433
        4 434
        4 435
        4 436
        32 438
        34 439
        41 440
        41 441
        41 442
        42 443
        42 444
        42 445
        43 446
        44 447
        45 449
        45 450
        45 451
        46 452
        46 453
        46 454
        47 455
        48 456
        50 457
        50 458
        50 460
        6 461
        6 462
        51 463
        51 464
        51 465
        52 466
        52 467
        52 468
        53 469
        53 471
        53 472
        54 473
        54 474
        54 475
        58 476
        7 477
        8 478
        8 479
        8 480
        431 488
        488 91
        433 91
        90 91
        43 489
        489 102
        440 102
        455 490
        490 108
        449 108
        6 124
        370 124
        423 128
        40 128
        423 491
        491 132
        434 132
        478 132
        434 133
        478 133
        40 133
        361 492
        492 135
        434 135
        9 135
        423 137
        16 137
        474 147
        146 147
        430 172
        458 172
        475 203
        202 203
        475 225
        224 225
        60 493
        493 249
        435 249
        27 272
        271 272
        429 290
        458 290
        458 305
        60 305
        427 320
        460 320
        428 340
        460 340
        479 354
        16 354
        461 357
        356 357
        477 358
        479 358
        422 364
        3 364
        461 367
        7 367
        425 371
        370 371
        425 372
        17 372
        479 374
        424 374
        23 377
        376 377
        1 381
        380 381
        424 386
        12 386
        22 389
        376 389
        427 494
        494 391
        429 391
        390 391
        361 418
        361 419
        469 482
        471 483
        472 484
        90 92
        91 92
        440 495
        495 103
        446 103
        102 103
        449 496
        496 109
        455 109
        108 109
        374 497
        497 120
        12 120
        13 120
        132 498
        498 134
        133 134
        418 136
        135 136
        478 138
        137 138
        461 355
        354 355
        462 359
        358 359
        419 499
        499 362
        3 362
        436 362
        364 500
        500 365
        436 365
        5 365
        477 373
        372 373
        477 375
        374 375
        418 501
        501 382
        3 382
        10 382
        390 392
        391 392
        381 420
        381 421
        27 502
        502 87
        25 87
        392 87
        428 503
        503 88
        430 88
        392 88
        31 504
        504 93
        432 93
        92 93
        432 505
        505 94
        31 94
        92 94
        102 104
        103 104
        108 110
        109 110
        374 121
        120 121
        125 506
        506 126
        420 126
        124 126
        128 507
        507 129
        420 129
        381 139
        134 139
        10 246
        421 246
        249 508
        508 250
        420 250
        124 250
        419 363
        362 363
        364 366
        365 366
        418 383
        382 383
        392 509
        509 89
        87 89
        88 89
        92 510
        510 95
        93 95
        94 95
        447 511
        511 105
        443 105
        104 105
        444 512
        512 106
        447 106
        104 106
        456 513
        513 111
        454 111
        110 111
        454 514
        514 112
        456 112
        110 112
        383 122
        121 122
        125 127
        126 127
        435 130
        129 130
        139 515
        515 140
        138 140
        246 516
        516 247
        424 247
        40 247
        249 251
        250 251
        480 517
        517 368
        366 368
        367 518
        518 378
        480 378
        366 378
        12 384
        383 384
        386 519
        519 387
        15 387
        383 387
        89 520
        520 96
        32 96
        104 521
        521 107
        105 107
        106 107
        110 522
        522 113
        111 113
        112 113
        14 123
        122 123
        130 523
        523 131
        422 131
        140 524
        524 141
        136 141
        139 141
        247 525
        525 248
        246 248
        367 526
        526 369
        366 369
        368 369
        367 379
        378 379
        462 385
        384 385
        386 388
        387 388
        251 405
        127 426
        438 527
        527 97
        89 97
        96 97
        107 528
        528 114
        32 114
        123 393
        248 403
        123 404
        123 415
        131 437
        141 448
        141 459
        141 470
        96 98
        97 98
        438 529
        529 115
        107 115
        114 115
        31 142
        448 142
        28 165
        470 165
        29 173
        448 173
        30 177
        448 177
        24 243
        470 243
        25 256
        459 256
        26 262
        459 262
        459 273
        271 273
        272 273
        95 530
        530 99
        33 99
        98 99
        33 531
        531 100
        95 100
        98 100
        114 116
        115 116
        127 143
        142 143
        426 166
        165 166
        426 174
        173 174
        127 178
        177 178
        2 244
        243 244
        9 257
        256 257
        435 263
        262 263
        405 274
        273 274
        98 532
        532 101
        99 101
        100 101
        113 533
        533 117
        49 117
        116 117
        49 534
        534 118
        113 118
        116 118
        131 535
        535 144
        39 144
        143 144
        437 536
        536 167
        35 167
        166 167
        437 537
        537 175
        36 175
        174 175
        131 538
        538 179
        37 179
        178 179
        439 245
        243 245
        244 245
        34 258
        256 258
        257 258
        439 264
        262 264
        263 264
        39 275
        403 275
        274 275
        116 539
        539 119
        117 119
        118 119
        143 145
        144 145
        166 168
        167 168
        174 176
        175 176
        178 180
        179 180
        245 252
        405 252
        251 259
        258 259
        251 265
        264 265
        274 276
        275 276
        145 148
        146 148
        147 148
        48 149
        145 149
        48 150
        145 150
        47 181
        180 181
        47 186
        180 186
        180 226
        224 226
        225 226
        35 253
        403 253
        252 253
        36 260
        248 260
        259 260
        37 266
        248 266
        265 266
        44 277
        276 277
        44 278
        276 278
        473 287
        276 287
        168 396
        168 397
        176 398
        176 399
        176 400
        473 169
        396 169
        452 182
        398 182
        452 187
        398 187
        186 187
        451 195
        467 195
        397 195
        451 196
        483 196
        397 196
        400 204
        202 204
        203 204
        149 205
        181 205
        453 214
        466 214
        400 214
        453 215
        482 215
        399 215
        252 254
        253 254
        259 261
        260 261
        265 267
        266 267
        447 288
        287 288
        150 394
        150 395
        181 401
        186 402
        277 413
        278 414
        278 416
        149 481
        394 540
        540 151
        481 151
        469 541
        541 155
        394 155
        450 170
        169 170
        181 183
        182 183
        472 542
        542 197
        196 197
        58 206
        205 206
        482 543
        543 216
        215 216
        476 227
        481 227
        402 544
        544 229
        401 229
        469 545
        545 233
        402 233
        43 268
        267 268
        446 279
        267 279
        393 289
        287 289
        288 289
        414 546
        546 291
        413 291
        471 547
        547 295
        414 295
        473 302
        254 302
        474 337
        267 337
        254 406
        254 407
        261 409
        261 410
        261 411
        476 152
        151 152
        463 548
        548 153
        476 153
        151 153
        466 156
        481 156
        155 156
        393 171
        169 171
        170 171
        149 184
        183 184
        197 549
        549 198
        195 198
        186 207
        206 207
        216 550
        550 217
        214 217
        395 228
        227 228
        466 234
        401 234
        233 234
        443 269
        409 269
        443 280
        409 280
        279 280
        467 296
        413 296
        295 296
        289 299
        290 299
        440 303
        302 303
        442 310
        468 310
        407 310
        441 311
        483 311
        406 311
        474 317
        409 317
        268 321
        414 321
        445 330
        468 330
        411 330
        445 331
        472 331
        410 331
        446 338
        337 338
        268 412
        279 417
        153 551
        551 154
        152 154
        155 552
        552 157
        395 157
        156 157
        58 185
        184 185
        171 199
        172 199
        150 208
        401 208
        207 208
        228 230
        229 230
        463 553
        553 231
        228 231
        229 231
        233 554
        554 235
        402 235
        234 235
        268 270
        269 270
        295 555
        555 297
        416 297
        296 297
        393 304
        302 304
        303 304
        484 556
        556 312
        311 312
        444 318
        317 318
        279 322
        321 322
        484 557
        557 332
        331 332
        404 339
        337 339
        338 339
        417 558
        558 343
        412 343
        471 559
        559 347
        417 347
        155 560
        560 158
        157 158
        185 188
        187 188
        207 209
        208 209
        231 561
        561 232
        230 232
        233 562
        562 236
        235 236
        270 281
        278 281
        295 563
        563 298
        297 298
        312 564
        564 313
        310 313
        304 314
        305 314
        404 319
        317 319
        318 319
        277 324
        322 324
        332 565
        565 333
        330 333
        467 348
        412 348
        347 348
        339 351
        340 351
        154 159
        158 159
        394 189
        183 189
        188 189
        452 566
        566 210
        398 210
        209 210
        209 567
        567 211
        453 211
        399 211
        232 237
        236 237
        280 282
        281 282
        319 334
        320 334
        347 568
        568 349
        417 349
        348 349
        433 160
        457 160
        159 160
        188 190
        189 190
        399 569
        569 212
        210 212
        211 212
        29 238
        457 238
        237 238
        277 284
        282 284
        347 570
        570 350
        349 350
        159 161
        160 161
        450 571
        571 191
        396 191
        190 191
        190 572
        572 192
        450 192
        396 192
        463 213
        212 213
        237 239
        238 239
        449 255
        168 255
        190 255
        148 162
        161 162
        397 573
        573 193
        191 193
        192 193
        213 218
        217 218
        226 240
        239 240
        255 283
        270 283
        255 323
        412 323
        255 408
        456 163
        404 163
        162 163
        464 194
        193 194
        431 219
        457 219
        218 219
        455 241
        415 241
        240 241
        282 285
        283 285
        284 285
        408 292
        291 292
        464 574
        574 293
        408 293
        291 293
        322 325
        323 325
        324 325
        408 341
        413 341
        162 164
        163 164
        199 575
        575 200
        194 200
        198 200
        218 220
        219 220
        240 242
        241 242
        442 286
        407 286
        285 286
        293 576
        576 294
        292 294
        441 577
        577 306
        406 306
        285 306
        285 578
        578 307
        441 307
        406 307
        444 579
        579 326
        410 326
        325 326
        325 580
        580 327
        445 327
        410 327
        416 342
        341 342
        199 201
        200 201
        204 221
        220 221
        299 581
        581 300
        294 300
        298 300
        407 582
        582 308
        306 308
        307 308
        411 583
        583 328
        326 328
        327 328
        342 344
        343 344
        464 584
        584 345
        342 345
        343 345
        454 222
        415 222
        221 222
        299 301
        300 301
        465 309
        308 309
        465 329
        328 329
        345 585
        585 346
        344 346
        221 223
        222 223
        314 586
        586 315
        309 315
        313 315
        334 587
        587 335
        329 335
        333 335
        351 588
        588 352
        346 352
        350 352
        314 316
        315 316
        334 336
        335 336
        351 353
        352 353
        355 61
        357 62
        359 63
        360 64
        363 65
        369 589
        589 66
        371 590
        590 67
        373 591
        591 68
        375 592
        592 69
        377 70
        379 593
        593 71
        421 72
        385 73
        388 74
        389 75
        101 76
        119 77
        164 78
        201 79
        223 80
        242 81
        286 82
        301 83
        316 84
        336 85
        353 86
    ]
]
