circuit_name:c8new_processed
[
    node:
    [
        1 x0 0 PI
        2 x1 0 PI
        3 x2 0 PI
        4 x3 0 PI
        5 x4 0 PI
        6 x5 0 PI
        7 x6 0 PI
        8 x7 0 PI
        9 x8 0 PI
        10 x9 0 PI
        11 x10 0 PI
        12 x11 0 PI
        13 x12 0 PI
        14 x13 0 PI
        15 x14 0 PI
        16 x15 0 PI
        17 x16 0 PI
        18 x17 0 PI
        19 x18 0 PI
        20 x19 0 PI
        21 x20 0 PI
        22 x21 0 PI
        23 x22 0 PI
        24 x23 0 PI
        25 x24 0 PI
        26 x25 0 PI
        27 x26 0 PI
        28 x27 0 PI
        29 y0 7 PO
        30 y1 7 PO
        31 y2 7 PO
        32 y3 7 PO
        33 y4 7 PO
        34 y5 7 PO
        35 y6 7 PO
        36 y7 7 PO
        37 y8 3 PO
        38 y9 12 PO
        39 y10 15 PO
        40 y11 16 PO
        41 y12 16 PO
        42 y13 16 PO
        43 y14 14 PO
        44 y15 15 PO
        45 y16 15 PO
        46 y17 13 PO
        47 n100 7 AND
        48 n101 8 OR
        49 n102 9 MAJ
        50 n103 7 AND
        51 n104 8 AND
        52 n105 10 MAJ
        53 n106 13 OR
        54 n107 14 MAJ
        55 n108 15 OR
        56 n109 3 AND
        57 n110 4 AND
        58 n111 3 MAJ
        59 n112 4 MAJ
        60 n113 5 OR
        61 n114 2 OR
        62 n115 2 OR
        63 n116 6 MAJ
        64 n117 7 AND
        65 n118 8 AND
        66 n119 10 AND
        67 n120 12 MAJ
        68 n121 6 AND
        69 n122 7 AND
        70 n123 8 OR
        71 n124 9 MAJ
        72 n125 7 AND
        73 n126 8 AND
        74 n127 10 MAJ
        75 n128 13 OR
        76 n129 14 MAJ
        77 n130 15 OR
        78 n131 2 OR
        79 n132 3 MAJ
        80 n133 4 AND
        81 n134 3 MAJ
        82 n135 4 MAJ
        83 n136 5 OR
        84 n137 2 OR
        85 n138 3 OR
        86 n139 6 MAJ
        87 n140 7 AND
        88 n141 8 AND
        89 n142 10 AND
        90 n143 12 MAJ
        91 n144 6 AND
        92 n145 7 AND
        93 n146 8 OR
        94 n147 9 MAJ
        95 n148 7 AND
        96 n149 8 AND
        97 n150 10 MAJ
        98 n151 13 OR
        99 n152 14 MAJ
        100 n153 15 OR
        101 n154 4 MAJ
        102 n155 5 AND
        103 n156 3 MAJ
        104 n157 4 MAJ
        105 n158 5 OR
        106 n159 4 MAJ
        107 n160 5 OR
        108 n161 7 MAJ
        109 n162 8 AND
        110 n163 3 OR
        111 n164 6 AND
        112 n165 7 OR
        113 n166 9 MAJ
        114 n167 6 AND
        115 n168 7 AND
        116 n169 8 OR
        117 n170 9 MAJ
        118 n171 7 AND
        119 n172 8 AND
        120 n173 10 MAJ
        121 n174 11 OR
        122 n175 12 MAJ
        123 n176 13 OR
        124 n177 3 AND
        125 n178 4 MAJ
        126 n179 6 AND
        127 n180 3 MAJ
        128 n181 4 MAJ
        129 n182 5 OR
        130 n183 4 MAJ
        131 n184 5 OR
        132 n185 7 MAJ
        133 n186 8 AND
        134 n187 3 OR
        135 n188 6 AND
        136 n189 7 OR
        137 n190 9 MAJ
        138 n191 6 AND
        139 n192 8 AND
        140 n193 9 OR
        141 n194 10 MAJ
        142 n195 7 AND
        143 n196 8 AND
        144 n197 11 MAJ
        145 n198 12 OR
        146 n199 13 MAJ
        147 n200 14 OR
        148 n201 3 AND
        149 n202 4 MAJ
        150 n203 6 AND
        151 n204 3 MAJ
        152 n205 4 MAJ
        153 n206 5 OR
        154 n207 3 OR
        155 n208 5 MAJ
        156 n209 6 OR
        157 n210 6 AND
        158 n211 7 MAJ
        159 n212 9 AND
        160 n213 5 MAJ
        161 n214 6 OR
        162 n215 6 AND
        163 n216 7 OR
        164 n217 10 MAJ
        165 n218 6 AND
        166 n219 8 AND
        167 n220 9 OR
        168 n221 10 MAJ
        169 n222 8 AND
        170 n223 9 AND
        171 n224 11 MAJ
        172 n225 12 OR
        173 n226 13 MAJ
        174 n227 14 OR
        175 n228 3 AND
        176 n229 4 MAJ
        177 n230 6 AND
        178 n231 2 OR
        179 n232 4 MAJ
        180 n233 5 OR
        181 n234 8 MAJ
        182 n235 10 AND
        183 n236 11 OR
        184 n237 12 MAJ
        185 n29 2 AND
        186 n30 4 AND
        187 n31 5 OR
        188 n32 3 AND
        189 n33 4 AND
        190 n34 5 OR
        191 n35 3 AND
        192 n36 4 AND
        193 n37 5 OR
        194 n38 2 AND
        195 n39 4 AND
        196 n40 5 OR
        197 n41 3 AND
        198 n42 4 AND
        199 n43 5 OR
        200 n44 3 AND
        201 n45 4 AND
        202 n46 5 OR
        203 n47 2 AND
        204 n48 4 AND
        205 n49 5 OR
        206 n50 3 AND
        207 n51 4 AND
        208 n52 5 OR
        209 n53 4 MAJ
        210 n54 4 MAJ
        211 n55 6 AND
        212 n56 3 AND
        213 n57 3 MAJ
        214 n58 5 AND
        215 n59 3 AND
        216 n60 6 OR
        217 n61 7 MAJ
        218 n62 4 AND
        219 n63 5 MAJ
        220 n64 6 AND
        221 n65 3 AND
        222 n66 7 OR
        223 n67 8 MAJ
        224 n68 3 OR
        225 n69 4 AND
        226 n70 5 MAJ
        227 n71 6 MAJ
        228 n72 7 AND
        229 n73 8 OR
        230 n74 9 MAJ
        231 n75 8 OR
        232 n76 10 MAJ
        233 n77 11 OR
        234 n78 4 AND
        235 n79 5 MAJ
        236 n80 7 AND
        237 n81 3 OR
        238 n82 9 AND
        239 n83 10 MAJ
        240 n84 4 AND
        241 n85 11 AND
        242 n86 12 MAJ
        243 n87 3 AND
        244 n88 13 AND
        245 n89 14 MAJ
        246 n90 3 AND
        247 n91 3 MAJ
        248 n92 4 MAJ
        249 n93 5 OR
        250 n94 6 MAJ
        251 n95 7 AND
        252 n96 8 AND
        253 n97 10 AND
        254 n98 12 MAJ
        255 n99 6 AND
        256 v1 3 VIR
        257 v10 1 VIR
        258 v11 1 VIR
        259 v12 1 VIR
        260 v13 1 VIR
        261 v14 1 VIR
        262 v15 1 VIR
        263 v16 1 VIR
        264 v17 1 VIR
        265 v18 1 VIR
        266 v19 1 VIR
        267 v2 3 VIR
        268 v20 1 VIR
        269 v21 1 VIR
        270 v22 1 VIR
        271 v23 1 VIR
        272 v24 1 VIR
        273 v25 1 VIR
        274 v26 1 VIR
        275 v27 1 VIR
        276 v28 1 VIR
        277 v29 1 VIR
        278 v3 3 VIR
        279 v30 1 VIR
        280 v31 1 VIR
        281 v32 1 VIR
        282 v33 1 VIR
        283 v34 1 VIR
        284 v35 1 VIR
        285 v36 1 VIR
        286 v37 1 VIR
        287 v38 1 VIR
        288 v39 1 VIR
        289 v4 4 VIR
        290 v40 1 VIR
        291 v41 1 VIR
        292 v42 2 VIR
        293 v43 2 VIR
        294 v44 2 VIR
        295 v45 2 VIR
        296 v46 2 VIR
        297 v47 2 VIR
        298 v48 2 VIR
        299 v49 2 VIR
        300 v5 4 VIR
        301 v50 2 VIR
        302 v51 2 VIR
        303 v52 2 VIR
        304 v53 2 VIR
        305 v54 2 VIR
        306 v55 2 VIR
        307 v56 2 VIR
        308 v57 2 VIR
        309 v58 2 VIR
        310 v59 2 VIR
        311 v6 4 VIR
        312 v60 2 VIR
        313 v61 2 VIR
        314 v62 2 VIR
        315 v63 2 VIR
        316 v64 2 VIR
        317 v65 2 VIR
        318 v66 2 VIR
        319 v67 2 VIR
        320 v68 2 VIR
        321 v69 2 VIR
        322 v7 5 VIR
        323 v70 2 VIR
        324 v71 2 VIR
        325 v72 2 VIR
        326 v73 2 VIR
        327 v74 2 VIR
        328 v75 2 VIR
        329 v76 2 VIR
        330 v77 2 VIR
        331 v8 1 VIR
        332 v9 1 VIR
        333 not1 2 INV
        334 not2 2 INV
        335 not3 2 INV
        336 not4 2 INV
        337 not5 3 INV
        338 not6 2 INV
        339 not7 3 INV
        340 not8 3 INV
        341 not9 3 INV
        342 not10 3 INV
        343 not11 3 INV
        344 not12 3 INV
        345 not13 3 INV
        346 not14 2 INV
        347 not15 3 INV
        348 not16 3 INV
        349 not17 3 INV
        350 not18 3 INV
        351 not19 3 INV
        352 not20 3 INV
        353 not21 3 INV
        354 not22 3 INV
        355 not23 3 INV
        356 not24 3 INV
        357 not25 3 INV
        358 not26 2 INV
        359 not27 3 INV
        360 not28 3 INV
        361 not29 3 INV
        362 not30 2 INV
        363 not31 3 INV
        364 not32 2 INV
        365 not33 3 INV
        366 not34 4 INV
        367 not35 5 INV
        368 not36 5 INV
        369 not37 4 INV
        370 not38 4 INV
        371 not39 5 INV
        372 not40 3 INV
        373 not41 3 INV
        374 not42 4 INV
        375 not43 6 INV
        376 not44 3 INV
        377 not45 6 INV
        378 not46 3 INV
        379 not47 3 INV
        380 not48 3 INV
        381 not49 5 INV
        382 not50 2 INV
        383 not51 6 INV
        384 not52 2 INV
        385 not53 4 INV
        386 not54 3 INV
        387 not55 4 INV
        388 not56 5 INV
        389 not57 3 INV
        390 not58 4 INV
        391 not59 5 INV
        392 not60 3 INV
        393 not61 4 INV
        394 not62 6 INV
        395 not63 5 INV
        396 not64 5 INV
        397 not65 7 INV
        398 not66 4 INV
        399 not67 7 INV
        400 not68 7 INV
        401 not69 7 INV
        402 not70 5 INV
        403 not71 8 INV
        404 not72 5 INV
        405 not73 2 INV
        406 not74 3 INV
        407 not75 3 INV
        408 not76 3 INV
        409 not77 3 INV
        410 not78 8 INV
        411 not79 3 INV
        412 not80 9 INV
        413 not81 5 INV
        414 not82 8 INV
        415 not83 9 INV
        416 not84 9 INV
        417 not85 9 INV
        418 not86 9 INV
        419 not87 11 INV
        420 not88 9 INV
        421 not89 11 INV
        422 not90 9 INV
        423 not91 9 INV
        424 not92 9 INV
        425 not93 10 INV
        426 not94 5 INV
        427 not95 5 INV
        428 not96 11 INV
        429 not97 9 INV
        430 not98 5 INV
        431 not99 4 INV
        432 not100 5 INV
        433 not101 5 INV
        434 not102 6 INV
        435 not103 7 INV
        436 not104 7 INV
        437 not105 4 INV
        438 not106 6 INV
        439 not107 6 INV
        440 not108 6 INV
        441 not109 6 INV
        442 not110 6 INV
        443 not111 6 INV
        444 not112 6 INV
        445 not113 6 INV
    ]
    edge:
    [
        11 257
        11 258
        11 259
        12 260
        12 261
        12 262
        13 263
        13 264
        13 265
        3 266
        3 268
        3 269
        22 270
        4 271
        5 272
        5 273
        5 274
        6 275
        6 276
        6 277
        7 279
        7 280
        7 281
        8 282
        8 283
        8 284
        9 285
        9 286
        9 287
        10 288
        10 290
        10 291
        2 331
        2 332
        272 61
        285 61
        282 62
        288 62
        285 78
        288 78
        288 84
        257 84
        257 333
        333 124
        2 124
        331 334
        334 148
        4 148
        332 178
        271 178
        275 185
        270 185
        276 194
        25 194
        277 203
        28 203
        286 335
        335 246
        290 246
        257 292
        260 293
        266 294
        266 295
        266 296
        268 297
        268 298
        268 299
        269 301
        269 302
        269 303
        272 304
        272 305
        273 306
        273 307
        274 308
        274 309
        275 310
        275 312
        276 313
        276 314
        277 315
        277 316
        279 317
        279 318
        280 319
        280 320
        281 321
        281 323
        282 324
        282 325
        283 326
        283 327
        284 328
        284 329
        285 330
        290 336
        336 56
        292 56
        294 58
        317 58
        17 58
        317 337
        337 59
        295 59
        25 59
        258 338
        338 79
        260 79
        78 79
        295 81
        318 81
        18 81
        318 339
        339 82
        295 82
        26 82
        324 85
        61 85
        293 340
        340 101
        263 101
        84 101
        296 103
        280 103
        19 103
        319 341
        341 104
        296 104
        27 104
        62 342
        342 106
        258 106
        260 106
        324 110
        330 110
        261 125
        263 125
        124 125
        296 127
        319 127
        20 127
        319 343
        343 128
        297 128
        28 128
        84 344
        344 130
        293 130
        263 130
        325 134
        78 134
        261 149
        264 149
        148 149
        297 151
        320 151
        21 151
        320 345
        345 152
        1 152
        297 152
        331 154
        292 154
        287 346
        346 175
        326 175
        178 347
        347 179
        262 179
        265 179
        310 348
        348 186
        329 186
        310 188
        23 188
        310 349
        349 189
        287 189
        312 191
        24 191
        312 350
        350 192
        291 192
        313 351
        351 195
        259 195
        313 197
        26 197
        313 352
        352 198
        262 198
        314 200
        27 200
        314 353
        353 201
        265 201
        315 354
        354 204
        332 204
        1 206
        315 206
        315 355
        355 207
        271 207
        305 356
        356 209
        325 209
        22 209
        307 357
        357 210
        323 210
        328 210
        321 212
        14 212
        283 358
        358 213
        305 213
        14 213
        307 215
        328 215
        298 359
        359 218
        14 218
        302 221
        309 221
        304 224
        324 224
        304 360
        360 234
        298 234
        299 237
        321 237
        303 361
        361 240
        323 240
        287 362
        362 243
        303 243
        294 247
        279 247
        16 247
        317 363
        363 248
        294 248
        24 248
        61 256
        62 267
        84 278
        286 364
        364 57
        56 57
        58 60
        59 60
        78 365
        365 80
        79 80
        81 83
        82 83
        278 366
        366 102
        101 102
        103 105
        104 105
        267 107
        106 107
        125 367
        367 126
        124 126
        127 129
        128 129
        278 131
        130 131
        149 368
        368 150
        148 150
        151 153
        152 153
        154 369
        369 155
        261 155
        264 155
        110 370
        370 160
        291 160
        259 160
        291 176
        259 176
        175 176
        178 180
        179 180
        185 187
        186 187
        188 190
        189 190
        191 193
        192 193
        194 196
        195 196
        197 199
        198 199
        200 202
        201 202
        203 205
        204 205
        206 208
        207 208
        210 371
        371 211
        209 211
        209 214
        213 214
        321 219
        270 219
        218 219
        298 225
        224 225
        330 372
        372 235
        325 235
        234 235
        247 249
        248 249
        85 289
        110 300
        224 311
        234 322
        61 373
        373 63
        60 63
        62 63
        258 68
        60 68
        278 374
        374 86
        83 86
        85 86
        262 91
        83 91
        107 375
        375 108
        256 108
        105 108
        299 376
        376 111
        105 111
        264 114
        105 114
        131 377
        377 132
        289 132
        129 132
        301 378
        378 135
        129 135
        331 138
        129 138
        154 156
        155 156
        304 379
        379 157
        153 157
        110 161
        160 161
        301 380
        380 162
        153 162
        4 165
        153 165
        176 381
        381 177
        175 177
        212 216
        214 216
        218 220
        219 220
        281 382
        382 226
        22 226
        225 226
        235 383
        383 236
        234 236
        286 384
        384 250
        224 250
        249 250
        290 255
        249 255
        246 385
        385 47
        255 47
        326 386
        386 50
        255 50
        267 387
        387 64
        63 64
        57 388
        388 69
        68 69
        327 389
        389 72
        68 72
        85 390
        390 87
        86 87
        80 391
        391 92
        91 92
        328 392
        392 95
        91 95
        256 393
        393 109
        108 109
        300 112
        111 112
        102 394
        394 115
        114 115
        300 395
        395 118
        114 118
        289 396
        396 133
        132 133
        134 136
        135 136
        126 397
        397 139
        138 139
        134 398
        398 142
        138 142
        134 158
        156 158
        157 158
        161 163
        162 163
        150 399
        399 166
        165 166
        161 400
        400 169
        165 169
        177 401
        401 181
        322 181
        180 181
        214 217
        215 217
        216 217
        329 222
        220 222
        225 402
        402 227
        299 227
        226 227
        236 403
        403 238
        23 238
        311 404
        404 251
        250 251
        326 48
        47 48
        274 405
        405 51
        50 51
        273 65
        64 65
        327 70
        69 70
        308 406
        406 73
        72 73
        306 88
        87 88
        284 93
        92 93
        308 407
        407 96
        95 96
        109 113
        111 113
        112 113
        306 116
        115 116
        308 408
        408 119
        118 119
        133 137
        135 137
        136 137
        306 140
        139 140
        309 409
        409 143
        142 143
        158 410
        410 159
        157 159
        307 167
        166 167
        309 411
        411 170
        169 170
        181 412
        412 182
        322 182
        220 223
        221 223
        222 223
        225 413
        413 228
        227 228
        211 231
        217 231
        236 414
        414 239
        237 239
        238 239
        305 252
        251 252
        251 49
        47 49
        48 49
        65 415
        415 66
        302 66
        64 71
        69 71
        70 71
        88 416
        416 89
        302 89
        87 94
        92 94
        93 94
        109 117
        115 117
        116 117
        133 141
        139 141
        140 141
        159 164
        162 164
        163 164
        159 168
        166 168
        167 168
        316 183
        182 183
        212 229
        228 229
        15 241
        239 241
        252 417
        417 253
        301 253
        51 418
        418 52
        255 52
        49 52
        66 419
        419 67
        60 67
        65 67
        73 420
        420 74
        68 74
        71 74
        89 421
        421 90
        83 90
        88 90
        96 422
        422 97
        91 97
        94 97
        119 423
        423 120
        114 120
        117 120
        143 424
        424 144
        138 144
        141 144
        170 425
        425 171
        165 171
        168 171
        221 184
        182 184
        183 184
        311 426
        426 230
        228 230
        229 230
        240 427
        427 242
        239 242
        241 242
        253 428
        428 254
        249 254
        252 254
        254 53
        52 53
        67 75
        74 75
        90 98
        97 98
        113 121
        120 121
        137 145
        144 145
        164 172
        171 172
        231 429
        429 232
        223 232
        230 232
        311 430
        430 244
        242 244
        246 431
        431 54
        251 54
        53 54
        57 432
        432 76
        64 76
        75 76
        80 433
        433 99
        87 99
        98 99
        102 434
        434 122
        109 122
        121 122
        126 435
        435 146
        133 146
        145 146
        150 436
        436 173
        159 173
        172 173
        231 233
        232 233
        243 437
        437 245
        242 245
        244 245
        53 55
        54 55
        75 77
        76 77
        98 100
        99 100
        121 123
        122 123
        145 147
        146 147
        172 174
        173 174
        187 438
        438 29
        190 439
        439 30
        193 440
        440 31
        196 441
        441 32
        199 442
        442 33
        202 443
        443 34
        205 444
        444 35
        208 445
        445 36
        316 37
        233 38
        245 39
        55 40
        77 41
        100 42
        123 43
        147 44
        174 45
        184 46
    ]
]
