circuit_name:chtnew_processed
[
    node:
    [
        1 x0 0 PI
        2 x1 0 PI
        3 x2 0 PI
        4 x3 0 PI
        5 x4 0 PI
        6 x5 0 PI
        7 x6 0 PI
        8 x7 0 PI
        9 x8 0 PI
        10 x9 0 PI
        11 x10 0 PI
        12 x11 0 PI
        13 x12 0 PI
        14 x13 0 PI
        15 x14 0 PI
        16 x15 0 PI
        17 x16 0 PI
        18 x17 0 PI
        19 x18 0 PI
        20 x19 0 PI
        21 x20 0 PI
        22 x21 0 PI
        23 x22 0 PI
        24 x23 0 PI
        25 x24 0 PI
        26 x25 0 PI
        27 x26 0 PI
        28 x27 0 PI
        29 x28 0 PI
        30 x29 0 PI
        31 x30 0 PI
        32 x31 0 PI
        33 x32 0 PI
        34 x33 0 PI
        35 x34 0 PI
        36 x35 0 PI
        37 x36 0 PI
        38 x37 0 PI
        39 x38 0 PI
        40 x39 0 PI
        41 x40 0 PI
        42 x41 0 PI
        43 x42 0 PI
        44 x43 0 PI
        45 x44 0 PI
        46 x45 0 PI
        47 x46 0 PI
        48 y0 7 PO
        49 y1 10 PO
        50 y2 10 PO
        51 y3 7 PO
        52 y4 10 PO
        53 y5 7 PO
        54 y6 7 PO
        55 y7 11 PO
        56 y8 7 PO
        57 y9 10 PO
        58 y10 7 PO
        59 y11 10 PO
        60 y12 7 PO
        61 y13 7 PO
        62 y14 7 PO
        63 y15 7 PO
        64 y16 7 PO
        65 y17 7 PO
        66 y18 7 PO
        67 y19 7 PO
        68 y20 7 PO
        69 y21 7 PO
        70 y22 7 PO
        71 y23 7 PO
        72 y24 7 PO
        73 y25 7 PO
        74 y26 7 PO
        75 y27 7 PO
        76 y28 7 PO
        77 y29 7 PO
        78 y30 7 PO
        79 y31 10 PO
        80 y32 12 PO
        81 y33 7 PO
        82 y34 7 PO
        83 y35 10 PO
        84 n100 5 MAJ
        85 n101 7 AND
        86 n102 5 AND
        87 n103 6 AND
        88 n104 6 MAJ
        89 n105 7 AND
        90 n106 8 OR
        91 n107 9 OR
        92 n108 4 MAJ
        93 n109 5 MAJ
        94 n110 6 AND
        95 n111 4 AND
        96 n112 5 MAJ
        97 n113 7 AND
        98 n114 5 AND
        99 n115 6 AND
        100 n116 6 MAJ
        101 n117 7 AND
        102 n118 8 OR
        103 n119 9 OR
        104 n120 4 MAJ
        105 n121 5 MAJ
        106 n122 6 AND
        107 n123 4 MAJ
        108 n124 5 MAJ
        109 n125 6 AND
        110 n126 4 MAJ
        111 n127 5 MAJ
        112 n128 6 AND
        113 n129 4 MAJ
        114 n130 5 MAJ
        115 n131 6 AND
        116 n132 4 MAJ
        117 n133 5 MAJ
        118 n134 6 AND
        119 n135 4 MAJ
        120 n136 5 MAJ
        121 n137 6 AND
        122 n138 4 MAJ
        123 n139 5 MAJ
        124 n140 6 AND
        125 n141 4 MAJ
        126 n142 5 MAJ
        127 n143 6 AND
        128 n144 4 MAJ
        129 n145 5 MAJ
        130 n146 6 AND
        131 n147 4 MAJ
        132 n148 5 MAJ
        133 n149 6 AND
        134 n150 4 MAJ
        135 n151 5 MAJ
        136 n152 6 AND
        137 n153 4 MAJ
        138 n154 5 MAJ
        139 n155 6 AND
        140 n156 4 MAJ
        141 n157 5 MAJ
        142 n158 6 AND
        143 n159 4 MAJ
        144 n160 5 MAJ
        145 n161 6 AND
        146 n162 4 MAJ
        147 n163 5 MAJ
        148 n164 6 AND
        149 n165 4 MAJ
        150 n166 5 MAJ
        151 n167 6 AND
        152 n168 4 MAJ
        153 n169 5 MAJ
        154 n170 6 AND
        155 n171 5 MAJ
        156 n172 4 MAJ
        157 n173 6 AND
        158 n174 5 MAJ
        159 n175 4 MAJ
        160 n176 6 AND
        161 n177 4 AND
        162 n178 5 MAJ
        163 n179 7 AND
        164 n180 5 AND
        165 n181 6 AND
        166 n182 6 MAJ
        167 n183 7 AND
        168 n184 8 OR
        169 n185 9 OR
        170 n186 2 AND
        171 n187 5 MAJ
        172 n188 7 AND
        173 n189 4 AND
        174 n190 5 MAJ
        175 n191 7 AND
        176 n192 5 AND
        177 n193 3 AND
        178 n194 4 MAJ
        179 n195 6 AND
        180 n196 7 OR
        181 n197 8 MAJ
        182 n198 3 AND
        183 n199 4 MAJ
        184 n200 6 AND
        185 n201 1 AND
        186 n202 4 MAJ
        187 n203 6 AND
        188 n204 7 OR
        189 n205 8 MAJ
        190 n206 9 OR
        191 n207 8 OR
        192 n208 10 MAJ
        193 n209 11 OR
        194 n210 5 MAJ
        195 n211 4 MAJ
        196 n212 6 AND
        197 n213 4 MAJ
        198 n214 5 MAJ
        199 n215 6 AND
        200 n216 4 AND
        201 n217 5 MAJ
        202 n218 7 AND
        203 n219 5 AND
        204 n220 6 AND
        205 n221 6 MAJ
        206 n222 7 AND
        207 n223 8 OR
        208 n224 9 OR
        209 n48 4 MAJ
        210 n49 5 MAJ
        211 n50 6 AND
        212 n51 4 AND
        213 n52 5 MAJ
        214 n53 7 AND
        215 n54 5 AND
        216 n55 6 AND
        217 n56 6 MAJ
        218 n57 7 AND
        219 n58 8 OR
        220 n59 9 OR
        221 n60 4 AND
        222 n61 5 MAJ
        223 n62 7 AND
        224 n63 5 AND
        225 n64 6 AND
        226 n65 6 MAJ
        227 n66 7 AND
        228 n67 8 OR
        229 n68 9 OR
        230 n69 4 MAJ
        231 n70 5 MAJ
        232 n71 6 AND
        233 n72 3 AND
        234 n73 4 MAJ
        235 n74 6 AND
        236 n75 5 AND
        237 n76 6 AND
        238 n77 6 MAJ
        239 n78 7 AND
        240 n79 8 OR
        241 n80 9 OR
        242 n81 4 MAJ
        243 n82 5 MAJ
        244 n83 6 AND
        245 n84 4 MAJ
        246 n85 5 MAJ
        247 n86 6 AND
        248 n87 4 AND
        249 n88 5 MAJ
        250 n89 7 AND
        251 n90 5 AND
        252 n91 6 MAJ
        253 n92 7 AND
        254 n93 8 OR
        255 n94 9 MAJ
        256 n95 10 OR
        257 n96 4 MAJ
        258 n97 5 MAJ
        259 n98 6 AND
        260 n99 4 AND
        261 v1 1 VIR
        262 v10 1 VIR
        263 v11 1 VIR
        264 v12 1 VIR
        265 v13 1 VIR
        266 v14 1 VIR
        267 v15 1 VIR
        268 v16 1 VIR
        269 v17 1 VIR
        270 v18 1 VIR
        271 v19 1 VIR
        272 v2 1 VIR
        273 v20 2 VIR
        274 v21 2 VIR
        275 v22 2 VIR
        276 v23 2 VIR
        277 v24 2 VIR
        278 v25 2 VIR
        279 v26 2 VIR
        280 v27 2 VIR
        281 v28 2 VIR
        282 v29 2 VIR
        283 v3 1 VIR
        284 v30 2 VIR
        285 v31 2 VIR
        286 v32 2 VIR
        287 v33 2 VIR
        288 v34 2 VIR
        289 v35 2 VIR
        290 v36 2 VIR
        291 v37 2 VIR
        292 v38 2 VIR
        293 v39 2 VIR
        294 v4 1 VIR
        295 v40 2 VIR
        296 v41 2 VIR
        297 v42 2 VIR
        298 v43 2 VIR
        299 v44 2 VIR
        300 v45 2 VIR
        301 v46 2 VIR
        302 v47 2 VIR
        303 v48 2 VIR
        304 v49 2 VIR
        305 v5 1 VIR
        306 v50 2 VIR
        307 v51 2 VIR
        308 v52 2 VIR
        309 v53 2 VIR
        310 v54 2 VIR
        311 v55 2 VIR
        312 v56 3 VIR
        313 v57 3 VIR
        314 v58 3 VIR
        315 v59 3 VIR
        316 v6 1 VIR
        317 v60 3 VIR
        318 v61 3 VIR
        319 v62 3 VIR
        320 v63 3 VIR
        321 v64 3 VIR
        322 v65 3 VIR
        323 v66 3 VIR
        324 v67 3 VIR
        325 v68 3 VIR
        326 v69 3 VIR
        327 v7 1 VIR
        328 v70 3 VIR
        329 v71 3 VIR
        330 v72 3 VIR
        331 v73 3 VIR
        332 v74 3 VIR
        333 v75 3 VIR
        334 v76 3 VIR
        335 v77 3 VIR
        336 v78 3 VIR
        337 v79 3 VIR
        338 v8 1 VIR
        339 v80 3 VIR
        340 v81 3 VIR
        341 v82 3 VIR
        342 v83 3 VIR
        343 v84 3 VIR
        344 v85 3 VIR
        345 v86 3 VIR
        346 v87 3 VIR
        347 v88 3 VIR
        348 v89 3 VIR
        349 v9 1 VIR
        350 v90 3 VIR
        351 not1 2 INV
        352 not2 2 INV
        353 not3 3 INV
        354 not4 3 INV
        355 not5 3 INV
        356 not6 3 INV
        357 not7 3 INV
        358 not8 3 INV
        359 not9 3 INV
        360 not10 3 INV
        361 not11 4 INV
        362 not12 4 INV
        363 not13 1 INV
        364 not14 4 INV
        365 not15 3 INV
        366 not16 4 INV
        367 not17 1 INV
        368 not18 4 INV
        369 not19 1 INV
        370 not20 4 INV
        371 not21 1 INV
        372 not22 4 INV
        373 not23 1 INV
        374 not24 4 INV
        375 not25 1 INV
        376 not26 4 INV
        377 not27 1 INV
        378 not28 4 INV
        379 not29 1 INV
        380 not30 4 INV
        381 not31 1 INV
        382 not32 4 INV
        383 not33 1 INV
        384 not34 4 INV
        385 not35 1 INV
        386 not36 4 INV
        387 not37 2 INV
        388 not38 4 INV
        389 not39 1 INV
        390 not40 4 INV
        391 not41 1 INV
        392 not42 4 INV
        393 not43 1 INV
        394 not44 4 INV
        395 not45 1 INV
        396 not46 4 INV
        397 not47 2 INV
        398 not48 4 INV
        399 not49 1 INV
        400 not50 4 INV
        401 not51 4 INV
        402 not52 1 INV
        403 not53 4 INV
        404 not54 1 INV
        405 not55 4 INV
        406 not56 4 INV
        407 not57 4 INV
        408 not58 4 INV
        409 not59 4 INV
        410 not60 3 INV
        411 not61 1 INV
        412 not62 2 INV
        413 not63 4 INV
        414 not64 1 INV
        415 not65 1 INV
        416 not66 4 INV
        417 not67 4 INV
        418 not68 4 INV
        419 not69 1 INV
        420 not70 4 INV
        421 not71 3 INV
        422 not72 4 INV
        423 not73 3 INV
        424 not74 4 INV
        425 not75 1 INV
        426 not76 4 INV
        427 not77 3 INV
        428 not78 4 INV
        429 not79 1 INV
        430 not80 4 INV
        431 not81 1 INV
        432 not82 4 INV
        433 not83 3 INV
        434 not84 4 INV
        435 not85 1 INV
        436 not86 4 INV
        437 not87 6 INV
        438 not88 3 INV
        439 not89 5 INV
        440 not90 6 INV
        441 not91 4 INV
        442 not92 5 INV
        443 not93 5 INV
        444 not94 5 INV
        445 not95 5 INV
        446 not96 5 INV
        447 not97 5 INV
        448 not98 5 INV
        449 not99 5 INV
        450 not100 5 INV
        451 not101 5 INV
        452 not102 5 INV
        453 not103 5 INV
        454 not104 5 INV
        455 not105 5 INV
        456 not106 5 INV
        457 not107 5 INV
        458 not108 5 INV
        459 not109 5 INV
        460 not110 5 INV
        461 not111 6 INV
        462 not112 4 INV
        463 not113 6 INV
        464 not114 6 INV
        465 not115 5 INV
        466 not116 5 INV
        467 not117 5 INV
        468 not118 5 INV
        469 not119 5 INV
        470 not120 6 INV
        471 not121 3 INV
        472 not122 5 INV
        473 not123 6 INV
        474 not124 3 INV
        475 not125 6 INV
        476 not126 4 INV
        477 not127 5 INV
        478 not128 5 INV
        479 not129 3 INV
        480 not130 5 INV
        481 not131 5 INV
        482 not132 6 INV
        483 not133 5 INV
        484 not134 4 INV
        485 not135 4 INV
        486 not136 9 INV
    ]
    edge:
    [
        25 185
        26 185
        1 261
        41 262
        42 263
        42 264
        42 265
        43 266
        43 267
        43 268
        44 269
        44 270
        44 271
        1 272
        1 283
        25 294
        26 305
        28 316
        28 327
        41 338
        41 349
        305 170
        316 170
        261 351
        351 182
        25 182
        272 352
        352 233
        30 233
        261 273
        261 274
        262 275
        263 276
        263 277
        263 278
        264 279
        264 280
        264 281
        265 282
        265 284
        265 285
        266 286
        266 287
        266 288
        267 289
        267 290
        267 291
        268 292
        268 293
        268 295
        269 296
        269 297
        269 298
        270 299
        270 300
        270 301
        271 302
        271 303
        271 304
        272 306
        272 307
        283 308
        283 309
        338 310
        349 311
        306 353
        353 95
        38 95
        306 354
        354 161
        27 161
        273 355
        355 173
        305 173
        273 177
        28 177
        307 356
        356 200
        29 200
        274 357
        357 212
        32 212
        274 358
        358 221
        34 221
        273 359
        359 248
        316 248
        306 360
        360 260
        36 260
        276 312
        286 313
        287 314
        288 315
        289 317
        290 318
        292 319
        293 320
        296 321
        296 322
        296 323
        297 324
        297 325
        297 326
        298 328
        298 329
        298 330
        299 331
        299 332
        299 333
        300 334
        300 335
        300 336
        301 337
        301 339
        301 340
        302 341
        302 342
        302 343
        303 344
        303 345
        303 346
        304 347
        304 348
        304 350
        317 361
        361 84
        328 84
        260 84
        324 362
        362 86
        34 86
        17 363
        363 92
        277 92
        333 92
        333 364
        364 93
        15 93
        278 93
        290 365
        365 96
        326 96
        95 96
        325 366
        366 98
        36 98
        15 367
        367 104
        278 104
        333 104
        334 368
        368 105
        13 105
        278 105
        21 369
        369 107
        279 107
        334 107
        334 370
        370 108
        19 108
        279 108
        19 371
        371 110
        279 110
        335 110
        335 372
        372 111
        17 111
        280 111
        4 373
        373 113
        280 113
        335 113
        347 374
        374 114
        2 114
        280 114
        2 375
        375 116
        281 116
        347 116
        346 376
        376 117
        21 117
        281 117
        8 377
        377 119
        281 119
        345 119
        345 378
        378 120
        6 120
        282 120
        6 379
        379 122
        282 122
        345 122
        343 380
        380 123
        4 123
        282 123
        12 381
        381 125
        284 125
        346 125
        344 382
        382 126
        10 126
        284 126
        10 383
        383 128
        284 128
        350 128
        336 384
        384 129
        8 129
        285 129
        16 385
        385 131
        295 131
        336 131
        337 386
        386 132
        14 132
        320 132
        327 387
        387 134
        285 134
        337 134
        337 388
        388 135
        12 135
        285 135
        20 389
        389 137
        320 137
        339 137
        339 390
        390 138
        18 138
        293 138
        18 391
        391 140
        293 140
        339 140
        340 392
        392 141
        16 141
        295 141
        23 393
        393 143
        319 143
        340 143
        341 394
        394 144
        22 144
        295 144
        22 395
        395 146
        291 146
        341 146
        341 396
        396 147
        20 147
        291 147
        294 397
        397 149
        291 149
        342 149
        342 398
        398 150
        24 150
        292 150
        24 399
        399 152
        292 152
        342 152
        350 400
        400 153
        23 153
        319 153
        343 401
        401 155
        349 155
        45 155
        37 402
        402 156
        349 156
        343 156
        344 403
        403 158
        311 158
        46 158
        39 404
        404 159
        311 159
        344 159
        318 405
        405 162
        329 162
        161 162
        325 406
        406 164
        305 164
        313 407
        407 171
        324 171
        170 171
        313 408
        408 174
        323 174
        173 174
        323 409
        409 176
        294 176
        286 410
        410 178
        322 178
        177 178
        26 411
        411 183
        321 183
        182 183
        316 412
        412 186
        321 186
        185 186
        347 413
        413 194
        262 194
        47 194
        40 414
        414 195
        262 195
        348 195
        31 415
        415 197
        275 197
        348 197
        348 416
        416 198
        309 198
        275 198
        317 417
        417 201
        328 201
        200 201
        324 418
        418 203
        27 203
        33 419
        419 209
        338 209
        332 209
        329 420
        420 210
        3 210
        338 210
        290 421
        421 213
        326 213
        212 213
        322 422
        422 215
        30 215
        289 423
        423 222
        326 222
        221 222
        323 424
        424 224
        32 224
        9 425
        425 230
        276 230
        329 230
        330 426
        426 231
        7 231
        276 231
        289 427
        427 234
        328 234
        233 234
        322 428
        428 236
        29 236
        35 429
        429 242
        310 242
        330 242
        331 430
        430 243
        5 243
        310 243
        13 431
        431 245
        312 245
        331 245
        331 432
        432 246
        11 246
        312 246
        286 433
        433 249
        325 249
        248 249
        321 434
        434 251
        38 251
        11 435
        435 257
        277 257
        332 257
        332 436
        436 258
        9 258
        277 258
        84 437
        437 85
        260 85
        308 87
        86 87
        288 438
        438 88
        36 88
        86 88
        92 439
        439 94
        93 94
        96 440
        440 97
        95 97
        308 99
        98 99
        315 441
        441 100
        38 100
        98 100
        104 442
        442 106
        105 106
        107 443
        443 109
        108 109
        110 444
        444 112
        111 112
        113 445
        445 115
        114 115
        116 446
        446 118
        117 118
        119 447
        447 121
        120 121
        122 448
        448 124
        123 124
        125 449
        449 127
        126 127
        128 450
        450 130
        129 130
        131 451
        451 133
        132 133
        134 452
        452 136
        135 136
        137 453
        453 139
        138 139
        140 454
        454 142
        141 142
        143 455
        455 145
        144 145
        146 456
        456 148
        147 148
        149 457
        457 151
        150 151
        152 458
        458 154
        153 154
        156 459
        459 157
        155 157
        159 460
        460 160
        158 160
        162 461
        461 163
        161 163
        308 165
        164 165
        315 462
        462 166
        27 166
        164 166
        171 463
        463 172
        170 172
        174 464
        464 175
        173 175
        178 465
        465 179
        177 179
        183 466
        466 184
        182 184
        186 467
        467 187
        185 187
        195 468
        468 196
        194 196
        197 469
        469 199
        198 199
        201 470
        470 202
        200 202
        309 204
        203 204
        287 471
        471 205
        29 205
        203 205
        209 472
        472 211
        210 211
        213 473
        473 214
        212 214
        307 216
        215 216
        287 474
        474 217
        32 217
        215 217
        222 475
        475 223
        221 223
        307 225
        224 225
        314 476
        476 226
        34 226
        224 226
        230 477
        477 232
        231 232
        234 478
        478 235
        233 235
        283 237
        236 237
        288 479
        479 238
        30 238
        236 238
        242 480
        480 244
        243 244
        245 481
        481 247
        246 247
        249 482
        482 250
        248 250
        274 252
        327 252
        251 252
        257 483
        483 259
        258 259
        86 89
        88 89
        98 101
        100 101
        164 167
        166 167
        176 180
        179 180
        184 188
        187 188
        172 191
        175 191
        203 206
        205 206
        215 218
        217 218
        224 227
        226 227
        236 239
        238 239
        251 253
        252 253
        87 90
        89 90
        99 102
        101 102
        165 168
        167 168
        177 181
        179 181
        180 181
        314 484
        484 189
        176 189
        188 189
        204 207
        206 207
        216 219
        218 219
        225 228
        227 228
        237 240
        239 240
        250 254
        253 254
        85 91
        90 91
        97 103
        102 103
        163 169
        168 169
        188 190
        189 190
        202 208
        207 208
        214 220
        219 220
        223 229
        228 229
        235 241
        240 241
        318 485
        485 255
        251 255
        254 255
        191 486
        486 192
        181 192
        190 192
        254 256
        255 256
        191 193
        192 193
        211 48
        220 49
        229 50
        232 51
        241 52
        244 53
        247 54
        256 55
        259 56
        91 57
        94 58
        103 59
        106 60
        109 61
        112 62
        115 63
        118 64
        121 65
        124 66
        127 67
        130 68
        133 69
        136 70
        139 71
        142 72
        145 73
        148 74
        151 75
        154 76
        157 77
        160 78
        169 79
        193 80
        196 81
        199 82
        208 83
    ]
]
