circuit_name:cm85anew_processed
[
    node:
    [
        1 x0 0 PI
        2 x1 0 PI
        3 x2 0 PI
        4 x3 0 PI
        5 x4 0 PI
        6 x5 0 PI
        7 x6 0 PI
        8 x7 0 PI
        9 x8 0 PI
        10 x9 0 PI
        11 x10 0 PI
        12 y0 11 PO
        13 y1 11 PO
        14 y2 11 PO
        15 n12 1 OR
        16 n13 3 MAJ
        17 n14 4 MAJ
        18 n15 1 OR
        19 n16 5 MAJ
        20 n17 6 MAJ
        21 n18 1 OR
        22 n19 7 MAJ
        23 n20 8 MAJ
        24 n21 2 AND
        25 n22 1 OR
        26 n23 3 MAJ
        27 n24 2 AND
        28 n25 5 OR
        29 n26 6 MAJ
        30 n27 2 AND
        31 n28 7 OR
        32 n29 8 MAJ
        33 n30 2 AND
        34 n31 9 OR
        35 n32 10 MAJ
        36 n33 1 OR
        37 n34 9 MAJ
        38 n35 10 MAJ
        39 n36 3 AND
        40 n37 2 OR
        41 n38 4 MAJ
        42 n39 3 AND
        43 n40 5 OR
        44 n41 6 MAJ
        45 n42 3 AND
        46 n43 7 OR
        47 n44 8 MAJ
        48 n45 3 AND
        49 n46 9 OR
        50 n47 10 MAJ
        51 v1 1 VIR
        52 v2 1 VIR
        53 v3 1 VIR
        54 v4 1 VIR
        55 v5 1 VIR
        56 v6 1 VIR
        57 v7 1 VIR
        58 v8 1 VIR
        59 not1 1 INV
        60 not2 1 INV
        61 not3 1 INV
        62 not4 1 INV
        63 not5 2 INV
        64 not6 2 INV
        65 not7 2 INV
        66 not8 2 INV
        67 not9 2 INV
        68 not10 2 INV
        69 not11 2 INV
        70 not12 2 INV
        71 not13 2 INV
        72 not14 2 INV
        73 not15 2 INV
        74 not16 2 INV
    ]
    edge:
    [
        4 15
        5 15
        6 18
        7 18
        8 21
        9 21
        4 59
        59 24
        5 24
        1 25
        2 25
        6 60
        60 27
        7 27
        8 61
        61 30
        9 30
        10 62
        62 33
        11 33
        10 36
        11 36
        11 51
        4 52
        5 53
        6 54
        7 55
        8 56
        9 57
        10 58
        15 63
        63 16
        2 16
        52 16
        1 26
        24 26
        25 26
        53 64
        64 39
        2 39
        3 40
        52 40
        55 65
        65 42
        54 42
        57 66
        66 45
        56 45
        51 67
        67 48
        58 48
        15 68
        68 17
        53 17
        16 17
        3 41
        39 41
        40 41
        18 69
        69 19
        55 19
        17 19
        17 28
        26 28
        17 43
        41 43
        18 70
        70 20
        54 20
        19 20
        26 29
        27 29
        28 29
        41 44
        42 44
        43 44
        21 71
        71 22
        57 22
        20 22
        20 31
        29 31
        20 46
        44 46
        21 72
        72 23
        56 23
        22 23
        29 32
        30 32
        31 32
        44 47
        45 47
        46 47
        23 34
        32 34
        36 73
        73 37
        51 37
        23 37
        23 49
        47 49
        32 35
        33 35
        34 35
        36 74
        74 38
        58 38
        37 38
        47 50
        48 50
        49 50
        35 12
        38 13
        50 14
    ]
]
