circuit_name:cmbnew_processed
[
    node:
    [
        1 x0 0 PI
        2 x1 0 PI
        3 x2 0 PI
        4 x3 0 PI
        5 x4 0 PI
        6 x5 0 PI
        7 x6 0 PI
        8 x7 0 PI
        9 x8 0 PI
        10 x9 0 PI
        11 x10 0 PI
        12 x11 0 PI
        13 x12 0 PI
        14 x13 0 PI
        15 x14 0 PI
        16 x15 0 PI
        17 y0 9 PO
        18 y1 21 PO
        19 y2 23 PO
        20 y3 11 PO
        21 n17 1 AND
        22 n18 3 MAJ
        23 n19 4 AND
        24 n20 1 AND
        25 n21 3 MAJ
        26 n22 4 AND
        27 n23 2 AND
        28 n24 5 MAJ
        29 n25 6 AND
        30 n26 7 AND
        31 n27 8 AND
        32 n28 2 AND
        33 n29 3 OR
        34 n30 4 MAJ
        35 n31 2 AND
        36 n32 3 OR
        37 n33 4 MAJ
        38 n34 2 AND
        39 n35 3 OR
        40 n36 4 MAJ
        41 n37 5 OR
        42 n38 6 MAJ
        43 n39 7 OR
        44 n40 8 OR
        45 n41 9 MAJ
        46 n42 10 OR
        47 n43 11 OR
        48 n44 12 OR
        49 n45 12 AND
        50 n46 13 AND
        51 n47 14 AND
        52 n48 13 AND
        53 n49 14 AND
        54 n50 15 MAJ
        55 n51 16 OR
        56 n52 18 MAJ
        57 n53 19 AND
        58 n54 20 OR
        59 n55 21 AND
        60 n56 2 OR
        61 n57 4 MAJ
        62 n58 5 OR
        63 n59 2 OR
        64 n60 4 MAJ
        65 n61 5 OR
        66 n62 2 OR
        67 n63 6 MAJ
        68 n64 7 OR
        69 n65 8 OR
        70 n66 9 OR
        71 v1 1 VIR
        72 v2 1 VIR
        73 v3 1 VIR
        74 v4 1 VIR
        75 v5 1 VIR
        76 v6 1 VIR
        77 v7 1 VIR
        78 v8 1 VIR
        79 not1 1 INV
        80 not2 1 INV
        81 not3 1 INV
        82 not4 2 INV
        83 not5 2 INV
        84 not6 1 INV
        85 not7 1 INV
        86 not8 1 INV
        87 not9 3 INV
        88 not10 3 INV
        89 not11 3 INV
        90 not12 1 INV
        91 not13 3 INV
        92 not14 1 INV
        93 not15 11 INV
        94 not16 2 INV
        95 not17 13 INV
        96 not18 17 INV
        97 not19 17 INV
        98 not20 20 INV
        99 not21 22 INV
        100 not22 10 INV
    ]
    edge:
    [
        7 21
        8 21
        3 24
        4 24
        9 79
        79 32
        10 32
        1 80
        80 35
        6 35
        13 81
        81 38
        14 38
        11 71
        12 72
        13 73
        6 74
        7 75
        8 76
        9 77
        10 78
        21 82
        82 22
        77 22
        78 22
        24 83
        83 25
        5 25
        6 25
        2 27
        72 27
        12 33
        32 33
        15 36
        35 36
        16 39
        38 39
        71 60
        72 60
        75 63
        76 63
        74 66
        16 66
        21 23
        22 23
        24 26
        25 26
        11 84
        84 34
        32 34
        33 34
        14 85
        85 37
        35 37
        36 37
        15 86
        86 40
        38 40
        39 40
        60 87
        87 61
        73 61
        14 61
        63 88
        88 64
        77 64
        78 64
        27 89
        89 28
        23 28
        26 28
        37 41
        40 41
        60 62
        61 62
        63 65
        64 65
        27 29
        28 29
        12 90
        90 42
        13 42
        41 42
        66 91
        91 67
        62 67
        65 67
        73 30
        29 30
        41 43
        42 43
        66 68
        67 68
        71 31
        30 31
        34 44
        43 44
        15 69
        68 69
        10 92
        92 45
        11 45
        44 45
        1 70
        69 70
        44 46
        45 46
        9 47
        46 47
        46 93
        93 49
        7 49
        8 48
        47 48
        77 94
        94 50
        49 50
        74 51
        50 51
        48 52
        49 52
        76 53
        52 53
        48 95
        95 54
        74 54
        53 54
        51 55
        54 55
        55 96
        96 56
        75 56
        48 56
        55 97
        97 57
        56 57
        1 58
        57 58
        57 98
        98 59
        16 59
        31 17
        58 18
        59 99
        99 19
        70 100
        100 20
    ]
]
