circuit_name:compnew_processed
[
    node:
    [
        1 x0 0 PI
        2 x1 0 PI
        3 x2 0 PI
        4 x3 0 PI
        5 x4 0 PI
        6 x5 0 PI
        7 x6 0 PI
        8 x7 0 PI
        9 x8 0 PI
        10 x9 0 PI
        11 x10 0 PI
        12 x11 0 PI
        13 x12 0 PI
        14 x13 0 PI
        15 x14 0 PI
        16 x15 0 PI
        17 x16 0 PI
        18 x17 0 PI
        19 x18 0 PI
        20 x19 0 PI
        21 x20 0 PI
        22 x21 0 PI
        23 x22 0 PI
        24 x23 0 PI
        25 x24 0 PI
        26 x25 0 PI
        27 x26 0 PI
        28 x27 0 PI
        29 x28 0 PI
        30 x29 0 PI
        31 x30 0 PI
        32 x31 0 PI
        33 y0 29 PO
        34 y1 24 PO
        35 y2 27 PO
        36 n100 14 OR
        37 n101 15 MAJ
        38 n102 16 OR
        39 n103 8 MAJ
        40 n104 9 OR
        41 n105 17 MAJ
        42 n106 10 MAJ
        43 n107 18 OR
        44 n108 2 AND
        45 n109 4 AND
        46 n110 6 MAJ
        47 n111 2 MAJ
        48 n112 2 MAJ
        49 n113 4 AND
        50 n114 7 MAJ
        51 n115 5 MAJ
        52 n116 9 AND
        53 n117 3 AND
        54 n118 11 AND
        55 n119 13 MAJ
        56 n120 5 AND
        57 n121 7 MAJ
        58 n122 3 AND
        59 n123 8 MAJ
        60 n124 10 AND
        61 n125 14 OR
        62 n126 15 MAJ
        63 n127 16 OR
        64 n128 8 MAJ
        65 n129 9 OR
        66 n130 17 MAJ
        67 n131 10 MAJ
        68 n132 18 OR
        69 n133 19 OR
        70 n134 21 MAJ
        71 n135 22 OR
        72 n136 20 AND
        73 n137 21 MAJ
        74 n138 23 AND
        75 n139 20 AND
        76 n140 19 AND
        77 n141 21 MAJ
        78 n142 24 OR
        79 n143 25 MAJ
        80 n144 26 OR
        81 n145 28 AND
        82 n33 2 AND
        83 n34 4 AND
        84 n35 6 MAJ
        85 n36 2 MAJ
        86 n37 2 MAJ
        87 n38 4 AND
        88 n39 7 MAJ
        89 n40 5 MAJ
        90 n41 9 AND
        91 n42 3 AND
        92 n43 11 AND
        93 n44 13 MAJ
        94 n45 5 AND
        95 n46 7 MAJ
        96 n47 3 AND
        97 n48 8 MAJ
        98 n49 10 AND
        99 n50 14 OR
        100 n51 15 MAJ
        101 n52 16 OR
        102 n53 8 MAJ
        103 n54 9 OR
        104 n55 17 MAJ
        105 n56 10 MAJ
        106 n57 18 OR
        107 n58 2 AND
        108 n59 4 AND
        109 n60 6 MAJ
        110 n61 2 MAJ
        111 n62 2 MAJ
        112 n63 4 AND
        113 n64 7 MAJ
        114 n65 5 MAJ
        115 n66 9 AND
        116 n67 3 AND
        117 n68 11 AND
        118 n69 13 MAJ
        119 n70 5 AND
        120 n71 7 MAJ
        121 n72 3 AND
        122 n73 8 MAJ
        123 n74 10 AND
        124 n75 14 OR
        125 n76 15 MAJ
        126 n77 16 OR
        127 n78 8 MAJ
        128 n79 9 OR
        129 n80 17 MAJ
        130 n81 10 MAJ
        131 n82 18 OR
        132 n83 2 AND
        133 n84 4 AND
        134 n85 6 MAJ
        135 n86 2 MAJ
        136 n87 2 MAJ
        137 n88 4 AND
        138 n89 7 MAJ
        139 n90 5 MAJ
        140 n91 9 AND
        141 n92 3 AND
        142 n93 11 AND
        143 n94 13 MAJ
        144 n95 5 AND
        145 n96 7 MAJ
        146 n97 3 AND
        147 n98 8 MAJ
        148 n99 10 AND
        149 v1 19 VIR
        150 v10 1 VIR
        151 v11 1 VIR
        152 v12 1 VIR
        153 v13 1 VIR
        154 v14 1 VIR
        155 v15 1 VIR
        156 v16 1 VIR
        157 v17 1 VIR
        158 v2 1 VIR
        159 v3 1 VIR
        160 v4 1 VIR
        161 v5 1 VIR
        162 v6 1 VIR
        163 v7 1 VIR
        164 v8 1 VIR
        165 v9 1 VIR
        166 not1 1 INV
        167 not2 1 INV
        168 not3 1 INV
        169 not4 1 INV
        170 not5 1 INV
        171 not6 1 INV
        172 not7 1 INV
        173 not8 1 INV
        174 not9 1 INV
        175 not10 1 INV
        176 not11 1 INV
        177 not12 1 INV
        178 not13 3 INV
        179 not14 3 INV
        180 not15 2 INV
        181 not16 2 INV
        182 not17 3 INV
        183 not18 3 INV
        184 not19 2 INV
        185 not20 2 INV
        186 not21 3 INV
        187 not22 3 INV
        188 not23 2 INV
        189 not24 2 INV
        190 not25 3 INV
        191 not26 3 INV
        192 not27 2 INV
        193 not28 2 INV
        194 not29 5 INV
        195 not30 1 INV
        196 not31 4 INV
        197 not32 5 INV
        198 not33 1 INV
        199 not34 4 INV
        200 not35 5 INV
        201 not36 1 INV
        202 not37 4 INV
        203 not38 5 INV
        204 not39 1 INV
        205 not40 4 INV
        206 not41 1 INV
        207 not42 6 INV
        208 not43 1 INV
        209 not44 6 INV
        210 not45 1 INV
        211 not46 6 INV
        212 not47 1 INV
        213 not48 6 INV
        214 not49 2 INV
        215 not50 8 INV
        216 not51 2 INV
        217 not52 8 INV
        218 not53 2 INV
        219 not54 8 INV
        220 not55 2 INV
        221 not56 8 INV
        222 not57 10 INV
        223 not58 9 INV
        224 not59 10 INV
        225 not60 9 INV
        226 not61 10 INV
        227 not62 9 INV
        228 not63 10 INV
        229 not64 9 INV
        230 not65 1 INV
        231 not66 12 INV
        232 not67 1 INV
        233 not68 12 INV
        234 not69 1 INV
        235 not70 12 INV
        236 not71 1 INV
        237 not72 12 INV
        238 not73 1 INV
        239 not74 1 INV
        240 not75 1 INV
        241 not76 1 INV
        242 not77 1 INV
        243 not78 1 INV
        244 not79 1 INV
        245 not80 1 INV
        246 not81 19 INV
        247 not82 19 INV
        248 not83 17 INV
        249 not84 20 INV
        250 not85 20 INV
        251 not86 22 INV
        252 not87 20 INV
        253 not88 27 INV
        254 not89 23 INV
    ]
    edge:
    [
        16 166
        166 44
        26 44
        17 167
        167 47
        27 47
        29 47
        17 168
        168 48
        4 48
        27 48
        6 169
        169 82
        30 82
        8 170
        170 85
        12 85
        31 85
        8 171
        171 86
        1 86
        31 86
        11 172
        172 107
        22 107
        13 173
        173 110
        23 110
        25 110
        13 174
        174 111
        15 111
        23 111
        3 175
        175 132
        18 132
        5 176
        176 135
        19 135
        21 135
        5 177
        177 136
        9 136
        19 136
        27 150
        28 151
        31 152
        32 153
        5 154
        7 155
        8 156
        10 157
        2 158
        13 159
        14 160
        17 161
        19 162
        20 163
        23 164
        24 165
        44 178
        178 45
        26 45
        48 179
        179 49
        47 49
        161 180
        180 53
        150 53
        158 181
        181 58
        151 58
        82 182
        182 83
        30 83
        85 183
        183 87
        86 87
        156 184
        184 91
        152 91
        157 185
        185 96
        153 96
        107 186
        186 108
        22 108
        111 187
        187 112
        110 112
        159 188
        188 116
        164 116
        160 189
        189 121
        165 121
        132 190
        190 133
        18 133
        136 191
        191 137
        135 137
        154 192
        192 141
        162 141
        155 193
        193 146
        163 146
        45 194
        194 46
        16 46
        44 46
        2 195
        195 51
        28 51
        49 51
        53 196
        196 56
        150 56
        83 197
        197 84
        6 84
        82 84
        10 198
        198 89
        32 89
        87 89
        91 199
        199 94
        152 94
        108 200
        200 109
        11 109
        107 109
        14 201
        201 114
        24 114
        112 114
        116 202
        202 119
        164 119
        133 203
        203 134
        3 134
        132 134
        7 204
        204 139
        20 139
        137 139
        141 205
        205 144
        162 144
        2 206
        206 50
        28 50
        46 50
        56 207
        207 57
        161 57
        53 57
        10 208
        208 88
        32 88
        84 88
        94 209
        209 95
        156 95
        91 95
        14 210
        210 113
        24 113
        109 113
        119 211
        211 120
        159 120
        116 120
        7 212
        212 138
        20 138
        134 138
        144 213
        213 145
        154 145
        141 145
        163 214
        214 39
        155 39
        145 39
        50 215
        215 52
        51 52
        46 59
        57 59
        58 59
        151 216
        216 64
        158 64
        57 64
        88 217
        217 90
        89 90
        84 97
        95 97
        96 97
        153 218
        218 102
        157 102
        95 102
        113 219
        219 115
        114 115
        109 122
        120 122
        121 122
        165 220
        220 127
        160 127
        120 127
        138 221
        221 140
        139 140
        134 147
        145 147
        146 147
        138 40
        39 40
        52 222
        222 54
        46 54
        59 223
        223 60
        58 60
        50 65
        64 65
        90 224
        224 92
        84 92
        97 225
        225 98
        96 98
        88 103
        102 103
        115 226
        226 117
        109 117
        122 227
        227 123
        121 123
        113 128
        127 128
        140 228
        228 142
        134 142
        147 229
        229 148
        146 148
        21 230
        230 42
        9 42
        40 42
        54 231
        231 55
        52 55
        53 55
        29 232
        232 67
        4 67
        65 67
        92 233
        233 93
        90 93
        91 93
        12 234
        234 105
        1 105
        103 105
        117 235
        235 118
        115 118
        116 118
        25 236
        236 130
        15 130
        128 130
        142 237
        237 143
        140 143
        141 143
        143 36
        148 36
        55 61
        60 61
        93 99
        98 99
        118 124
        123 124
        3 238
        238 37
        18 37
        36 37
        16 239
        239 62
        26 62
        61 62
        6 240
        240 100
        30 100
        99 100
        11 241
        241 125
        22 125
        124 125
        36 38
        37 38
        61 63
        62 63
        99 101
        100 101
        124 126
        125 126
        9 242
        242 41
        21 41
        38 41
        4 243
        243 66
        29 66
        63 66
        1 244
        244 104
        12 104
        101 104
        15 245
        245 129
        25 129
        126 129
        41 43
        42 43
        66 68
        67 68
        104 106
        105 106
        129 131
        130 131
        106 69
        131 69
        131 246
        246 72
        101 72
        131 247
        247 75
        63 75
        38 248
        248 76
        43 76
        43 149
        69 249
        249 70
        149 70
        68 70
        43 73
        68 73
        72 73
        76 250
        250 77
        38 77
        75 77
        69 71
        70 71
        73 251
        251 74
        72 74
        74 78
        77 78
        149 252
        252 79
        126 79
        78 79
        78 80
        79 80
        80 253
        253 81
        71 81
        81 33
        71 254
        254 34
        80 35
    ]
]
