circuit_name:countnew_processed
[
    node:
    [
        1 x0 0 PI
        2 x1 0 PI
        3 x2 0 PI
        4 x3 0 PI
        5 x4 0 PI
        6 x5 0 PI
        7 x6 0 PI
        8 x7 0 PI
        9 x8 0 PI
        10 x9 0 PI
        11 x10 0 PI
        12 x11 0 PI
        13 x12 0 PI
        14 x13 0 PI
        15 x14 0 PI
        16 x15 0 PI
        17 x16 0 PI
        18 x17 0 PI
        19 x18 0 PI
        20 x19 0 PI
        21 x20 0 PI
        22 x21 0 PI
        23 x22 0 PI
        24 x23 0 PI
        25 x24 0 PI
        26 x25 0 PI
        27 x26 0 PI
        28 x27 0 PI
        29 x28 0 PI
        30 x29 0 PI
        31 x30 0 PI
        32 x31 0 PI
        33 x32 0 PI
        34 x33 0 PI
        35 x34 0 PI
        36 y0 9 PO
        37 y1 11 PO
        38 y2 14 PO
        39 y3 11 PO
        40 y4 17 PO
        41 y5 17 PO
        42 y6 13 PO
        43 y7 19 PO
        44 y8 19 PO
        45 y9 15 PO
        46 y10 21 PO
        47 y11 21 PO
        48 y12 17 PO
        49 y13 23 PO
        50 y14 23 PO
        51 y15 25 PO
        52 n100 10 MAJ
        53 n101 4 OR
        54 n102 12 MAJ
        55 n103 13 AND
        56 n104 9 OR
        57 n105 11 AND
        58 n106 13 AND
        59 n107 15 MAJ
        60 n108 4 MAJ
        61 n109 17 MAJ
        62 n110 19 AND
        63 n111 13 MAJ
        64 n112 14 MAJ
        65 n113 15 MAJ
        66 n114 4 MAJ
        67 n115 17 MAJ
        68 n116 19 AND
        69 n117 1 OR
        70 n118 9 MAJ
        71 n119 10 OR
        72 n120 12 AND
        73 n121 12 MAJ
        74 n122 3 OR
        75 n123 14 MAJ
        76 n124 15 AND
        77 n125 11 OR
        78 n126 13 AND
        79 n127 15 AND
        80 n128 17 MAJ
        81 n129 4 MAJ
        82 n130 19 MAJ
        83 n131 21 AND
        84 n132 15 MAJ
        85 n133 16 MAJ
        86 n134 17 MAJ
        87 n135 4 MAJ
        88 n136 19 MAJ
        89 n137 21 AND
        90 n138 11 OR
        91 n139 12 OR
        92 n140 13 OR
        93 n141 15 AND
        94 n142 17 AND
        95 n143 19 MAJ
        96 n144 4 MAJ
        97 n145 21 MAJ
        98 n146 23 AND
        99 n36 1 OR
        100 n37 4 MAJ
        101 n38 4 AND
        102 n39 6 MAJ
        103 n40 7 AND
        104 n41 3 OR
        105 n42 4 AND
        106 n43 5 MAJ
        107 n44 4 MAJ
        108 n45 7 MAJ
        109 n46 9 AND
        110 n47 1 OR
        111 n48 3 AND
        112 n49 4 MAJ
        113 n50 6 MAJ
        114 n51 8 MAJ
        115 n52 4 MAJ
        116 n53 10 MAJ
        117 n54 12 AND
        118 n55 3 MAJ
        119 n56 4 OR
        120 n57 6 AND
        121 n58 6 MAJ
        122 n59 4 OR
        123 n60 8 MAJ
        124 n61 9 AND
        125 n62 5 OR
        126 n63 7 AND
        127 n64 9 AND
        128 n65 11 MAJ
        129 n66 4 MAJ
        130 n67 13 MAJ
        131 n68 15 AND
        132 n69 9 MAJ
        133 n70 10 MAJ
        134 n71 11 MAJ
        135 n72 4 MAJ
        136 n73 13 MAJ
        137 n74 15 AND
        138 n75 1 OR
        139 n76 5 MAJ
        140 n77 6 OR
        141 n78 8 AND
        142 n79 8 MAJ
        143 n80 3 OR
        144 n81 10 MAJ
        145 n82 11 AND
        146 n83 7 OR
        147 n84 9 AND
        148 n85 11 AND
        149 n86 13 MAJ
        150 n87 4 MAJ
        151 n88 15 MAJ
        152 n89 17 AND
        153 n90 11 MAJ
        154 n91 12 MAJ
        155 n92 13 MAJ
        156 n93 4 MAJ
        157 n94 15 MAJ
        158 n95 17 AND
        159 n96 1 OR
        160 n97 7 MAJ
        161 n98 8 OR
        162 n99 10 AND
        163 v1 10 VIR
        164 v10 7 VIR
        165 v11 8 VIR
        166 v12 10 VIR
        167 v13 9 VIR
        168 v14 1 VIR
        169 v15 1 VIR
        170 v16 1 VIR
        171 v17 1 VIR
        172 v18 1 VIR
        173 v19 1 VIR
        174 v2 12 VIR
        175 v20 1 VIR
        176 v21 1 VIR
        177 v22 1 VIR
        178 v23 1 VIR
        179 v24 1 VIR
        180 v25 2 VIR
        181 v26 2 VIR
        182 v27 2 VIR
        183 v28 2 VIR
        184 v29 2 VIR
        185 v3 11 VIR
        186 v30 2 VIR
        187 v31 2 VIR
        188 v32 2 VIR
        189 v33 2 VIR
        190 v34 2 VIR
        191 v35 2 VIR
        192 v36 2 VIR
        193 v37 2 VIR
        194 v38 2 VIR
        195 v39 2 VIR
        196 v4 12 VIR
        197 v40 2 VIR
        198 v41 2 VIR
        199 v42 2 VIR
        200 v43 3 VIR
        201 v44 3 VIR
        202 v45 3 VIR
        203 v46 3 VIR
        204 v47 3 VIR
        205 v5 14 VIR
        206 v6 2 VIR
        207 v7 5 VIR
        208 v8 6 VIR
        209 v9 8 VIR
        210 not1 2 INV
        211 not2 2 INV
        212 not3 3 INV
        213 not4 3 INV
        214 not5 3 INV
        215 not6 3 INV
        216 not7 3 INV
        217 not8 3 INV
        218 not9 3 INV
        219 not10 2 INV
        220 not11 3 INV
        221 not12 3 INV
        222 not13 3 INV
        223 not14 3 INV
        224 not15 5 INV
        225 not16 2 INV
        226 not17 5 INV
        227 not18 3 INV
        228 not19 2 INV
        229 not20 3 INV
        230 not21 3 INV
        231 not22 3 INV
        232 not23 7 INV
        233 not24 2 INV
        234 not25 2 INV
        235 not26 6 INV
        236 not27 6 INV
        237 not28 9 INV
        238 not29 7 INV
        239 not30 8 INV
        240 not31 8 INV
        241 not32 2 INV
        242 not33 8 INV
        243 not34 11 INV
        244 not35 3 INV
        245 not36 10 INV
        246 not37 1 INV
        247 not38 2 INV
        248 not39 2 INV
        249 not40 8 INV
        250 not41 2 INV
        251 not42 12 INV
        252 not43 7 INV
        253 not44 9 INV
        254 not45 10 INV
        255 not46 10 INV
        256 not47 2 INV
        257 not48 10 INV
        258 not49 14 INV
        259 not50 12 INV
        260 not51 3 INV
        261 not52 12 INV
        262 not53 1 INV
        263 not54 2 INV
        264 not55 11 INV
        265 not56 12 INV
        266 not57 12 INV
        267 not58 14 INV
        268 not59 14 INV
        269 not60 9 INV
        270 not61 3 INV
        271 not62 14 INV
        272 not63 1 INV
        273 not64 2 INV
        274 not65 2 INV
        275 not66 12 INV
        276 not67 16 INV
        277 not68 14 INV
        278 not69 16 INV
        279 not70 11 INV
        280 not71 13 INV
        281 not72 14 INV
        282 not73 14 INV
        283 not74 16 INV
        284 not75 18 INV
        285 not76 16 INV
        286 not77 3 INV
        287 not78 16 INV
        288 not79 1 INV
        289 not80 14 INV
        290 not81 18 INV
        291 not82 18 INV
        292 not83 13 INV
        293 not84 16 INV
        294 not85 20 INV
        295 not86 18 INV
        296 not87 18 INV
        297 not88 20 INV
        298 not89 20 INV
        299 not90 22 INV
        300 not91 8 INV
        301 not92 10 INV
        302 not93 13 INV
        303 not94 10 INV
        304 not95 16 INV
        305 not96 16 INV
        306 not97 12 INV
        307 not98 18 INV
        308 not99 18 INV
        309 not100 14 INV
        310 not101 20 INV
        311 not102 20 INV
        312 not103 16 INV
        313 not104 22 INV
        314 not105 22 INV
        315 not106 24 INV
    ]
    edge:
    [
        8 69
        9 69
        5 99
        10 99
        5 110
        12 110
        16 138
        18 138
        2 159
        4 159
        2 168
        12 169
        13 170
        16 171
        3 172
        3 173
        3 175
        7 176
        7 177
        7 178
        8 179
        110 210
        210 111
        10 111
        99 211
        211 118
        12 118
        14 118
        172 180
        172 181
        172 182
        173 183
        173 184
        173 186
        175 187
        175 188
        175 189
        176 190
        176 191
        176 192
        177 193
        177 194
        177 195
        178 197
        178 198
        178 199
        99 206
        194 212
        212 60
        187 60
        26 60
        182 74
        24 74
        195 213
        213 81
        188 81
        23 81
        197 214
        214 87
        188 87
        22 87
        197 215
        215 96
        189 96
        21 96
        180 216
        216 100
        5 100
        10 100
        180 217
        217 101
        1 101
        169 104
        206 104
        190 218
        218 107
        182 107
        35 107
        110 219
        219 112
        14 112
        111 112
        190 220
        220 115
        183 115
        34 115
        99 119
        118 119
        192 221
        221 135
        184 135
        31 135
        181 143
        30 143
        193 222
        222 156
        186 156
        28 156
        180 200
        181 201
        183 202
        184 203
        187 204
        201 53
        27 53
        194 223
        223 66
        204 66
        25 66
        100 224
        224 102
        206 102
        101 102
        169 225
        225 105
        104 105
        112 226
        226 113
        14 113
        111 113
        200 122
        33 122
        16 125
        119 125
        191 227
        227 129
        202 129
        32 129
        138 228
        228 139
        20 139
        119 139
        192 229
        229 150
        203 150
        29 150
        119 207
        198 230
        230 103
        102 103
        206 231
        231 106
        104 106
        105 106
        113 232
        232 114
        110 114
        112 114
        171 233
        233 120
        207 120
        171 234
        234 121
        200 121
        207 121
        125 235
        235 126
        18 126
        138 140
        139 140
        125 208
        106 236
        236 108
        183 108
        190 108
        114 237
        237 116
        202 116
        191 116
        121 238
        238 123
        120 123
        122 123
        126 239
        239 127
        18 127
        126 240
        240 132
        20 132
        125 132
        2 146
        140 146
        159 241
        241 160
        6 160
        140 160
        140 164
        126 209
        108 242
        242 109
        107 109
        116 243
        243 117
        115 117
        198 244
        244 124
        123 124
        127 245
        245 128
        208 128
        209 128
        20 246
        246 133
        209 133
        132 133
        168 247
        247 141
        164 141
        168 248
        248 142
        181 142
        164 142
        146 249
        249 147
        4 147
        159 161
        160 161
        146 165
        8 56
        161 56
        69 250
        250 70
        11 70
        161 70
        128 251
        251 130
        184 130
        191 130
        208 252
        252 134
        132 134
        133 134
        142 253
        253 144
        141 144
        143 144
        147 254
        254 148
        4 148
        147 255
        255 153
        6 153
        146 153
        147 166
        161 167
        179 256
        256 52
        201 52
        167 52
        56 257
        257 57
        9 57
        69 71
        70 71
        130 258
        258 131
        129 131
        134 259
        259 136
        203 136
        192 136
        199 260
        260 145
        144 145
        148 261
        261 149
        165 149
        166 149
        6 262
        262 154
        166 154
        153 154
        179 263
        263 162
        167 162
        56 163
        52 264
        264 54
        162 54
        53 54
        57 265
        265 58
        9 58
        57 266
        266 63
        11 63
        56 63
        13 77
        71 77
        15 90
        71 90
        136 267
        267 137
        135 137
        149 268
        268 151
        186 151
        193 151
        165 269
        269 155
        153 155
        154 155
        57 174
        71 185
        199 270
        270 55
        54 55
        58 271
        271 59
        163 59
        174 59
        11 272
        272 64
        174 64
        63 64
        170 273
        273 72
        185 72
        170 274
        274 73
        182 73
        185 73
        77 275
        275 78
        15 78
        13 91
        90 91
        151 276
        276 152
        150 152
        155 277
        277 157
        186 157
        193 157
        77 196
        59 278
        278 61
        187 61
        194 61
        163 279
        279 65
        63 65
        64 65
        73 280
        280 75
        72 75
        74 75
        78 281
        281 79
        15 79
        78 282
        282 84
        17 84
        77 84
        17 92
        91 92
        157 283
        283 158
        156 158
        78 205
        61 284
        284 62
        60 62
        65 285
        285 67
        204 67
        195 67
        199 286
        286 76
        75 76
        79 287
        287 80
        196 80
        205 80
        17 288
        288 85
        205 85
        84 85
        92 289
        289 93
        19 93
        67 290
        290 68
        66 68
        80 291
        291 82
        188 82
        195 82
        196 292
        292 86
        84 86
        85 86
        93 293
        293 94
        19 94
        82 294
        294 83
        81 83
        86 295
        295 88
        189 88
        197 88
        94 296
        296 95
        92 95
        93 95
        88 297
        297 89
        87 89
        95 298
        298 97
        189 97
        198 97
        97 299
        299 98
        96 98
        103 300
        300 36
        109 301
        301 37
        117 302
        302 38
        124 303
        303 39
        131 304
        304 40
        137 305
        305 41
        145 306
        306 42
        152 307
        307 43
        158 308
        308 44
        55 309
        309 45
        62 310
        310 46
        68 311
        311 47
        76 312
        312 48
        83 313
        313 49
        89 314
        314 50
        98 315
        315 51
    ]
]
