circuit_name:ctrlnew_processed
[
    node:
    [
        1 x0 0 PI
        2 x1 0 PI
        3 x2 0 PI
        4 x3 0 PI
        5 x4 0 PI
        6 x5 0 PI
        7 x6 0 PI
        8 y0 9 PO
        9 y1 12 PO
        10 y2 7 PO
        11 y3 10 PO
        12 y4 17 PO
        13 y5 8 PO
        14 y6 13 PO
        15 y7 11 PO
        16 y8 14 PO
        17 y9 13 PO
        18 y10 12 PO
        19 y11 8 PO
        20 y12 10 PO
        21 y13 8 PO
        22 y14 7 PO
        23 y15 8 PO
        24 y16 11 PO
        25 y17 11 PO
        26 y18 8 PO
        27 y19 7 PO
        28 y20 12 PO
        29 y21 12 PO
        30 y22 10 PO
        31 y23 8 PO
        32 y24 10 PO
        33 n10 6 AND
        34 n100 5 AND
        35 n101 7 MAJ
        36 n102 6 AND
        37 n103 7 MAJ
        38 n104 8 AND
        39 n105 9 OR
        40 n106 4 AND
        41 n107 5 MAJ
        42 n108 7 AND
        43 n109 3 AND
        44 n11 3 OR
        45 n110 4 MAJ
        46 n111 6 AND
        47 n112 6 MAJ
        48 n113 7 AND
        49 n114 7 AND
        50 n115 4 AND
        51 n116 8 MAJ
        52 n117 10 AND
        53 n118 8 MAJ
        54 n119 10 AND
        55 n12 4 AND
        56 n120 4 AND
        57 n121 6 MAJ
        58 n122 7 AND
        59 n123 6 AND
        60 n124 3 AND
        61 n125 5 AND
        62 n126 6 OR
        63 n127 7 MAJ
        64 n128 5 AND
        65 n129 6 AND
        66 n13 5 MAJ
        67 n130 7 MAJ
        68 n131 9 AND
        69 n132 10 AND
        70 n133 11 MAJ
        71 n134 4 MAJ
        72 n135 6 AND
        73 n136 9 MAJ
        74 n137 7 MAJ
        75 n138 10 AND
        76 n139 11 AND
        77 n14 6 MAJ
        78 n140 6 AND
        79 n141 7 AND
        80 n142 9 MAJ
        81 n143 4 MAJ
        82 n144 6 MAJ
        83 n145 7 AND
        84 n146 7 MAJ
        85 n147 9 AND
        86 n15 7 AND
        87 n16 8 OR
        88 n17 5 AND
        89 n18 4 AND
        90 n19 5 MAJ
        91 n20 6 MAJ
        92 n21 7 OR
        93 n22 8 MAJ
        94 n23 9 MAJ
        95 n24 11 AND
        96 n25 3 MAJ
        97 n26 3 MAJ
        98 n27 4 AND
        99 n28 5 MAJ
        100 n29 6 AND
        101 n30 4 AND
        102 n31 4 AND
        103 n32 5 MAJ
        104 n33 6 OR
        105 n34 7 MAJ
        106 n35 4 AND
        107 n36 8 MAJ
        108 n37 7 MAJ
        109 n38 9 MAJ
        110 n39 6 MAJ
        111 n40 7 AND
        112 n41 3 AND
        113 n42 4 AND
        114 n43 5 MAJ
        115 n44 9 AND
        116 n45 10 AND
        117 n46 11 MAJ
        118 n47 12 OR
        119 n48 14 MAJ
        120 n49 15 MAJ
        121 n50 16 AND
        122 n51 3 AND
        123 n52 5 AND
        124 n53 6 MAJ
        125 n54 6 MAJ
        126 n55 7 AND
        127 n56 6 MAJ
        128 n57 3 AND
        129 n58 6 MAJ
        130 n59 7 OR
        131 n60 8 OR
        132 n61 10 MAJ
        133 n62 11 MAJ
        134 n63 12 AND
        135 n64 3 OR
        136 n65 5 MAJ
        137 n66 3 AND
        138 n67 4 AND
        139 n68 5 MAJ
        140 n69 7 AND
        141 n70 8 MAJ
        142 n71 9 MAJ
        143 n72 10 AND
        144 n73 8 AND
        145 n74 10 MAJ
        146 n75 6 AND
        147 n76 7 MAJ
        148 n77 11 MAJ
        149 n78 13 AND
        150 n79 4 OR
        151 n8 3 AND
        152 n80 5 MAJ
        153 n81 7 MAJ
        154 n82 8 OR
        155 n83 9 MAJ
        156 n84 10 MAJ
        157 n85 12 AND
        158 n86 4 AND
        159 n87 6 MAJ
        160 n88 8 MAJ
        161 n89 5 AND
        162 n9 5 MAJ
        163 n90 6 AND
        164 n91 7 MAJ
        165 n92 7 AND
        166 n93 9 MAJ
        167 n94 10 MAJ
        168 n95 11 OR
        169 n96 3 OR
        170 n97 5 MAJ
        171 n98 6 OR
        172 n99 4 AND
        173 v1 4 VIR
        174 v10 5 VIR
        175 v11 5 VIR
        176 v12 4 VIR
        177 v13 1 VIR
        178 v14 1 VIR
        179 v15 1 VIR
        180 v16 1 VIR
        181 v17 1 VIR
        182 v18 1 VIR
        183 v19 1 VIR
        184 v2 4 VIR
        185 v20 1 VIR
        186 v21 1 VIR
        187 v22 1 VIR
        188 v23 1 VIR
        189 v24 1 VIR
        190 v25 1 VIR
        191 v26 1 VIR
        192 v27 1 VIR
        193 v28 1 VIR
        194 v29 2 VIR
        195 v3 5 VIR
        196 v30 2 VIR
        197 v31 2 VIR
        198 v32 2 VIR
        199 v33 2 VIR
        200 v34 2 VIR
        201 v35 2 VIR
        202 v36 2 VIR
        203 v37 2 VIR
        204 v38 2 VIR
        205 v39 2 VIR
        206 v4 5 VIR
        207 v40 2 VIR
        208 v41 2 VIR
        209 v42 2 VIR
        210 v43 2 VIR
        211 v44 2 VIR
        212 v45 2 VIR
        213 v46 2 VIR
        214 v47 2 VIR
        215 v48 2 VIR
        216 v49 2 VIR
        217 v5 5 VIR
        218 v50 2 VIR
        219 v51 2 VIR
        220 v52 2 VIR
        221 v53 2 VIR
        222 v54 2 VIR
        223 v55 2 VIR
        224 v56 2 VIR
        225 v57 2 VIR
        226 v58 2 VIR
        227 v59 2 VIR
        228 v6 5 VIR
        229 v60 2 VIR
        230 v61 2 VIR
        231 v62 2 VIR
        232 v63 2 VIR
        233 v64 2 VIR
        234 v65 2 VIR
        235 v66 2 VIR
        236 v67 2 VIR
        237 v68 2 VIR
        238 v69 2 VIR
        239 v7 4 VIR
        240 v70 2 VIR
        241 v71 2 VIR
        242 v72 2 VIR
        243 v73 6 VIR
        244 v74 6 VIR
        245 v75 3 VIR
        246 v76 3 VIR
        247 v77 3 VIR
        248 v78 3 VIR
        249 v79 3 VIR
        250 v8 4 VIR
        251 v80 3 VIR
        252 v81 3 VIR
        253 v82 3 VIR
        254 v83 3 VIR
        255 v84 3 VIR
        256 v85 3 VIR
        257 v86 3 VIR
        258 v87 3 VIR
        259 v88 3 VIR
        260 v89 3 VIR
        261 v9 4 VIR
        262 v90 3 VIR
        263 v91 3 VIR
        264 not1 2 INV
        265 not2 3 INV
        266 not3 3 INV
        267 not4 3 INV
        268 not5 2 INV
        269 not6 3 INV
        270 not7 3 INV
        271 not8 3 INV
        272 not9 3 INV
        273 not10 1 INV
        274 not11 3 INV
        275 not12 3 INV
        276 not13 3 INV
        277 not14 4 INV
        278 not15 2 INV
        279 not16 4 INV
        280 not17 3 INV
        281 not18 3 INV
        282 not19 4 INV
        283 not20 5 INV
        284 not21 4 INV
        285 not22 5 INV
        286 not23 4 INV
        287 not24 6 INV
        288 not25 5 INV
        289 not26 5 INV
        290 not27 6 INV
        291 not28 5 INV
        292 not29 5 INV
        293 not30 5 INV
        294 not31 5 INV
        295 not32 4 INV
        296 not33 4 INV
        297 not34 4 INV
        298 not35 4 INV
        299 not36 4 INV
        300 not37 7 INV
        301 not38 4 INV
        302 not39 3 INV
        303 not40 6 INV
        304 not41 5 INV
        305 not42 4 INV
        306 not43 3 INV
        307 not44 8 INV
        308 not45 4 INV
        309 not46 4 INV
        310 not47 3 INV
        311 not48 6 INV
        312 not49 3 INV
        313 not50 3 INV
        314 not51 8 INV
        315 not52 3 INV
        316 not53 3 INV
        317 not54 6 INV
        318 not55 3 INV
        319 not56 6 INV
        320 not57 9 INV
        321 not58 9 INV
        322 not59 5 INV
        323 not60 8 INV
        324 not61 5 INV
        325 not62 8 INV
        326 not63 3 INV
        327 not64 3 INV
        328 not65 5 INV
        329 not66 3 INV
        330 not67 7 INV
        331 not68 4 INV
        332 not69 8 INV
        333 not70 8 INV
        334 not71 4 INV
        335 not72 8 INV
        336 not73 9 INV
        337 not74 3 INV
        338 not75 8 INV
        339 not76 8 INV
        340 not77 10 INV
        341 not78 9 INV
        342 not79 8 INV
        343 not80 3 INV
        344 not81 9 INV
        345 not82 4 INV
        346 not83 13 INV
        347 not84 4 INV
        348 not85 12 INV
        349 not86 11 INV
        350 not87 4 INV
        351 not88 7 INV
    ]
    edge:
    [
        1 177
        1 178
        1 179
        2 180
        2 181
        2 182
        3 183
        3 185
        3 186
        4 187
        4 188
        4 189
        5 190
        5 191
        5 192
        6 193
        177 194
        177 196
        177 197
        178 198
        178 199
        178 200
        179 201
        179 202
        180 203
        180 204
        180 205
        181 207
        181 208
        181 209
        182 210
        182 211
        182 212
        183 213
        183 214
        183 215
        185 216
        185 218
        185 219
        186 220
        186 221
        186 222
        187 223
        187 224
        187 225
        188 226
        188 227
        188 229
        189 230
        189 231
        189 232
        190 233
        190 234
        190 235
        191 236
        191 237
        191 238
        192 240
        192 241
        192 242
        179 264
        264 43
        215 43
        224 44
        234 44
        205 265
        265 50
        197 50
        224 266
        266 55
        203 55
        201 267
        267 56
        210 56
        193 268
        268 60
        240 60
        212 269
        269 81
        202 81
        221 81
        194 270
        270 89
        223 89
        198 96
        207 96
        229 96
        208 97
        229 97
        240 97
        196 271
        271 102
        235 102
        215 272
        272 106
        208 106
        233 112
        6 112
        7 273
        273 122
        238 122
        194 128
        203 128
        204 135
        225 135
        196 137
        234 137
        224 151
        234 151
        236 274
        274 158
        226 158
        200 169
        209 169
        205 275
        275 172
        237 172
        203 245
        204 246
        207 247
        210 248
        213 249
        214 251
        215 252
        216 253
        218 254
        219 255
        220 256
        221 257
        222 258
        223 259
        226 260
        233 262
        236 263
        198 276
        276 34
        172 34
        200 40
        251 40
        232 45
        242 45
        43 45
        60 277
        277 61
        231 61
        251 66
        240 66
        55 66
        193 278
        278 71
        7 71
        151 71
        245 279
        279 88
        225 88
        245 90
        235 90
        89 90
        241 280
        280 98
        96 98
        223 281
        281 101
        262 101
        263 282
        282 103
        227 103
        102 103
        89 283
        283 110
        233 110
        6 110
        7 113
        112 113
        122 284
        284 123
        230 123
        207 136
        102 136
        135 136
        226 138
        137 138
        196 150
        259 150
        158 285
        285 159
        246 159
        227 159
        260 286
        286 161
        197 161
        44 173
        158 174
        158 175
        169 176
        44 184
        50 195
        128 239
        151 250
        151 261
        34 287
        287 35
        231 35
        241 35
        173 288
        288 36
        210 36
        232 41
        242 41
        40 41
        45 289
        289 46
        43 46
        255 47
        175 47
        169 47
        174 290
        290 49
        199 49
        56 291
        291 57
        220 57
        175 57
        184 292
        292 59
        258 59
        213 62
        174 62
        247 64
        250 64
        71 293
        293 72
        250 72
        184 294
        294 77
        232 77
        66 77
        260 295
        295 91
        88 91
        90 91
        96 296
        296 99
        97 99
        98 99
        237 104
        103 104
        89 111
        110 111
        262 297
        297 114
        259 114
        113 114
        211 124
        216 124
        123 124
        44 298
        298 139
        135 139
        138 139
        263 299
        299 152
        204 152
        150 152
        159 300
        300 160
        238 160
        174 160
        198 162
        205 162
        250 162
        237 163
        161 163
        169 301
        301 170
        254 170
        184 170
        101 206
        101 217
        101 228
        261 33
        162 33
        254 37
        242 37
        36 37
        219 302
        302 38
        35 38
        41 303
        303 42
        40 42
        176 304
        304 48
        47 48
        255 305
        305 51
        49 51
        50 51
        220 306
        306 53
        239 53
        49 53
        56 58
        57 58
        251 63
        50 63
        62 63
        201 65
        64 65
        49 307
        307 73
        201 73
        248 73
        248 308
        308 74
        202 74
        72 74
        252 309
        309 78
        114 78
        212 310
        310 82
        202 82
        228 82
        228 311
        311 84
        257 84
        195 84
        249 92
        91 92
        222 312
        312 100
        99 100
        230 313
        313 105
        103 105
        104 105
        111 314
        314 115
        194 115
        216 315
        315 125
        211 125
        228 125
        235 316
        316 127
        225 127
        206 127
        236 129
        206 129
        128 129
        139 317
        317 140
        214 140
        199 318
        318 146
        217 146
        152 319
        319 153
        227 153
        55 153
        247 164
        229 164
        163 164
        176 171
        170 171
        206 243
        217 244
        37 39
        38 39
        51 320
        320 52
        195 52
        53 321
        321 54
        239 54
        261 322
        322 67
        256 67
        65 67
        63 323
        323 68
        128 68
        73 75
        74 75
        239 79
        78 79
        81 324
        324 83
        82 83
        84 325
        325 85
        195 85
        219 326
        326 86
        33 86
        208 327
        327 93
        173 93
        92 93
        106 328
        328 107
        256 107
        105 107
        221 108
        244 108
        106 108
        114 116
        115 116
        124 126
        125 126
        127 130
        129 130
        209 329
        329 141
        136 141
        140 141
        243 330
        330 144
        238 144
        211 147
        253 147
        146 147
        249 154
        153 154
        214 165
        243 165
        61 69
        68 69
        257 331
        331 76
        75 76
        67 332
        332 80
        222 80
        79 80
        77 87
        86 87
        92 333
        333 94
        256 94
        93 94
        258 334
        334 109
        107 109
        108 109
        246 117
        111 117
        116 117
        249 131
        130 131
        140 335
        335 142
        253 142
        141 142
        144 336
        336 145
        231 145
        244 145
        209 337
        337 155
        173 155
        154 155
        165 338
        338 166
        160 166
        164 166
        67 339
        339 70
        63 70
        69 70
        94 340
        340 95
        92 95
        213 118
        117 118
        131 341
        341 132
        230 132
        241 132
        140 342
        342 143
        142 143
        212 343
        343 148
        218 148
        145 148
        154 344
        344 156
        218 156
        155 156
        254 345
        345 167
        165 167
        166 167
        118 346
        346 119
        199 119
        217 119
        253 347
        347 133
        131 133
        132 133
        148 348
        348 149
        147 149
        156 349
        349 157
        154 157
        165 168
        167 168
        252 350
        350 120
        118 120
        119 120
        131 134
        133 134
        118 121
        120 121
        87 8
        95 9
        100 10
        109 11
        121 12
        126 13
        134 14
        143 15
        149 16
        157 17
        168 18
        171 351
        351 19
        39 20
        42 21
        46 22
        48 23
        52 24
        54 25
        58 26
        59 27
        70 28
        76 29
        80 30
        83 31
        85 32
    ]
]
