circuit_name:cunew_processed
[
    node:
    [
        1 x0 0 PI
        2 x1 0 PI
        3 x2 0 PI
        4 x3 0 PI
        5 x4 0 PI
        6 x5 0 PI
        7 x6 0 PI
        8 x7 0 PI
        9 x8 0 PI
        10 x9 0 PI
        11 x10 0 PI
        12 x11 0 PI
        13 x12 0 PI
        14 x13 0 PI
        15 y0 8 PO
        16 y1 7 PO
        17 y2 8 PO
        18 y3 11 PO
        19 y4 11 PO
        20 y5 10 PO
        21 y6 11 PO
        22 y7 6 PO
        23 y8 11 PO
        24 y9 3 PO
        25 y10 8 PO
        26 n15 4 MAJ
        27 n16 5 AND
        28 n17 5 MAJ
        29 n18 6 MAJ
        30 n19 1 OR
        31 n20 3 MAJ
        32 n21 4 OR
        33 n22 3 AND
        34 n23 5 MAJ
        35 n24 7 AND
        36 n25 3 AND
        37 n26 4 MAJ
        38 n27 6 AND
        39 n28 8 MAJ
        40 n29 10 AND
        41 n30 3 AND
        42 n31 4 MAJ
        43 n32 6 AND
        44 n33 8 MAJ
        45 n34 10 AND
        46 n35 2 AND
        47 n36 3 MAJ
        48 n37 5 AND
        49 n38 7 MAJ
        50 n39 9 AND
        51 n40 2 AND
        52 n41 3 OR
        53 n42 5 AND
        54 n43 7 MAJ
        55 n44 9 AND
        56 n45 3 AND
        57 n46 4 AND
        58 n47 2 OR
        59 n48 5 MAJ
        60 n49 2 AND
        61 n50 3 MAJ
        62 n51 1 OR
        63 n52 4 MAJ
        64 n53 5 AND
        65 n54 6 AND
        66 n55 7 MAJ
        67 n56 8 AND
        68 n57 9 AND
        69 n58 10 MAJ
        70 n59 2 OR
        71 n60 3 MAJ
        72 n61 4 AND
        73 n62 5 AND
        74 n63 2 AND
        75 n64 3 AND
        76 n65 4 OR
        77 n66 10 AND
        78 n67 2 AND
        79 n68 3 AND
        80 n69 5 MAJ
        81 n70 7 AND
        82 v1 4 VIR
        83 v10 1 VIR
        84 v11 1 VIR
        85 v12 1 VIR
        86 v13 1 VIR
        87 v14 1 VIR
        88 v15 1 VIR
        89 v16 1 VIR
        90 v17 1 VIR
        91 v18 1 VIR
        92 v19 1 VIR
        93 v2 4 VIR
        94 v20 1 VIR
        95 v21 2 VIR
        96 v22 2 VIR
        97 v23 2 VIR
        98 v3 4 VIR
        99 v4 1 VIR
        100 v5 1 VIR
        101 v6 1 VIR
        102 v7 1 VIR
        103 v8 1 VIR
        104 v9 1 VIR
        105 not1 2 INV
        106 not2 2 INV
        107 not3 2 INV
        108 not4 2 INV
        109 not5 2 INV
        110 not6 1 INV
        111 not7 1 INV
        112 not8 2 INV
        113 not9 3 INV
        114 not10 2 INV
        115 not11 4 INV
        116 not12 2 INV
        117 not13 2 INV
        118 not14 5 INV
        119 not15 5 INV
        120 not16 4 INV
        121 not17 4 INV
        122 not18 3 INV
        123 not19 6 INV
        124 not20 5 INV
        125 not21 6 INV
        126 not22 7 INV
        127 not23 7 INV
        128 not24 6 INV
        129 not25 6 INV
        130 not26 2 INV
        131 not27 2 INV
        132 not28 9 INV
        133 not29 9 INV
        134 not30 8 INV
        135 not31 8 INV
        136 not32 1 INV
        137 not33 3 INV
        138 not34 2 INV
        139 not35 6 INV
        140 not36 7 INV
    ]
    edge:
    [
        1 30
        2 30
        8 62
        13 62
        3 83
        3 84
        3 85
        4 86
        4 87
        4 88
        5 89
        5 90
        6 91
        6 92
        6 94
        1 99
        2 100
        2 101
        14 102
        14 103
        14 104
        30 105
        105 31
        83 31
        86 31
        89 106
        106 33
        92 33
        100 107
        107 36
        1 36
        99 108
        108 41
        100 41
        99 46
        100 46
        83 51
        91 51
        99 109
        109 56
        11 56
        101 58
        10 58
        9 110
        110 60
        91 60
        84 70
        87 70
        13 111
        111 74
        102 74
        7 78
        104 78
        88 112
        112 79
        7 79
        83 95
        84 96
        85 97
        96 113
        113 26
        89 26
        92 26
        30 32
        31 32
        95 37
        86 37
        36 37
        95 42
        87 42
        41 42
        84 47
        87 47
        46 47
        86 52
        51 52
        101 57
        56 57
        91 61
        30 61
        60 61
        89 114
        114 71
        92 71
        70 71
        94 75
        74 75
        79 115
        115 80
        97 80
        94 80
        33 82
        33 93
        33 98
        90 116
        116 27
        26 27
        88 117
        117 28
        90 28
        26 28
        103 34
        32 34
        82 34
        37 118
        118 38
        36 38
        42 119
        119 43
        41 43
        47 120
        120 48
        46 48
        52 121
        121 53
        5 53
        36 59
        57 59
        58 59
        102 63
        61 63
        62 63
        70 122
        122 72
        71 72
        85 76
        75 76
        80 123
        123 81
        79 81
        26 124
        124 29
        27 29
        28 29
        34 125
        125 35
        93 35
        38 126
        126 39
        103 39
        82 39
        43 127
        127 44
        103 44
        82 44
        48 128
        128 49
        104 49
        93 49
        53 129
        129 54
        96 54
        102 54
        62 130
        130 64
        63 64
        104 131
        131 73
        72 73
        39 132
        132 40
        93 40
        44 133
        133 45
        98 45
        49 134
        134 50
        98 50
        54 135
        135 55
        53 55
        12 136
        136 65
        64 65
        46 137
        137 66
        64 66
        65 66
        55 77
        76 77
        85 138
        138 67
        66 67
        59 139
        139 68
        67 68
        97 69
        55 69
        68 69
        29 140
        140 15
        29 16
        35 17
        40 18
        45 19
        50 20
        69 21
        73 22
        77 23
        78 24
        81 25
    ]
]
