circuit_name:example2new_processed
[
    node:
    [
        1 x0 0 PI
        2 x1 0 PI
        3 x2 0 PI
        4 x3 0 PI
        5 x4 0 PI
        6 x5 0 PI
        7 x6 0 PI
        8 x7 0 PI
        9 x8 0 PI
        10 x9 0 PI
        11 x10 0 PI
        12 x11 0 PI
        13 x12 0 PI
        14 x13 0 PI
        15 x14 0 PI
        16 x15 0 PI
        17 x16 0 PI
        18 x17 0 PI
        19 x18 0 PI
        20 x19 0 PI
        21 x20 0 PI
        22 x21 0 PI
        23 x22 0 PI
        24 x23 0 PI
        25 x24 0 PI
        26 x25 0 PI
        27 x26 0 PI
        28 x27 0 PI
        29 x28 0 PI
        30 x29 0 PI
        31 x30 0 PI
        32 x31 0 PI
        33 x32 0 PI
        34 x33 0 PI
        35 x34 0 PI
        36 x35 0 PI
        37 x36 0 PI
        38 x37 0 PI
        39 x38 0 PI
        40 x39 0 PI
        41 x40 0 PI
        42 x41 0 PI
        43 x42 0 PI
        44 x43 0 PI
        45 x44 0 PI
        46 x45 0 PI
        47 x46 0 PI
        48 x47 0 PI
        49 x48 0 PI
        50 x49 0 PI
        51 x50 0 PI
        52 x51 0 PI
        53 x52 0 PI
        54 x53 0 PI
        55 x54 0 PI
        56 x55 0 PI
        57 x56 0 PI
        58 x57 0 PI
        59 x58 0 PI
        60 x59 0 PI
        61 x60 0 PI
        62 x61 0 PI
        63 x62 0 PI
        64 x63 0 PI
        65 x64 0 PI
        66 x65 0 PI
        67 x66 0 PI
        68 x67 0 PI
        69 x68 0 PI
        70 x69 0 PI
        71 x70 0 PI
        72 x71 0 PI
        73 x72 0 PI
        74 x73 0 PI
        75 x74 0 PI
        76 x75 0 PI
        77 x76 0 PI
        78 x77 0 PI
        79 x78 0 PI
        80 x79 0 PI
        81 x80 0 PI
        82 x81 0 PI
        83 x82 0 PI
        84 x83 0 PI
        85 x84 0 PI
        86 y0 7 PO
        87 y1 19 PO
        88 y2 6 PO
        89 y3 15 PO
        90 y4 7 PO
        91 y5 16 PO
        92 y6 16 PO
        93 y7 10 PO
        94 y8 18 PO
        95 y9 8 PO
        96 y10 18 PO
        97 y11 15 PO
        98 y12 19 PO
        99 y13 6 PO
        100 y14 8 PO
        101 y15 16 PO
        102 y16 17 PO
        103 y17 15 PO
        104 y18 10 PO
        105 y19 22 PO
        106 y20 15 PO
        107 y21 8 PO
        108 y22 16 PO
        109 y23 11 PO
        110 y24 19 PO
        111 y25 16 PO
        112 y26 7 PO
        113 y27 16 PO
        114 y28 16 PO
        115 y29 15 PO
        116 y30 6 PO
        117 y31 16 PO
        118 y32 9 PO
        119 y33 15 PO
        120 y34 15 PO
        121 y35 15 PO
        122 y36 8 PO
        123 y37 7 PO
        124 y38 19 PO
        125 y39 16 PO
        126 y40 19 PO
        127 y41 6 PO
        128 y42 17 PO
        129 y43 7 PO
        130 y44 18 PO
        131 y45 17 PO
        132 y46 17 PO
        133 y47 6 PO
        134 y48 17 PO
        135 y49 6 PO
        136 y50 18 PO
        137 y51 23 PO
        138 y52 19 PO
        139 y53 7 PO
        140 y54 15 PO
        141 y55 7 PO
        142 y56 19 PO
        143 y57 17 PO
        144 y58 18 PO
        145 y59 6 PO
        146 y60 7 PO
        147 y61 18 PO
        148 y62 6 PO
        149 y63 19 PO
        150 y64 19 PO
        151 y65 7 PO
        152 n100 6 MAJ
        153 n101 7 AND
        154 n102 4 AND
        155 n103 4 AND
        156 n104 3 OR
        157 n105 6 MAJ
        158 n106 7 AND
        159 n107 13 OR
        160 n108 14 MAJ
        161 n109 15 OR
        162 n110 6 MAJ
        163 n111 8 AND
        164 n112 9 AND
        165 n113 10 AND
        166 n114 3 AND
        167 n115 5 AND
        168 n116 7 MAJ
        169 n117 10 MAJ
        170 n118 12 AND
        171 n119 3 AND
        172 n120 9 MAJ
        173 n121 10 AND
        174 n122 13 OR
        175 n123 14 MAJ
        176 n124 16 OR
        177 n125 17 MAJ
        178 n126 18 OR
        179 n127 3 AND
        180 n128 4 AND
        181 n129 5 OR
        182 n130 10 MAJ
        183 n131 12 AND
        184 n132 9 AND
        185 n133 10 OR
        186 n134 13 MAJ
        187 n135 12 AND
        188 n136 14 OR
        189 n137 4 AND
        190 n138 5 AND
        191 n139 6 OR
        192 n140 9 AND
        193 n141 10 OR
        194 n142 14 MAJ
        195 n143 12 AND
        196 n144 15 OR
        197 n145 9 AND
        198 n146 10 OR
        199 n147 14 MAJ
        200 n148 12 AND
        201 n149 15 OR
        202 n150 3 AND
        203 n151 5 MAJ
        204 n152 7 AND
        205 n153 2 AND
        206 n154 4 AND
        207 n155 3 OR
        208 n156 8 MAJ
        209 n157 9 AND
        210 n158 8 MAJ
        211 n159 10 AND
        212 n160 4 AND
        213 n161 5 MAJ
        214 n162 6 OR
        215 n163 7 MAJ
        216 n164 7 MAJ
        217 n165 8 MAJ
        218 n166 3 AND
        219 n167 5 AND
        220 n168 7 MAJ
        221 n169 8 MAJ
        222 n170 11 MAJ
        223 n171 12 AND
        224 n172 12 AND
        225 n173 14 OR
        226 n174 15 MAJ
        227 n175 17 AND
        228 n176 2 OR
        229 n177 4 AND
        230 n178 5 MAJ
        231 n179 6 AND
        232 n180 17 AND
        233 n181 4 AND
        234 n182 5 AND
        235 n183 7 AND
        236 n184 8 AND
        237 n185 9 MAJ
        238 n186 2 AND
        239 n187 2 AND
        240 n188 3 MAJ
        241 n189 5 AND
        242 n190 2 AND
        243 n191 6 MAJ
        244 n192 7 AND
        245 n193 8 OR
        246 n194 10 AND
        247 n195 4 AND
        248 n196 11 MAJ
        249 n197 12 AND
        250 n198 9 OR
        251 n199 13 OR
        252 n200 14 MAJ
        253 n201 18 AND
        254 n202 4 AND
        255 n203 4 AND
        256 n204 5 OR
        257 n205 4 MAJ
        258 n206 3 OR
        259 n207 6 MAJ
        260 n208 15 AND
        261 n209 3 AND
        262 n210 12 MAJ
        263 n211 14 AND
        264 n212 15 AND
        265 n213 16 AND
        266 n214 14 AND
        267 n215 2 OR
        268 n216 4 MAJ
        269 n217 5 OR
        270 n218 9 AND
        271 n219 11 MAJ
        272 n220 13 AND
        273 n221 3 AND
        274 n222 9 MAJ
        275 n223 10 AND
        276 n224 11 AND
        277 n225 12 OR
        278 n226 14 MAJ
        279 n227 3 AND
        280 n228 10 MAJ
        281 n229 12 AND
        282 n230 15 OR
        283 n231 16 MAJ
        284 n232 17 OR
        285 n233 6 AND
        286 n234 5 OR
        287 n235 9 MAJ
        288 n236 9 MAJ
        289 n237 11 AND
        290 n238 4 AND
        291 n239 18 MAJ
        292 n240 20 AND
        293 n241 14 AND
        294 n242 5 MAJ
        295 n243 7 AND
        296 n244 15 AND
        297 n245 3 OR
        298 n246 6 MAJ
        299 n247 5 AND
        300 n248 7 MAJ
        301 n249 9 MAJ
        302 n250 10 OR
        303 n251 4 AND
        304 n252 7 MAJ
        305 n253 8 AND
        306 n254 4 OR
        307 n255 10 AND
        308 n256 11 MAJ
        309 n257 7 MAJ
        310 n258 9 AND
        311 n259 4 AND
        312 n260 6 MAJ
        313 n261 8 AND
        314 n262 3 AND
        315 n263 8 MAJ
        316 n264 9 AND
        317 n265 10 AND
        318 n266 12 AND
        319 n267 14 MAJ
        320 n268 15 OR
        321 n269 17 AND
        322 n270 9 AND
        323 n271 10 OR
        324 n272 14 MAJ
        325 n273 12 AND
        326 n274 15 OR
        327 n275 4 AND
        328 n276 5 AND
        329 n277 6 OR
        330 n278 15 AND
        331 n279 9 AND
        332 n280 10 OR
        333 n281 14 MAJ
        334 n282 12 AND
        335 n283 15 OR
        336 n284 14 AND
        337 n285 3 AND
        338 n286 4 AND
        339 n287 5 OR
        340 n288 9 AND
        341 n289 10 OR
        342 n290 14 MAJ
        343 n291 12 AND
        344 n292 15 OR
        345 n293 14 AND
        346 n294 12 AND
        347 n295 13 OR
        348 n296 14 MAJ
        349 n297 14 AND
        350 n298 4 AND
        351 n299 5 AND
        352 n300 6 OR
        353 n301 18 AND
        354 n302 11 MAJ
        355 n303 3 MAJ
        356 n304 4 AND
        357 n305 12 AND
        358 n306 13 AND
        359 n307 14 AND
        360 n308 15 AND
        361 n309 18 AND
        362 n310 4 AND
        363 n311 4 AND
        364 n312 5 OR
        365 n313 7 MAJ
        366 n314 9 AND
        367 n315 10 AND
        368 n316 11 OR
        369 n317 16 MAJ
        370 n318 3 AND
        371 n319 5 AND
        372 n320 6 OR
        373 n321 17 AND
        374 n322 16 AND
        375 n323 2 AND
        376 n324 12 MAJ
        377 n325 13 AND
        378 n326 15 AND
        379 n327 16 OR
        380 n328 4 AND
        381 n329 4 AND
        382 n330 5 OR
        383 n331 4 AND
        384 n332 5 MAJ
        385 n333 7 AND
        386 n334 6 MAJ
        387 n335 8 AND
        388 n336 4 AND
        389 n337 5 MAJ
        390 n338 7 AND
        391 n339 3 AND
        392 n340 11 AND
        393 n341 13 MAJ
        394 n342 9 OR
        395 n343 14 MAJ
        396 n344 15 AND
        397 n345 4 AND
        398 n346 4 AND
        399 n347 5 OR
        400 n348 17 AND
        401 n349 9 MAJ
        402 n350 10 AND
        403 n351 4 MAJ
        404 n352 4 MAJ
        405 n353 6 AND
        406 n354 6 AND
        407 n355 14 AND
        408 n356 15 MAJ
        409 n357 3 OR
        410 n358 16 AND
        411 n359 17 MAJ
        412 n360 4 AND
        413 n361 11 MAJ
        414 n362 13 AND
        415 n363 15 AND
        416 n364 16 AND
        417 n365 17 MAJ
        418 n366 19 AND
        419 n367 20 MAJ
        420 n368 21 AND
        421 n369 18 AND
        422 n370 3 AND
        423 n371 5 AND
        424 n372 6 OR
        425 n373 3 AND
        426 n374 4 AND
        427 n375 4 AND
        428 n376 5 AND
        429 n377 8 AND
        430 n378 9 MAJ
        431 n379 10 AND
        432 n380 7 AND
        433 n381 13 OR
        434 n382 14 MAJ
        435 n383 4 AND
        436 n384 5 AND
        437 n385 6 OR
        438 n386 18 AND
        439 n387 15 AND
        440 n388 16 OR
        441 n389 17 AND
        442 n390 3 AND
        443 n391 4 AND
        444 n392 5 OR
        445 n393 4 AND
        446 n394 5 AND
        447 n395 6 OR
        448 n396 17 AND
        449 n397 3 AND
        450 n398 4 AND
        451 n399 5 OR
        452 n400 18 AND
        453 n401 18 AND
        454 n402 4 AND
        455 n403 5 AND
        456 n404 6 OR
        457 n86 3 AND
        458 n87 5 AND
        459 n88 6 OR
        460 n89 3 AND
        461 n90 4 AND
        462 n91 7 AND
        463 n92 8 AND
        464 n93 2 AND
        465 n94 10 MAJ
        466 n95 12 AND
        467 n96 4 MAJ
        468 n97 3 MAJ
        469 n98 5 AND
        470 n99 4 AND
        471 v1 5 VIR
        472 v10 8 VIR
        473 v100 2 VIR
        474 v101 2 VIR
        475 v102 2 VIR
        476 v103 2 VIR
        477 v104 2 VIR
        478 v105 2 VIR
        479 v106 2 VIR
        480 v107 2 VIR
        481 v108 2 VIR
        482 v109 2 VIR
        483 v11 8 VIR
        484 v110 2 VIR
        485 v111 2 VIR
        486 v112 2 VIR
        487 v113 2 VIR
        488 v114 2 VIR
        489 v115 2 VIR
        490 v116 2 VIR
        491 v117 2 VIR
        492 v118 2 VIR
        493 v119 2 VIR
        494 v12 8 VIR
        495 v120 2 VIR
        496 v121 2 VIR
        497 v122 2 VIR
        498 v123 2 VIR
        499 v124 3 VIR
        500 v125 3 VIR
        501 v126 3 VIR
        502 v127 3 VIR
        503 v128 3 VIR
        504 v129 3 VIR
        505 v13 13 VIR
        506 v130 3 VIR
        507 v131 3 VIR
        508 v132 3 VIR
        509 v14 13 VIR
        510 v15 4 VIR
        511 v16 4 VIR
        512 v17 11 VIR
        513 v18 13 VIR
        514 v19 13 VIR
        515 v2 5 VIR
        516 v20 13 VIR
        517 v21 16 VIR
        518 v22 16 VIR
        519 v23 16 VIR
        520 v24 3 VIR
        521 v25 5 VIR
        522 v26 3 VIR
        523 v27 6 VIR
        524 v28 15 VIR
        525 v29 4 VIR
        526 v3 5 VIR
        527 v30 5 VIR
        528 v31 5 VIR
        529 v32 5 VIR
        530 v33 5 VIR
        531 v34 1 VIR
        532 v35 1 VIR
        533 v36 1 VIR
        534 v37 1 VIR
        535 v38 1 VIR
        536 v39 1 VIR
        537 v4 8 VIR
        538 v40 1 VIR
        539 v41 1 VIR
        540 v42 1 VIR
        541 v43 1 VIR
        542 v44 1 VIR
        543 v45 1 VIR
        544 v46 1 VIR
        545 v47 1 VIR
        546 v48 1 VIR
        547 v49 1 VIR
        548 v5 8 VIR
        549 v50 1 VIR
        550 v51 1 VIR
        551 v52 1 VIR
        552 v53 1 VIR
        553 v54 1 VIR
        554 v55 1 VIR
        555 v56 1 VIR
        556 v57 1 VIR
        557 v58 1 VIR
        558 v59 1 VIR
        559 v6 8 VIR
        560 v60 1 VIR
        561 v61 1 VIR
        562 v62 1 VIR
        563 v63 1 VIR
        564 v64 1 VIR
        565 v65 1 VIR
        566 v66 1 VIR
        567 v67 1 VIR
        568 v68 1 VIR
        569 v69 1 VIR
        570 v7 11 VIR
        571 v70 1 VIR
        572 v71 1 VIR
        573 v72 6 VIR
        574 v73 9 VIR
        575 v74 9 VIR
        576 v75 14 VIR
        577 v76 14 VIR
        578 v77 6 VIR
        579 v78 17 VIR
        580 v79 17 VIR
        581 v8 11 VIR
        582 v80 17 VIR
        583 v81 6 VIR
        584 v82 6 VIR
        585 v83 6 VIR
        586 v84 2 VIR
        587 v85 2 VIR
        588 v86 2 VIR
        589 v87 2 VIR
        590 v88 2 VIR
        591 v89 2 VIR
        592 v9 11 VIR
        593 v90 2 VIR
        594 v91 2 VIR
        595 v92 2 VIR
        596 v93 2 VIR
        597 v94 2 VIR
        598 v95 2 VIR
        599 v96 2 VIR
        600 v97 2 VIR
        601 v98 2 VIR
        602 v99 2 VIR
        603 not1 1 INV
        604 not2 2 INV
        605 not3 2 INV
        606 not4 1 INV
        607 not5 2 INV
        608 not6 2 INV
        609 not7 1 INV
        610 not8 3 INV
        611 not9 3 INV
        612 not10 4 INV
        613 not11 3 INV
        614 not12 3 INV
        615 not13 3 INV
        616 not14 4 INV
        617 not15 3 INV
        618 not16 3 INV
        619 not17 2 INV
        620 not18 3 INV
        621 not19 3 INV
        622 not20 3 INV
        623 not21 3 INV
        624 not22 3 INV
        625 not23 3 INV
        626 not24 2 INV
        627 not25 3 INV
        628 not26 2 INV
        629 not27 3 INV
        630 not28 3 INV
        631 not29 3 INV
        632 not30 3 INV
        633 not31 3 INV
        634 not32 3 INV
        635 not33 3 INV
        636 not34 3 INV
        637 not35 3 INV
        638 not36 3 INV
        639 not37 2 INV
        640 not38 3 INV
        641 not39 3 INV
        642 not40 2 INV
        643 not41 3 INV
        644 not42 6 INV
        645 not43 4 INV
        646 not44 2 INV
        647 not45 6 INV
        648 not46 2 INV
        649 not47 4 INV
        650 not48 5 INV
        651 not49 1 INV
        652 not50 4 INV
        653 not51 4 INV
        654 not52 4 INV
        655 not53 4 INV
        656 not54 4 INV
        657 not55 5 INV
        658 not56 4 INV
        659 not57 2 INV
        660 not58 4 INV
        661 not59 4 INV
        662 not60 4 INV
        663 not61 4 INV
        664 not62 4 INV
        665 not63 5 INV
        666 not64 1 INV
        667 not65 1 INV
        668 not66 6 INV
        669 not67 3 INV
        670 not68 5 INV
        671 not69 6 INV
        672 not70 5 INV
        673 not71 4 INV
        674 not72 3 INV
        675 not73 6 INV
        676 not74 3 INV
        677 not75 6 INV
        678 not76 4 INV
        679 not77 7 INV
        680 not78 6 INV
        681 not79 7 INV
        682 not80 2 INV
        683 not81 2 INV
        684 not82 4 INV
        685 not83 9 INV
        686 not84 2 INV
        687 not85 2 INV
        688 not86 5 INV
        689 not87 7 INV
        690 not88 2 INV
        691 not89 6 INV
        692 not90 7 INV
        693 not91 6 INV
        694 not92 7 INV
        695 not93 1 INV
        696 not94 4 INV
        697 not95 5 INV
        698 not96 4 INV
        699 not97 9 INV
        700 not98 7 INV
        701 not99 10 INV
        702 not100 11 INV
        703 not101 10 INV
        704 not102 8 INV
        705 not103 8 INV
        706 not104 4 INV
        707 not105 10 INV
        708 not106 8 INV
        709 not107 10 INV
        710 not108 9 INV
        711 not109 3 INV
        712 not110 11 INV
        713 not111 11 INV
        714 not112 4 INV
        715 not113 9 INV
        716 not114 11 INV
        717 not115 12 INV
        718 not116 3 INV
        719 not117 9 INV
        720 not118 5 INV
        721 not119 3 INV
        722 not120 12 INV
        723 not121 11 INV
        724 not122 9 INV
        725 not123 3 INV
        726 not124 13 INV
        727 not125 4 INV
        728 not126 3 INV
        729 not127 3 INV
        730 not128 14 INV
        731 not129 11 INV
        732 not130 12 INV
        733 not131 2 INV
        734 not132 13 INV
        735 not133 8 INV
        736 not134 7 INV
        737 not135 3 INV
        738 not136 10 INV
        739 not137 3 INV
        740 not138 10 INV
        741 not139 7 INV
        742 not140 16 INV
        743 not141 11 INV
        744 not142 19 INV
        745 not143 18 INV
        746 not144 6 INV
        747 not145 7 INV
        748 not146 7 INV
        749 not147 21 INV
        750 not148 18 INV
        751 not149 7 INV
        752 not150 16 INV
        753 not151 22 INV
    ]
    edge:
    [
        59 603
        603 205
        69 205
        2 531
        2 532
        2 533
        11 534
        16 535
        16 536
        16 538
        20 539
        20 540
        22 541
        22 542
        22 543
        26 544
        26 545
        26 546
        36 547
        36 549
        36 550
        5 551
        5 552
        5 553
        50 554
        50 555
        50 556
        54 557
        55 558
        55 560
        55 561
        56 562
        56 563
        66 564
        66 565
        66 566
        69 567
        74 568
        10 569
        10 571
        10 572
        544 604
        604 166
        547 166
        535 605
        605 218
        545 218
        551 228
        564 228
        531 238
        564 238
        535 239
        541 239
        20 606
        606 242
        547 242
        538 607
        607 261
        540 261
        535 267
        539 267
        557 608
        608 279
        552 279
        563 375
        567 375
        53 609
        609 464
        541 464
        555 473
        555 474
        555 475
        556 476
        556 477
        556 478
        558 479
        558 480
        558 481
        560 482
        560 484
        560 485
        561 486
        561 487
        561 488
        569 489
        569 490
        569 491
        571 492
        571 493
        571 495
        572 496
        572 497
        572 498
        531 586
        532 587
        533 588
        541 589
        544 590
        545 591
        546 593
        547 594
        549 595
        550 596
        551 597
        552 598
        553 599
        554 600
        554 601
        554 602
        597 610
        610 154
        532 154
        490 611
        611 155
        564 155
        11 156
        479 156
        166 612
        612 167
        594 167
        589 171
        53 171
        601 179
        67 179
        601 613
        613 180
        45 180
        532 202
        489 202
        599 614
        614 206
        205 206
        487 207
        566 207
        591 615
        615 212
        536 212
        218 616
        616 219
        546 219
        487 617
        617 229
        52 229
        492 618
        618 233
        568 233
        544 619
        619 240
        76 240
        239 240
        481 620
        620 247
        238 247
        602 621
        621 255
        49 255
        599 622
        622 257
        588 257
        498 257
        588 258
        497 258
        267 623
        623 268
        590 268
        594 268
        597 273
        54 273
        496 297
        482 297
        600 624
        624 303
        493 303
        598 625
        625 311
        600 311
        562 626
        626 314
        492 314
        48 337
        473 337
        473 627
        627 338
        39 338
        565 628
        628 355
        587 355
        492 355
        474 629
        629 363
        14 363
        43 370
        474 370
        475 630
        630 381
        7 381
        598 631
        631 388
        497 388
        228 391
        238 391
        476 632
        632 398
        28 398
        586 633
        633 403
        591 403
        549 403
        490 634
        634 404
        591 404
        595 404
        543 409
        484 409
        490 635
        635 412
        586 412
        1 422
        476 422
        495 425
        542 425
        495 636
        636 427
        542 427
        33 442
        477 442
        477 637
        637 443
        23 443
        478 449
        79 449
        478 638
        638 450
        34 450
        475 457
        65 457
        531 639
        639 460
        489 460
        479 640
        640 461
        551 461
        590 641
        641 467
        594 467
        51 467
        545 642
        642 468
        549 468
        479 468
        586 643
        643 470
        597 470
        473 499
        474 500
        475 501
        476 502
        477 503
        478 504
        600 506
        601 507
        602 508
        228 520
        238 522
        167 644
        644 168
        590 168
        166 168
        179 181
        180 181
        507 189
        71 189
        507 645
        645 190
        42 190
        536 646
        646 213
        546 213
        212 213
        219 647
        647 220
        536 220
        218 220
        567 648
        648 230
        520 230
        229 230
        587 234
        233 234
        240 649
        649 241
        239 241
        507 254
        61 254
        257 650
        650 259
        488 259
        258 259
        267 269
        268 269
        52 290
        258 290
        63 651
        651 294
        60 294
        229 294
        506 652
        652 299
        72 299
        484 306
        520 306
        47 327
        508 327
        508 653
        653 328
        35 328
        337 339
        338 339
        38 350
        499 350
        499 654
        654 351
        12 351
        565 356
        355 356
        40 362
        499 362
        500 655
        655 371
        4 371
        44 380
        500 380
        495 383
        506 383
        506 656
        656 389
        486 389
        388 389
        24 397
        501 397
        403 657
        657 405
        404 405
        502 658
        658 423
        30 423
        533 659
        659 426
        425 426
        588 428
        427 428
        31 435
        502 435
        502 660
        660 436
        19 436
        442 444
        443 444
        503 445
        73 445
        503 661
        661 446
        41 446
        449 451
        450 451
        504 454
        77 454
        504 662
        662 455
        37 455
        501 663
        663 458
        46 458
        468 664
        664 469
        467 469
        154 471
        202 510
        202 511
        154 515
        229 521
        460 525
        154 526
        461 527
        461 528
        461 529
        470 530
        470 665
        665 152
        491 152
        469 152
        471 157
        155 157
        156 157
        11 666
        666 162
        480 162
        471 162
        189 191
        190 191
        69 667
        667 203
        59 203
        511 203
        212 214
        213 214
        595 221
        562 221
        220 221
        521 231
        230 231
        234 668
        668 235
        460 235
        242 669
        669 243
        59 243
        241 243
        254 256
        255 256
        510 670
        670 285
        81 285
        542 286
        510 286
        294 671
        671 295
        521 295
        484 298
        515 298
        297 298
        525 672
        672 312
        563 312
        311 312
        327 329
        328 329
        350 352
        351 352
        362 364
        363 364
        370 372
        371 372
        380 382
        381 382
        522 673
        673 384
        482 384
        383 384
        496 674
        674 386
        482 386
        515 386
        389 675
        675 390
        388 390
        397 399
        398 399
        480 676
        676 406
        269 406
        422 424
        423 424
        435 437
        436 437
        445 447
        446 447
        454 456
        455 456
        457 459
        458 459
        527 677
        677 462
        460 462
        168 472
        168 483
        168 494
        269 523
        471 573
        515 578
        527 583
        528 584
        529 585
        470 153
        152 153
        156 678
        678 158
        157 158
        162 679
        679 163
        573 163
        203 680
        680 204
        511 204
        583 681
        681 210
        565 210
        202 210
        550 682
        682 215
        539 215
        214 215
        539 683
        683 216
        550 216
        214 216
        53 236
        235 236
        242 244
        243 244
        557 250
        494 250
        472 270
        269 270
        273 684
        684 274
        74 274
        472 274
        483 685
        685 280
        568 280
        279 280
        553 287
        494 287
        285 287
        553 686
        686 288
        494 288
        286 288
        534 687
        687 300
        298 300
        299 300
        303 688
        688 304
        562 304
        584 304
        498 309
        485 309
        578 309
        312 689
        689 313
        311 313
        566 690
        690 365
        496 365
        573 365
        384 691
        691 385
        383 385
        386 692
        692 387
        526 387
        530 693
        693 401
        493 401
        483 401
        523 694
        694 429
        584 429
        543 432
        585 432
        527 463
        462 463
        472 574
        483 575
        566 164
        163 164
        74 695
        695 169
        583 169
        574 169
        171 696
        696 172
        557 172
        463 172
        525 697
        697 182
        529 182
        575 182
        207 698
        698 208
        204 208
        206 208
        210 699
        699 211
        510 211
        214 700
        700 217
        215 217
        216 217
        585 237
        234 237
        236 237
        56 245
        244 245
        270 701
        701 271
        587 271
        491 271
        273 275
        274 275
        280 702
        702 281
        279 281
        288 703
        703 289
        287 289
        300 704
        704 301
        602 301
        299 301
        303 305
        304 305
        309 705
        705 310
        526 310
        314 706
        706 315
        528 315
        244 315
        575 707
        707 354
        533 354
        493 354
        365 708
        708 366
        578 366
        385 394
        387 394
        530 402
        401 402
        574 709
        709 413
        589 413
        412 413
        426 430
        428 430
        429 430
        463 710
        710 465
        54 465
        464 465
        158 537
        158 548
        158 559
        497 711
        711 165
        164 165
        169 712
        712 170
        528 170
        171 173
        172 173
        182 713
        713 183
        529 183
        78 184
        537 184
        80 192
        537 192
        82 197
        548 197
        207 714
        714 209
        208 209
        595 222
        211 222
        220 222
        245 715
        715 246
        489 246
        211 716
        716 262
        593 262
        261 262
        271 717
        717 272
        270 272
        491 718
        718 276
        275 276
        299 302
        301 302
        305 719
        719 307
        306 307
        314 316
        315 316
        83 322
        548 322
        84 331
        548 331
        85 340
        559 340
        356 720
        720 357
        354 357
        487 721
        721 367
        366 367
        413 722
        722 414
        412 414
        429 431
        430 431
        465 723
        723 466
        464 466
        211 512
        466 159
        153 159
        170 174
        173 174
        58 185
        184 185
        57 193
        192 193
        64 198
        197 198
        221 724
        724 223
        222 223
        563 224
        512 224
        598 725
        725 248
        246 248
        247 248
        262 726
        726 263
        261 263
        552 277
        276 277
        522 727
        727 308
        306 308
        307 308
        522 317
        316 317
        62 323
        322 323
        70 332
        331 332
        68 341
        340 341
        486 728
        728 358
        357 358
        540 368
        367 368
        375 729
        729 376
        512 376
        217 376
        246 392
        391 392
        414 730
        730 415
        523 415
        357 433
        431 433
        183 505
        183 509
        165 570
        165 581
        165 592
        75 160
        537 160
        159 160
        525 175
        173 175
        174 175
        183 186
        184 186
        185 186
        9 187
        570 187
        505 194
        192 194
        193 194
        13 195
        581 195
        505 199
        197 199
        198 199
        17 200
        581 200
        247 249
        248 249
        596 264
        263 264
        272 278
        276 278
        277 278
        317 731
        731 318
        485 318
        505 324
        322 324
        323 324
        21 325
        581 325
        509 333
        331 333
        332 333
        25 334
        592 334
        509 342
        340 342
        341 342
        29 343
        592 343
        32 346
        570 346
        599 359
        358 359
        375 377
        376 377
        392 732
        732 393
        480 393
        228 393
        402 416
        415 416
        431 434
        432 434
        433 434
        223 513
        223 514
        223 516
        159 161
        160 161
        186 188
        187 188
        194 196
        195 196
        199 201
        200 201
        217 225
        513 225
        237 251
        249 251
        543 733
        733 265
        264 265
        65 266
        514 266
        481 282
        278 282
        61 293
        514 293
        318 734
        734 319
        313 319
        317 319
        324 326
        325 326
        333 335
        334 335
        77 336
        516 336
        342 344
        343 344
        73 345
        516 345
        3 347
        346 347
        71 349
        516 349
        538 360
        359 360
        390 735
        735 395
        393 395
        394 395
        405 736
        736 407
        393 407
        486 737
        737 417
        414 417
        416 417
        593 439
        359 439
        359 524
        513 576
        514 577
        161 176
        175 176
        513 226
        224 226
        225 226
        250 738
        738 252
        249 252
        251 252
        67 260
        576 260
        498 739
        739 283
        281 283
        282 283
        567 296
        577 296
        310 320
        319 320
        79 330
        577 330
        559 348
        346 348
        347 348
        524 369
        367 369
        368 369
        596 374
        524 374
        1 378
        576 378
        394 740
        740 396
        395 396
        406 741
        741 408
        393 408
        407 408
        249 440
        439 440
        6 177
        570 177
        176 177
        282 284
        283 284
        320 742
        742 321
        308 321
        377 379
        378 379
        402 743
        743 410
        408 410
        226 517
        226 518
        226 519
        176 178
        177 178
        44 227
        517 227
        43 232
        517 232
        284 291
        289 291
        290 291
        534 373
        518 373
        33 400
        518 400
        408 411
        409 411
        410 411
        15 441
        519 441
        38 448
        519 448
        517 579
        518 580
        519 582
        48 253
        579 253
        291 744
        744 292
        290 292
        18 353
        579 353
        8 361
        579 361
        417 745
        745 418
        411 418
        24 421
        580 421
        27 438
        580 438
        40 452
        582 452
        31 453
        582 453
        526 746
        746 419
        488 419
        418 419
        418 420
        419 420
        459 86
        178 87
        181 88
        188 89
        191 90
        196 91
        201 92
        209 93
        227 94
        231 747
        747 95
        232 96
        252 97
        253 98
        256 99
        259 748
        748 100
        260 101
        265 102
        266 103
        237 104
        292 749
        749 105
        293 106
        295 107
        296 108
        302 109
        321 750
        750 110
        326 111
        329 112
        330 113
        335 114
        336 115
        339 116
        344 117
        163 118
        345 119
        348 120
        349 121
        298 751
        751 122
        352 123
        353 124
        360 125
        361 126
        364 127
        369 128
        372 129
        373 130
        374 131
        379 132
        382 133
        396 752
        752 134
        399 135
        400 136
        420 753
        753 137
        421 138
        424 139
        434 140
        437 141
        438 142
        440 143
        441 144
        444 145
        447 146
        448 147
        451 148
        452 149
        453 150
        456 151
    ]
]
