circuit_name:f51mnew_processed
[
    node:
    [
        1 x0 0 PI
        2 x1 0 PI
        3 x2 0 PI
        4 x3 0 PI
        5 x4 0 PI
        6 x5 0 PI
        7 x6 0 PI
        8 x7 0 PI
        9 y0 18 PO
        10 y1 7 PO
        11 y2 9 PO
        12 y3 19 PO
        13 y4 17 PO
        14 y5 15 PO
        15 y6 9 PO
        16 y7 4 PO
        17 n10 4 AND
        18 n100 11 OR
        19 n101 3 OR
        20 n102 5 MAJ
        21 n103 6 OR
        22 n104 8 AND
        23 n105 9 OR
        24 n106 10 MAJ
        25 n107 12 OR
        26 n108 13 MAJ
        27 n109 14 OR
        28 n11 6 MAJ
        29 n110 6 MAJ
        30 n111 8 AND
        31 n112 5 MAJ
        32 n113 7 AND
        33 n114 3 AND
        34 n115 5 MAJ
        35 n116 6 AND
        36 n117 8 OR
        37 n118 9 OR
        38 n119 5 MAJ
        39 n12 8 MAJ
        40 n120 7 AND
        41 n121 4 MAJ
        42 n122 5 OR
        43 n123 6 MAJ
        44 n124 7 MAJ
        45 n125 10 OR
        46 n126 11 MAJ
        47 n127 12 OR
        48 n128 15 OR
        49 n129 17 MAJ
        50 n13 3 AND
        51 n130 18 OR
        52 n131 4 AND
        53 n132 5 AND
        54 n133 5 MAJ
        55 n134 6 OR
        56 n135 7 MAJ
        57 n136 8 MAJ
        58 n137 7 AND
        59 n138 8 AND
        60 n139 10 MAJ
        61 n14 5 AND
        62 n140 5 MAJ
        63 n141 6 AND
        64 n142 4 OR
        65 n143 5 OR
        66 n144 5 MAJ
        67 n145 7 AND
        68 n146 3 OR
        69 n147 4 MAJ
        70 n148 5 AND
        71 n149 8 AND
        72 n15 3 OR
        73 n150 10 MAJ
        74 n151 11 MAJ
        75 n152 12 OR
        76 n153 13 MAJ
        77 n154 13 MAJ
        78 n155 14 OR
        79 n156 4 MAJ
        80 n157 5 OR
        81 n158 6 MAJ
        82 n159 7 MAJ
        83 n16 2 AND
        84 n160 5 MAJ
        85 n161 7 AND
        86 n162 7 AND
        87 n163 8 AND
        88 n164 10 MAJ
        89 n165 5 MAJ
        90 n166 7 AND
        91 n167 4 AND
        92 n168 5 MAJ
        93 n169 7 AND
        94 n17 5 MAJ
        95 n170 8 MAJ
        96 n171 8 MAJ
        97 n172 9 AND
        98 n173 4 AND
        99 n174 5 AND
        100 n175 5 AND
        101 n176 7 MAJ
        102 n177 6 MAJ
        103 n178 9 AND
        104 n179 11 OR
        105 n18 6 AND
        106 n180 13 MAJ
        107 n181 14 OR
        108 n182 15 OR
        109 n183 16 OR
        110 n184 5 MAJ
        111 n185 6 AND
        112 n186 7 AND
        113 n187 8 AND
        114 n188 10 MAJ
        115 n189 4 AND
        116 n19 4 AND
        117 n190 6 MAJ
        118 n191 8 AND
        119 n192 4 MAJ
        120 n193 6 AND
        121 n194 4 MAJ
        122 n195 6 AND
        123 n196 7 OR
        124 n197 8 OR
        125 n198 9 MAJ
        126 n199 5 MAJ
        127 n20 8 AND
        128 n200 6 AND
        129 n201 5 MAJ
        130 n202 7 AND
        131 n203 7 AND
        132 n204 9 MAJ
        133 n205 10 MAJ
        134 n206 11 OR
        135 n207 5 AND
        136 n208 5 OR
        137 n209 4 MAJ
        138 n21 10 MAJ
        139 n210 5 AND
        140 n211 5 MAJ
        141 n212 6 MAJ
        142 n213 7 AND
        143 n214 8 AND
        144 n215 10 MAJ
        145 n216 11 OR
        146 n217 13 MAJ
        147 n218 14 OR
        148 n219 4 AND
        149 n22 11 OR
        150 n220 6 AND
        151 n221 8 MAJ
        152 n23 12 MAJ
        153 n24 13 OR
        154 n25 4 MAJ
        155 n26 6 AND
        156 n27 4 AND
        157 n28 7 MAJ
        158 n29 8 AND
        159 n30 4 OR
        160 n31 4 AND
        161 n32 5 AND
        162 n33 6 MAJ
        163 n34 6 OR
        164 n35 8 MAJ
        165 n36 14 OR
        166 n37 16 MAJ
        167 n38 17 OR
        168 n39 4 MAJ
        169 n40 3 AND
        170 n41 4 MAJ
        171 n42 4 MAJ
        172 n43 6 MAJ
        173 n44 6 AND
        174 n45 7 OR
        175 n46 8 MAJ
        176 n47 4 AND
        177 n48 5 AND
        178 n49 3 OR
        179 n50 4 OR
        180 n51 5 AND
        181 n52 4 OR
        182 n53 6 OR
        183 n54 5 OR
        184 n55 7 AND
        185 n56 6 AND
        186 n57 9 MAJ
        187 n58 7 AND
        188 n59 8 AND
        189 n60 10 MAJ
        190 n61 4 OR
        191 n62 5 MAJ
        192 n63 6 AND
        193 n64 4 MAJ
        194 n65 6 AND
        195 n66 5 AND
        196 n67 6 MAJ
        197 n68 8 AND
        198 n69 7 AND
        199 n70 8 OR
        200 n71 9 MAJ
        201 n72 3 AND
        202 n73 5 MAJ
        203 n74 6 AND
        204 n75 7 AND
        205 n76 8 AND
        206 n77 3 OR
        207 n78 5 MAJ
        208 n79 6 OR
        209 n80 5 MAJ
        210 n81 6 AND
        211 n82 8 AND
        212 n83 9 AND
        213 n84 11 MAJ
        214 n85 12 OR
        215 n86 13 MAJ
        216 n87 14 OR
        217 n88 4 AND
        218 n89 5 MAJ
        219 n9 5 AND
        220 n90 7 AND
        221 n91 5 AND
        222 n92 6 MAJ
        223 n93 8 AND
        224 n94 4 AND
        225 n95 4 AND
        226 n96 6 MAJ
        227 n97 8 AND
        228 n98 9 OR
        229 n99 10 MAJ
        230 v1 4 VIR
        231 v10 4 VIR
        232 v100 2 VIR
        233 v101 2 VIR
        234 v102 2 VIR
        235 v103 3 VIR
        236 v104 3 VIR
        237 v105 3 VIR
        238 v106 3 VIR
        239 v107 3 VIR
        240 v108 3 VIR
        241 v109 3 VIR
        242 v11 4 VIR
        243 v110 3 VIR
        244 v111 3 VIR
        245 v112 3 VIR
        246 v113 3 VIR
        247 v114 3 VIR
        248 v115 3 VIR
        249 v116 3 VIR
        250 v117 3 VIR
        251 v118 3 VIR
        252 v12 4 VIR
        253 v13 4 VIR
        254 v14 5 VIR
        255 v15 1 VIR
        256 v16 1 VIR
        257 v17 1 VIR
        258 v18 1 VIR
        259 v19 1 VIR
        260 v2 4 VIR
        261 v20 1 VIR
        262 v21 1 VIR
        263 v22 1 VIR
        264 v23 1 VIR
        265 v24 1 VIR
        266 v25 1 VIR
        267 v26 1 VIR
        268 v27 1 VIR
        269 v28 1 VIR
        270 v29 1 VIR
        271 v3 3 VIR
        272 v30 1 VIR
        273 v31 1 VIR
        274 v32 1 VIR
        275 v33 1 VIR
        276 v34 1 VIR
        277 v35 1 VIR
        278 v36 1 VIR
        279 v37 1 VIR
        280 v38 1 VIR
        281 v39 2 VIR
        282 v4 3 VIR
        283 v40 2 VIR
        284 v41 2 VIR
        285 v42 2 VIR
        286 v43 2 VIR
        287 v44 2 VIR
        288 v45 2 VIR
        289 v46 2 VIR
        290 v47 2 VIR
        291 v48 2 VIR
        292 v49 2 VIR
        293 v5 3 VIR
        294 v50 2 VIR
        295 v51 2 VIR
        296 v52 2 VIR
        297 v53 2 VIR
        298 v54 2 VIR
        299 v55 2 VIR
        300 v56 2 VIR
        301 v57 2 VIR
        302 v58 2 VIR
        303 v59 2 VIR
        304 v6 5 VIR
        305 v60 2 VIR
        306 v61 2 VIR
        307 v62 2 VIR
        308 v63 2 VIR
        309 v64 2 VIR
        310 v65 2 VIR
        311 v66 2 VIR
        312 v67 2 VIR
        313 v68 2 VIR
        314 v69 2 VIR
        315 v7 5 VIR
        316 v70 2 VIR
        317 v71 2 VIR
        318 v72 2 VIR
        319 v73 2 VIR
        320 v74 2 VIR
        321 v75 2 VIR
        322 v76 2 VIR
        323 v77 2 VIR
        324 v78 4 VIR
        325 v79 2 VIR
        326 v8 5 VIR
        327 v80 2 VIR
        328 v81 2 VIR
        329 v82 2 VIR
        330 v83 2 VIR
        331 v84 2 VIR
        332 v85 2 VIR
        333 v86 2 VIR
        334 v87 2 VIR
        335 v88 2 VIR
        336 v89 2 VIR
        337 v9 5 VIR
        338 v90 2 VIR
        339 v91 2 VIR
        340 v92 2 VIR
        341 v93 2 VIR
        342 v94 2 VIR
        343 v95 2 VIR
        344 v96 2 VIR
        345 v97 2 VIR
        346 v98 2 VIR
        347 v99 2 VIR
        348 not1 3 INV
        349 not2 3 INV
        350 not3 3 INV
        351 not4 3 INV
        352 not5 3 INV
        353 not6 3 INV
        354 not7 3 INV
        355 not8 3 INV
        356 not9 3 INV
        357 not10 3 INV
        358 not11 3 INV
        359 not12 4 INV
        360 not13 5 INV
        361 not14 4 INV
        362 not15 5 INV
        363 not16 4 INV
        364 not17 3 INV
        365 not18 5 INV
        366 not19 4 INV
        367 not20 4 INV
        368 not21 4 INV
        369 not22 3 INV
        370 not23 3 INV
        371 not24 3 INV
        372 not25 3 INV
        373 not26 3 INV
        374 not27 5 INV
        375 not28 3 INV
        376 not29 3 INV
        377 not30 4 INV
        378 not31 4 INV
        379 not32 4 INV
        380 not33 4 INV
        381 not34 4 INV
        382 not35 4 INV
        383 not36 3 INV
        384 not37 3 INV
        385 not38 3 INV
        386 not39 7 INV
        387 not40 6 INV
        388 not41 6 INV
        389 not42 3 INV
        390 not43 3 INV
        391 not44 4 INV
        392 not45 6 INV
        393 not46 6 INV
        394 not47 3 INV
        395 not48 6 INV
        396 not49 3 INV
        397 not50 6 INV
        398 not51 3 INV
        399 not52 5 INV
        400 not53 5 INV
        401 not54 5 INV
        402 not55 3 INV
        403 not56 6 INV
        404 not57 4 INV
        405 not58 3 INV
        406 not59 7 INV
        407 not60 5 INV
        408 not61 6 INV
        409 not62 5 INV
        410 not63 3 INV
        411 not64 4 INV
        412 not65 5 INV
        413 not66 5 INV
        414 not67 5 INV
        415 not68 7 INV
        416 not69 3 INV
        417 not70 6 INV
        418 not71 6 INV
        419 not72 7 INV
        420 not73 5 INV
        421 not74 6 INV
        422 not75 7 INV
        423 not76 6 INV
        424 not77 6 INV
        425 not78 3 INV
        426 not79 3 INV
        427 not80 5 INV
        428 not81 6 INV
        429 not82 7 INV
        430 not83 7 INV
        431 not84 5 INV
        432 not85 5 INV
        433 not86 6 INV
        434 not87 6 INV
        435 not88 5 INV
        436 not89 7 INV
        437 not90 3 INV
        438 not91 7 INV
        439 not92 6 INV
        440 not93 7 INV
        441 not94 7 INV
        442 not95 7 INV
        443 not96 9 INV
        444 not97 8 INV
        445 not98 4 INV
        446 not99 9 INV
        447 not100 7 INV
        448 not101 6 INV
        449 not102 6 INV
        450 not103 3 INV
        451 not104 9 INV
        452 not105 9 INV
        453 not106 3 INV
        454 not107 8 INV
        455 not108 9 INV
        456 not109 8 INV
        457 not110 10 INV
        458 not111 2 INV
        459 not112 9 INV
        460 not113 9 INV
        461 not114 3 INV
        462 not115 3 INV
        463 not116 6 INV
        464 not117 12 INV
        465 not118 3 INV
        466 not119 3 INV
        467 not120 12 INV
        468 not121 15 INV
        469 not122 16 INV
        470 not123 3 INV
    ]
    edge:
    [
        1 255
        1 256
        1 257
        2 258
        2 259
        2 261
        3 262
        3 263
        3 264
        4 265
        4 266
        4 267
        5 268
        5 269
        5 270
        6 272
        6 273
        6 274
        7 275
        7 276
        7 277
        8 278
        8 279
        8 280
        255 83
        258 83
        279 232
        280 233
        280 234
        255 281
        255 283
        256 284
        256 285
        257 286
        257 287
        258 288
        258 289
        259 290
        259 291
        261 292
        261 294
        262 295
        262 296
        262 297
        263 298
        263 299
        263 300
        264 301
        264 302
        264 303
        265 305
        265 306
        265 307
        266 308
        266 309
        266 310
        267 311
        267 312
        267 313
        268 314
        268 316
        268 317
        269 318
        269 319
        269 320
        270 321
        270 322
        270 323
        272 325
        272 327
        272 328
        273 329
        273 330
        273 331
        274 332
        274 333
        274 334
        275 335
        275 336
        275 338
        276 339
        276 340
        276 341
        277 342
        277 343
        277 344
        278 345
        278 346
        279 347
        317 348
        348 17
        306 17
        281 19
        289 19
        306 33
        329 33
        232 349
        349 41
        318 41
        338 41
        295 50
        305 50
        281 68
        296 68
        288 72
        305 72
        339 350
        350 79
        307 79
        329 79
        297 351
        351 91
        289 91
        299 352
        352 115
        331 115
        318 353
        353 116
        298 116
        286 354
        354 148
        292 148
        290 355
        355 156
        281 156
        291 356
        356 160
        300 160
        286 357
        357 168
        294 168
        313 168
        257 169
        302 169
        330 178
        340 178
        288 201
        295 201
        288 206
        295 206
        336 358
        358 217
        328 217
        305 235
        308 236
        311 237
        314 238
        316 239
        317 240
        318 241
        319 243
        320 244
        321 245
        322 246
        325 247
        327 248
        329 249
        330 250
        332 251
        83 271
        83 282
        83 293
        19 359
        359 20
        316 20
        328 20
        17 360
        360 28
        290 28
        298 28
        33 361
        361 34
        336 34
        347 34
        232 42
        41 42
        41 362
        362 43
        250 43
        280 43
        309 52
        244 52
        237 363
        363 54
        292 54
        322 54
        309 64
        243 64
        307 364
        364 69
        240 69
        68 69
        340 80
        79 80
        79 365
        365 81
        320 81
        340 81
        249 366
        366 84
        339 84
        17 84
        249 367
        367 92
        308 92
        91 92
        271 368
        368 94
        296 94
        239 94
        298 369
        369 98
        241 98
        284 100
        116 100
        320 370
        370 119
        310 119
        282 119
        299 371
        371 121
        308 121
        282 121
        300 372
        372 129
        244 129
        156 129
        301 373
        373 137
        237 137
        245 137
        148 374
        374 150
        294 150
        301 154
        322 154
        293 154
        283 159
        236 159
        285 375
        375 161
        160 161
        294 170
        313 170
        169 170
        286 171
        313 171
        169 171
        316 176
        248 176
        310 179
        178 179
        239 181
        327 181
        296 190
        235 190
        314 376
        376 193
        325 193
        50 193
        248 377
        377 195
        335 195
        201 378
        378 202
        325 202
        335 202
        206 379
        379 207
        328 207
        335 207
        271 380
        380 209
        314 209
        247 209
        240 381
        381 219
        259 219
        238 382
        382 221
        247 221
        289 224
        235 224
        327 383
        383 225
        238 225
        19 230
        201 231
        201 242
        206 252
        206 253
        50 260
        156 304
        156 315
        271 324
        19 21
        20 21
        336 384
        384 31
        279 31
        181 31
        33 35
        34 35
        321 385
        385 38
        331 38
        159 38
        28 386
        386 39
        319 39
        219 39
        42 387
        387 44
        41 44
        43 44
        301 53
        52 53
        312 55
        54 55
        54 388
        388 56
        312 56
        343 56
        290 61
        260 61
        331 389
        389 62
        321 62
        252 62
        284 65
        64 65
        306 390
        390 66
        317 66
        231 66
        68 391
        391 70
        69 70
        80 392
        392 82
        79 82
        81 82
        84 393
        393 85
        17 85
        330 394
        394 89
        241 89
        242 89
        92 395
        395 93
        91 93
        291 396
        396 99
        98 99
        100 397
        397 101
        310 101
        342 101
        324 105
        94 105
        332 398
        398 110
        311 110
        252 110
        115 399
        399 117
        72 117
        159 117
        119 400
        400 120
        293 120
        121 401
        401 122
        282 122
        319 402
        402 126
        236 126
        230 126
        129 403
        403 130
        304 130
        261 135
        52 135
        302 136
        64 136
        246 404
        404 139
        137 139
        333 405
        405 140
        246 140
        137 140
        150 406
        406 151
        287 151
        148 151
        154 407
        407 155
        293 155
        304 408
        408 157
        312 157
        323 157
        323 163
        161 163
        170 409
        409 172
        168 172
        171 172
        303 410
        410 173
        315 173
        309 177
        176 177
        297 180
        176 180
        307 183
        181 183
        243 411
        411 191
        250 191
        190 191
        193 412
        412 194
        50 194
        260 413
        413 196
        345 196
        195 196
        231 203
        202 203
        252 208
        207 208
        324 210
        209 210
        346 218
        190 218
        217 218
        278 222
        72 222
        221 222
        224 414
        414 226
        345 226
        225 226
        225 254
        159 326
        181 337
        21 415
        415 22
        347 22
        338 416
        416 29
        347 29
        254 29
        337 417
        417 32
        31 32
        326 418
        418 40
        38 40
        55 419
        419 57
        54 57
        56 57
        253 420
        420 63
        62 63
        66 421
        421 67
        231 67
        21 422
        422 71
        338 71
        180 423
        423 86
        339 86
        89 424
        424 90
        242 90
        341 425
        425 95
        284 95
        93 95
        342 426
        426 102
        311 102
        99 102
        253 427
        427 111
        110 111
        61 428
        428 112
        332 112
        117 429
        429 118
        115 118
        251 123
        122 123
        105 430
        430 127
        72 127
        230 431
        431 128
        126 128
        137 432
        432 141
        139 141
        140 141
        135 433
        433 142
        333 142
        304 158
        157 158
        302 162
        323 162
        326 162
        303 174
        173 174
        299 182
        337 182
        233 185
        180 185
        177 434
        434 187
        233 187
        190 435
        435 192
        191 192
        196 436
        436 197
        195 197
        345 437
        437 198
        194 198
        346 204
        203 204
        210 438
        438 211
        346 211
        218 439
        439 220
        217 220
        222 440
        440 223
        221 223
        226 441
        441 227
        225 227
        291 23
        22 23
        29 442
        442 30
        254 30
        32 36
        35 36
        343 58
        182 58
        71 443
        443 73
        67 73
        70 73
        183 87
        86 87
        285 96
        342 96
        90 96
        101 444
        444 103
        102 103
        65 113
        112 113
        120 124
        123 124
        251 445
        445 131
        128 131
        127 446
        446 138
        105 138
        116 138
        136 143
        142 143
        162 447
        447 164
        116 164
        163 164
        315 448
        448 175
        173 175
        174 175
        182 184
        183 184
        179 188
        187 188
        283 199
        198 199
        283 205
        204 205
        208 212
        211 212
        223 228
        227 228
        197 24
        22 24
        23 24
        30 37
        36 37
        53 449
        449 59
        58 59
        341 450
        450 74
        71 74
        73 74
        87 451
        451 88
        341 88
        85 88
        95 97
        96 97
        113 452
        452 114
        333 114
        111 114
        334 453
        453 125
        118 125
        124 125
        131 454
        454 132
        53 132
        130 132
        143 455
        455 144
        334 144
        141 144
        39 149
        138 149
        184 456
        456 186
        233 186
        185 186
        197 200
        198 200
        199 200
        212 457
        457 213
        232 213
        205 213
        256 458
        458 229
        220 229
        228 229
        228 18
        229 18
        37 45
        44 45
        59 459
        459 60
        344 60
        57 60
        71 75
        74 75
        82 104
        88 104
        334 133
        131 133
        132 133
        114 145
        125 145
        245 152
        61 152
        149 152
        188 460
        460 189
        234 189
        186 189
        200 214
        213 214
        18 25
        24 25
        234 461
        461 46
        40 46
        45 46
        343 462
        462 76
        63 76
        75 76
        65 463
        463 77
        344 77
        75 77
        104 464
        464 106
        97 106
        103 106
        131 134
        133 134
        149 153
        152 153
        234 465
        465 215
        192 215
        214 215
        292 466
        466 26
        220 26
        25 26
        45 47
        46 47
        76 78
        77 78
        104 107
        106 107
        145 467
        467 146
        134 146
        144 146
        153 165
        155 165
        214 216
        215 216
        25 27
        26 27
        189 48
        216 48
        78 108
        107 108
        145 147
        146 147
        165 468
        468 166
        158 166
        164 166
        48 469
        469 49
        27 49
        47 49
        60 109
        108 109
        165 167
        166 167
        48 51
        49 51
        167 9
        172 10
        175 11
        51 12
        109 13
        147 14
        151 15
        287 470
        470 16
    ]
]
