circuit_name:int2floatnew_processed
[
    node:
    [
        1 x0 0 PI
        2 x1 0 PI
        3 x2 0 PI
        4 x3 0 PI
        5 x4 0 PI
        6 x5 0 PI
        7 x6 0 PI
        8 x7 0 PI
        9 x8 0 PI
        10 x9 0 PI
        11 x10 0 PI
        12 y0 24 PO
        13 y1 24 PO
        14 y2 26 PO
        15 y3 12 PO
        16 y4 21 PO
        17 y5 14 PO
        18 y6 9 PO
        19 n100 3 AND
        20 n101 4 MAJ
        21 n102 5 MAJ
        22 n103 6 AND
        23 n104 7 AND
        24 n105 8 OR
        25 n106 14 MAJ
        26 n107 12 AND
        27 n108 13 AND
        28 n109 16 MAJ
        29 n110 5 AND
        30 n111 4 AND
        31 n112 7 AND
        32 n113 9 MAJ
        33 n114 4 AND
        34 n115 9 MAJ
        35 n116 3 AND
        36 n117 4 AND
        37 n118 5 MAJ
        38 n119 7 AND
        39 n12 4 AND
        40 n120 8 OR
        41 n121 10 MAJ
        42 n122 11 OR
        43 n123 13 AND
        44 n124 14 AND
        45 n125 15 MAJ
        46 n126 17 AND
        47 n127 18 AND
        48 n128 19 MAJ
        49 n129 4 AND
        50 n13 3 AND
        51 n130 7 MAJ
        52 n131 8 AND
        53 n132 20 OR
        54 n133 22 MAJ
        55 n134 23 AND
        56 n135 4 AND
        57 n136 5 MAJ
        58 n137 7 AND
        59 n138 8 OR
        60 n139 9 MAJ
        61 n14 5 MAJ
        62 n140 5 MAJ
        63 n141 7 AND
        64 n142 8 OR
        65 n143 9 OR
        66 n144 10 MAJ
        67 n145 11 AND
        68 n146 12 AND
        69 n147 13 MAJ
        70 n148 4 OR
        71 n149 5 MAJ
        72 n15 4 MAJ
        73 n150 6 MAJ
        74 n151 8 AND
        75 n152 15 AND
        76 n153 16 AND
        77 n154 17 MAJ
        78 n155 5 AND
        79 n156 4 AND
        80 n157 5 AND
        81 n158 5 AND
        82 n159 7 MAJ
        83 n16 6 MAJ
        84 n160 3 AND
        85 n161 5 MAJ
        86 n162 7 AND
        87 n163 8 OR
        88 n164 9 MAJ
        89 n165 4 AND
        90 n166 4 AND
        91 n167 5 AND
        92 n168 4 AND
        93 n169 6 MAJ
        94 n17 3 AND
        95 n170 6 MAJ
        96 n171 8 AND
        97 n172 4 AND
        98 n173 9 OR
        99 n174 10 MAJ
        100 n175 18 OR
        101 n176 19 OR
        102 n177 20 MAJ
        103 n178 4 AND
        104 n179 3 OR
        105 n18 4 OR
        106 n180 4 MAJ
        107 n181 6 MAJ
        108 n182 8 MAJ
        109 n183 21 AND
        110 n184 22 OR
        111 n185 23 MAJ
        112 n186 4 AND
        113 n187 5 MAJ
        114 n188 7 MAJ
        115 n189 8 AND
        116 n19 7 OR
        117 n190 4 AND
        118 n191 7 AND
        119 n192 8 MAJ
        120 n193 9 OR
        121 n194 10 MAJ
        122 n195 24 AND
        123 n196 25 OR
        124 n197 6 AND
        125 n198 3 OR
        126 n199 5 MAJ
        127 n20 8 MAJ
        128 n200 6 OR
        129 n201 4 AND
        130 n202 8 AND
        131 n203 9 MAJ
        132 n204 3 OR
        133 n205 10 MAJ
        134 n206 11 OR
        135 n207 4 MAJ
        136 n208 6 AND
        137 n209 4 AND
        138 n21 3 AND
        139 n210 7 OR
        140 n211 8 MAJ
        141 n212 7 MAJ
        142 n213 9 AND
        143 n214 10 OR
        144 n215 11 MAJ
        145 n216 12 OR
        146 n217 4 OR
        147 n218 7 OR
        148 n219 13 MAJ
        149 n22 5 MAJ
        150 n220 5 AND
        151 n221 6 AND
        152 n222 15 MAJ
        153 n223 16 AND
        154 n224 17 MAJ
        155 n225 4 MAJ
        156 n226 4 MAJ
        157 n227 5 AND
        158 n228 7 MAJ
        159 n229 9 AND
        160 n23 7 AND
        161 n230 6 MAJ
        162 n231 10 AND
        163 n232 11 OR
        164 n233 18 OR
        165 n234 19 OR
        166 n235 20 MAJ
        167 n236 3 AND
        168 n237 4 AND
        169 n238 4 OR
        170 n239 5 MAJ
        171 n24 5 AND
        172 n240 6 AND
        173 n241 3 AND
        174 n242 7 OR
        175 n243 8 MAJ
        176 n244 4 AND
        177 n245 6 MAJ
        178 n246 7 AND
        179 n247 9 AND
        180 n248 10 AND
        181 n249 11 MAJ
        182 n25 4 MAJ
        183 n250 3 OR
        184 n251 6 MAJ
        185 n252 7 MAJ
        186 n253 8 MAJ
        187 n254 9 AND
        188 n255 10 AND
        189 n256 3 OR
        190 n257 12 MAJ
        191 n258 13 OR
        192 n259 5 AND
        193 n26 9 AND
        194 n260 5 OR
        195 n261 6 MAJ
        196 n262 7 MAJ
        197 n263 8 OR
        198 n27 11 MAJ
        199 n28 12 OR
        200 n29 13 MAJ
        201 n30 14 MAJ
        202 n31 16 AND
        203 n32 18 AND
        204 n33 19 AND
        205 n34 20 MAJ
        206 n35 5 AND
        207 n36 7 MAJ
        208 n37 8 MAJ
        209 n38 9 OR
        210 n39 4 OR
        211 n40 3 AND
        212 n41 5 AND
        213 n42 7 MAJ
        214 n43 10 AND
        215 n44 12 MAJ
        216 n45 4 AND
        217 n46 13 AND
        218 n47 14 AND
        219 n48 4 AND
        220 n49 15 MAJ
        221 n50 3 MAJ
        222 n51 4 MAJ
        223 n52 5 AND
        224 n53 3 AND
        225 n54 4 AND
        226 n55 3 OR
        227 n56 6 OR
        228 n57 7 MAJ
        229 n58 9 AND
        230 n59 10 MAJ
        231 n60 11 MAJ
        232 n61 12 AND
        233 n62 21 OR
        234 n63 22 OR
        235 n64 23 MAJ
        236 n65 3 OR
        237 n66 4 AND
        238 n67 5 MAJ
        239 n68 3 AND
        240 n69 3 AND
        241 n70 5 MAJ
        242 n71 6 MAJ
        243 n72 5 AND
        244 n73 6 OR
        245 n74 8 MAJ
        246 n75 9 OR
        247 n76 10 OR
        248 n77 11 MAJ
        249 n78 3 AND
        250 n79 4 AND
        251 n80 5 AND
        252 n81 6 MAJ
        253 n82 7 MAJ
        254 n83 9 MAJ
        255 n84 5 AND
        256 n85 7 MAJ
        257 n86 8 MAJ
        258 n87 9 OR
        259 n88 4 AND
        260 n89 5 MAJ
        261 n90 7 AND
        262 n91 3 AND
        263 n92 10 AND
        264 n93 12 MAJ
        265 n94 5 MAJ
        266 n95 6 MAJ
        267 n96 7 AND
        268 n97 8 AND
        269 n98 9 OR
        270 n99 13 MAJ
        271 v1 5 VIR
        272 v10 1 VIR
        273 v100 2 VIR
        274 v101 2 VIR
        275 v102 2 VIR
        276 v103 2 VIR
        277 v104 2 VIR
        278 v105 2 VIR
        279 v106 2 VIR
        280 v107 2 VIR
        281 v108 2 VIR
        282 v109 2 VIR
        283 v11 1 VIR
        284 v110 2 VIR
        285 v111 2 VIR
        286 v112 2 VIR
        287 v113 2 VIR
        288 v114 2 VIR
        289 v115 2 VIR
        290 v116 2 VIR
        291 v117 2 VIR
        292 v118 2 VIR
        293 v119 3 VIR
        294 v12 1 VIR
        295 v120 3 VIR
        296 v121 3 VIR
        297 v122 3 VIR
        298 v123 3 VIR
        299 v124 3 VIR
        300 v125 3 VIR
        301 v126 3 VIR
        302 v127 3 VIR
        303 v128 3 VIR
        304 v129 3 VIR
        305 v13 1 VIR
        306 v130 3 VIR
        307 v131 3 VIR
        308 v132 3 VIR
        309 v133 3 VIR
        310 v134 3 VIR
        311 v135 3 VIR
        312 v136 3 VIR
        313 v14 1 VIR
        314 v15 1 VIR
        315 v16 1 VIR
        316 v17 1 VIR
        317 v18 1 VIR
        318 v19 1 VIR
        319 v2 5 VIR
        320 v20 1 VIR
        321 v21 1 VIR
        322 v22 1 VIR
        323 v23 1 VIR
        324 v24 1 VIR
        325 v25 1 VIR
        326 v26 1 VIR
        327 v27 1 VIR
        328 v28 1 VIR
        329 v29 1 VIR
        330 v3 6 VIR
        331 v30 1 VIR
        332 v31 1 VIR
        333 v32 1 VIR
        334 v33 1 VIR
        335 v34 1 VIR
        336 v35 1 VIR
        337 v36 1 VIR
        338 v37 1 VIR
        339 v38 1 VIR
        340 v39 1 VIR
        341 v4 4 VIR
        342 v40 1 VIR
        343 v41 1 VIR
        344 v42 1 VIR
        345 v43 2 VIR
        346 v44 2 VIR
        347 v45 2 VIR
        348 v46 2 VIR
        349 v47 2 VIR
        350 v48 2 VIR
        351 v49 2 VIR
        352 v5 4 VIR
        353 v50 2 VIR
        354 v51 2 VIR
        355 v52 2 VIR
        356 v53 2 VIR
        357 v54 2 VIR
        358 v55 2 VIR
        359 v56 2 VIR
        360 v57 2 VIR
        361 v58 2 VIR
        362 v59 2 VIR
        363 v6 5 VIR
        364 v60 2 VIR
        365 v61 2 VIR
        366 v62 2 VIR
        367 v63 2 VIR
        368 v64 2 VIR
        369 v65 2 VIR
        370 v66 2 VIR
        371 v67 2 VIR
        372 v68 2 VIR
        373 v69 2 VIR
        374 v7 5 VIR
        375 v70 2 VIR
        376 v71 2 VIR
        377 v72 2 VIR
        378 v73 2 VIR
        379 v74 2 VIR
        380 v75 2 VIR
        381 v76 2 VIR
        382 v77 2 VIR
        383 v78 2 VIR
        384 v79 2 VIR
        385 v8 4 VIR
        386 v80 2 VIR
        387 v81 2 VIR
        388 v82 2 VIR
        389 v83 2 VIR
        390 v84 2 VIR
        391 v85 2 VIR
        392 v86 2 VIR
        393 v87 2 VIR
        394 v88 2 VIR
        395 v89 2 VIR
        396 v9 5 VIR
        397 v90 2 VIR
        398 v91 2 VIR
        399 v92 2 VIR
        400 v93 2 VIR
        401 v94 2 VIR
        402 v95 2 VIR
        403 v96 2 VIR
        404 v97 2 VIR
        405 v98 2 VIR
        406 v99 2 VIR
        407 not1 2 INV
        408 not2 3 INV
        409 not3 3 INV
        410 not4 3 INV
        411 not5 3 INV
        412 not6 3 INV
        413 not7 3 INV
        414 not8 3 INV
        415 not9 3 INV
        416 not10 3 INV
        417 not11 3 INV
        418 not12 3 INV
        419 not13 2 INV
        420 not14 3 INV
        421 not15 3 INV
        422 not16 3 INV
        423 not17 3 INV
        424 not18 4 INV
        425 not19 4 INV
        426 not20 2 INV
        427 not21 4 INV
        428 not22 4 INV
        429 not23 4 INV
        430 not24 4 INV
        431 not25 4 INV
        432 not26 2 INV
        433 not27 4 INV
        434 not28 4 INV
        435 not29 3 INV
        436 not30 4 INV
        437 not31 4 INV
        438 not32 4 INV
        439 not33 3 INV
        440 not34 4 INV
        441 not35 3 INV
        442 not36 4 INV
        443 not37 6 INV
        444 not38 6 INV
        445 not39 5 INV
        446 not40 6 INV
        447 not41 5 INV
        448 not42 5 INV
        449 not43 5 INV
        450 not44 6 INV
        451 not45 4 INV
        452 not46 5 INV
        453 not47 6 INV
        454 not48 3 INV
        455 not49 6 INV
        456 not50 3 INV
        457 not51 5 INV
        458 not52 4 INV
        459 not53 6 INV
        460 not54 3 INV
        461 not55 4 INV
        462 not56 3 INV
        463 not57 3 INV
        464 not58 4 INV
        465 not59 6 INV
        466 not60 6 INV
        467 not61 6 INV
        468 not62 5 INV
        469 not63 6 INV
        470 not64 7 INV
        471 not65 7 INV
        472 not66 6 INV
        473 not67 6 INV
        474 not68 3 INV
        475 not69 8 INV
        476 not70 6 INV
        477 not71 5 INV
        478 not72 5 INV
        479 not73 3 INV
        480 not74 8 INV
        481 not75 6 INV
        482 not76 4 INV
        483 not77 7 INV
        484 not78 3 INV
        485 not79 6 INV
        486 not80 6 INV
        487 not81 5 INV
        488 not82 4 INV
        489 not83 8 INV
        490 not84 8 INV
        491 not85 7 INV
        492 not86 5 INV
        493 not87 7 INV
        494 not88 8 INV
        495 not89 3 INV
        496 not90 5 INV
        497 not91 10 INV
        498 not92 8 INV
        499 not93 6 INV
        500 not94 3 INV
        501 not95 8 INV
        502 not96 5 INV
        503 not97 5 INV
        504 not98 3 INV
        505 not99 8 INV
        506 not100 8 INV
        507 not101 4 INV
        508 not102 8 INV
        509 not103 3 INV
        510 not104 3 INV
        511 not105 11 INV
        512 not106 10 INV
        513 not107 9 INV
        514 not108 8 INV
        515 not109 3 INV
        516 not110 12 INV
        517 not111 3 INV
        518 not112 13 INV
        519 not113 10 INV
        520 not114 11 INV
        521 not115 10 INV
        522 not116 3 INV
        523 not117 11 INV
        524 not118 14 INV
        525 not119 15 INV
        526 not120 4 INV
        527 not121 3 INV
        528 not122 14 INV
        529 not123 9 INV
        530 not124 4 INV
        531 not125 17 INV
        532 not126 5 INV
        533 not127 15 INV
        534 not128 16 INV
        535 not129 4 INV
        536 not130 3 INV
        537 not131 3 INV
        538 not132 3 INV
        539 not133 3 INV
        540 not134 3 INV
        541 not135 12 INV
        542 not136 21 INV
        543 not137 3 INV
        544 not138 3 INV
        545 not139 21 INV
        546 not140 3 INV
        547 not141 2 INV
    ]
    edge:
    [
        1 272
        1 283
        1 294
        2 305
        2 313
        2 314
        11 315
        11 316
        11 317
        3 318
        3 320
        3 321
        4 322
        4 323
        4 324
        5 325
        5 326
        5 327
        6 328
        6 329
        6 331
        7 332
        7 333
        7 334
        8 335
        8 336
        8 337
        9 338
        9 339
        9 340
        10 342
        10 343
        10 344
        318 407
        407 138
        305 138
        337 273
        338 274
        338 275
        338 276
        339 277
        339 278
        339 279
        340 280
        340 281
        340 282
        342 284
        342 285
        342 286
        343 287
        343 288
        343 289
        344 290
        344 291
        344 292
        272 345
        305 346
        313 347
        314 348
        315 349
        315 350
        316 351
        317 353
        318 354
        318 355
        320 356
        320 357
        321 358
        321 359
        322 360
        322 361
        322 362
        323 364
        323 365
        323 366
        324 367
        324 368
        325 369
        325 370
        325 371
        326 372
        326 373
        326 375
        327 376
        327 377
        327 378
        328 379
        328 380
        328 381
        329 382
        329 383
        329 384
        331 386
        331 387
        331 388
        332 389
        332 390
        332 391
        333 392
        333 393
        333 394
        334 395
        334 397
        334 398
        335 399
        335 400
        335 401
        336 402
        336 403
        336 404
        337 405
        337 406
        401 19
        285 19
        364 408
        408 30
        381 30
        346 409
        409 33
        380 33
        354 35
        361 35
        347 410
        410 39
        283 39
        345 50
        274 50
        360 411
        411 56
        272 56
        381 412
        412 79
        354 79
        380 84
        391 84
        401 413
        413 89
        392 89
        391 414
        414 90
        364 90
        402 415
        415 92
        356 92
        375 94
        276 94
        397 416
        416 103
        406 103
        377 104
        404 104
        349 417
        417 112
        279 112
        377 125
        383 125
        368 132
        292 132
        405 418
        418 137
        377 137
        347 167
        365 167
        394 173
        280 173
        384 183
        395 183
        292 189
        351 189
        314 419
        419 211
        357 211
        388 420
        420 216
        398 216
        356 221
        366 221
        276 221
        286 421
        421 222
        357 222
        366 222
        287 224
        349 224
        404 226
        349 226
        371 236
        285 236
        283 239
        355 239
        345 240
        346 240
        360 249
        369 249
        348 262
        358 262
        284 293
        369 295
        370 296
        372 297
        376 298
        379 299
        389 300
        390 301
        391 302
        392 303
        393 304
        395 306
        397 307
        399 308
        400 309
        402 310
        403 311
        405 312
        376 422
        422 20
        277 20
        19 20
        370 36
        300 36
        302 49
        400 49
        369 423
        423 57
        389 57
        56 57
        50 424
        424 61
        283 61
        372 61
        249 425
        425 62
        272 62
        305 62
        361 70
        299 70
        314 426
        426 72
        294 72
        297 72
        301 427
        427 78
        380 78
        392 80
        79 80
        302 428
        428 81
        313 81
        84 429
        429 85
        365 85
        371 85
        402 91
        90 91
        298 97
        383 97
        301 105
        308 105
        384 106
        406 106
        104 106
        384 113
        290 113
        112 113
        383 117
        311 117
        388 129
        94 129
        382 135
        393 135
        240 135
        367 146
        311 146
        299 430
        430 149
        399 149
        138 149
        298 431
        431 150
        393 150
        324 432
        432 155
        303 155
        277 155
        321 156
        367 156
        303 156
        294 168
        167 168
        382 169
        310 169
        295 433
        433 171
        360 171
        367 176
        304 176
        361 182
        296 182
        399 182
        296 434
        434 206
        308 206
        309 210
        274 210
        284 435
        435 219
        300 219
        221 436
        436 223
        222 223
        279 225
        224 225
        356 237
        236 237
        240 437
        437 241
        320 241
        309 241
        293 438
        438 243
        274 243
        400 439
        439 250
        293 250
        297 259
        401 259
        84 341
        84 352
        112 363
        249 385
        19 440
        440 21
        288 21
        20 21
        370 441
        441 29
        219 29
        35 442
        442 37
        284 37
        36 37
        57 443
        443 58
        56 58
        62 444
        444 63
        249 63
        354 71
        390 71
        70 71
        72 445
        445 83
        39 83
        61 83
        85 446
        446 86
        341 86
        92 447
        447 93
        89 93
        91 93
        49 448
        448 95
        373 95
        381 95
        106 449
        449 107
        306 107
        273 107
        363 450
        450 114
        281 114
        113 114
        125 451
        451 126
        281 126
        105 126
        135 452
        452 136
        240 136
        78 453
        453 141
        313 141
        355 141
        405 454
        454 151
        150 151
        155 157
        156 157
        149 455
        455 160
        138 160
        278 456
        456 170
        168 170
        169 170
        176 457
        457 177
        280 177
        117 177
        35 458
        458 184
        394 184
        150 184
        359 192
        352 192
        291 194
        385 194
        206 459
        459 207
        365 207
        275 207
        286 460
        460 212
        210 212
        223 227
        226 227
        310 238
        236 238
        237 238
        239 461
        461 242
        294 242
        241 242
        373 244
        243 244
        288 462
        462 251
        385 251
        371 463
        463 255
        105 255
        277 260
        287 260
        259 260
        373 265
        276 265
        250 265
        49 271
        49 319
        78 330
        117 374
        250 396
        19 464
        464 22
        21 22
        29 465
        465 31
        390 31
        37 466
        466 38
        36 38
        271 467
        467 51
        350 51
        243 51
        379 59
        58 59
        389 64
        63 64
        70 468
        468 73
        362 73
        71 73
        81 469
        469 82
        330 82
        80 82
        95 470
        470 96
        271 96
        107 471
        471 108
        398 108
        103 108
        363 472
        472 115
        114 115
        83 116
        94 116
        374 473
        473 118
        112 118
        358 474
        474 124
        271 124
        125 128
        126 128
        341 139
        136 139
        141 475
        475 142
        78 142
        330 147
        146 147
        157 476
        476 158
        289 158
        117 158
        352 477
        477 161
        290 161
        396 161
        169 478
        478 172
        170 172
        176 178
        177 178
        395 479
        479 185
        386 185
        184 185
        160 480
        480 193
        362 193
        292 195
        192 195
        194 195
        375 208
        206 208
        207 208
        212 481
        481 213
        288 213
        211 213
        312 482
        482 228
        225 228
        227 228
        242 483
        483 245
        243 245
        244 245
        289 484
        484 252
        279 252
        251 252
        255 485
        485 256
        275 256
        285 256
        260 486
        486 261
        259 261
        250 487
        487 266
        287 266
        265 266
        306 488
        488 23
        22 23
        31 489
        489 32
        29 32
        30 32
        31 490
        490 34
        29 34
        33 34
        315 40
        38 40
        319 52
        51 52
        171 60
        58 60
        59 60
        295 65
        64 65
        73 491
        491 74
        70 74
        82 87
        86 87
        93 98
        96 98
        291 119
        316 119
        118 119
        105 492
        492 127
        94 127
        116 127
        124 493
        493 130
        128 130
        136 140
        137 140
        139 140
        286 143
        142 143
        158 494
        494 159
        374 159
        374 174
        172 174
        387 495
        495 186
        183 186
        185 186
        210 496
        496 196
        353 196
        195 196
        193 497
        497 198
        171 198
        182 198
        206 209
        208 209
        228 498
        498 229
        307 229
        238 246
        245 246
        312 253
        289 253
        252 253
        376 257
        255 257
        256 257
        396 499
        499 267
        266 267
        387 24
        23 24
        364 500
        500 41
        34 41
        40 41
        63 501
        501 66
        379 66
        65 66
        385 88
        86 88
        87 88
        96 99
        97 99
        98 99
        115 120
        119 120
        129 502
        502 131
        128 131
        130 131
        341 503
        503 144
        403 144
        143 144
        378 162
        159 162
        172 175
        173 175
        174 175
        282 504
        504 187
        186 187
        210 197
        196 197
        275 199
        198 199
        213 505
        505 214
        209 214
        273 230
        316 230
        229 230
        348 247
        246 247
        253 506
        506 254
        406 254
        396 254
        255 258
        257 258
        304 268
        267 268
        40 42
        41 42
        60 67
        66 67
        319 121
        119 121
        120 121
        132 507
        507 133
        317 133
        131 133
        143 145
        144 145
        161 163
        162 163
        178 508
        508 179
        175 179
        273 509
        509 188
        187 188
        382 510
        510 200
        375 200
        199 200
        214 511
        511 215
        138 215
        213 215
        229 512
        512 231
        398 231
        230 231
        245 513
        513 248
        394 248
        247 248
        261 514
        514 263
        258 263
        368 269
        268 269
        387 515
        515 26
        248 26
        42 516
        516 43
        32 43
        346 68
        67 68
        132 134
        133 134
        368 517
        517 148
        145 148
        147 148
        359 180
        179 180
        199 518
        518 201
        278 201
        200 201
        386 217
        215 217
        229 519
        519 232
        231 232
        263 520
        520 264
        261 264
        262 264
        254 521
        521 27
        26 27
        358 522
        522 44
        43 44
        66 523
        523 69
        355 69
        68 69
        148 524
        524 152
        378 152
        151 152
        378 181
        178 181
        180 181
        201 525
        525 202
        199 202
        307 526
        526 218
        217 218
        264 270
        268 270
        269 270
        270 25
        23 25
        24 25
        404 527
        527 45
        42 45
        44 45
        69 528
        528 75
        372 75
        140 529
        529 153
        152 153
        189 530
        530 190
        181 190
        188 190
        202 531
        531 203
        127 203
        219 532
        532 220
        216 220
        218 220
        25 533
        533 28
        388 28
        27 28
        45 534
        534 46
        350 46
        74 76
        75 76
        35 535
        535 154
        152 154
        153 154
        189 191
        190 191
        386 536
        536 204
        203 204
        397 537
        537 47
        46 47
        403 538
        538 77
        69 77
        76 77
        154 164
        163 164
        291 539
        539 205
        202 205
        204 205
        281 540
        540 48
        45 48
        47 48
        278 100
        77 100
        282 165
        164 165
        351 233
        205 233
        48 53
        52 53
        88 101
        100 101
        163 541
        541 166
        353 166
        165 166
        220 234
        233 234
        53 542
        542 54
        351 54
        28 54
        280 543
        543 102
        99 102
        101 102
        353 544
        544 235
        232 235
        234 235
        53 545
        545 55
        54 55
        290 546
        546 109
        102 109
        282 110
        109 110
        108 111
        109 111
        110 111
        317 547
        547 122
        111 122
        121 123
        122 123
        235 12
        55 13
        123 14
        134 15
        166 16
        191 17
        197 18
    ]
]
