circuit_name:lalnew_processed
[
    node:
    [
        1 x0 0 PI
        2 x1 0 PI
        3 x2 0 PI
        4 x3 0 PI
        5 x4 0 PI
        6 x5 0 PI
        7 x6 0 PI
        8 x7 0 PI
        9 x8 0 PI
        10 x9 0 PI
        11 x10 0 PI
        12 x11 0 PI
        13 x12 0 PI
        14 x13 0 PI
        15 x14 0 PI
        16 x15 0 PI
        17 x16 0 PI
        18 x17 0 PI
        19 x18 0 PI
        20 x19 0 PI
        21 x20 0 PI
        22 x21 0 PI
        23 x22 0 PI
        24 x23 0 PI
        25 x24 0 PI
        26 x25 0 PI
        27 y0 3 PO
        28 y1 12 PO
        29 y2 1 PO
        30 y3 12 PO
        31 y4 18 PO
        32 y5 4 PO
        33 y6 4 PO
        34 y7 5 PO
        35 y8 11 PO
        36 y9 8 PO
        37 y10 7 PO
        38 y11 8 PO
        39 y12 8 PO
        40 y13 12 PO
        41 y14 10 PO
        42 y15 12 PO
        43 y16 13 PO
        44 y17 13 PO
        45 y18 14 PO
        46 n100 8 MAJ
        47 n101 9 OR
        48 n102 6 AND
        49 n103 4 AND
        50 n104 7 MAJ
        51 n105 8 OR
        52 n106 2 OR
        53 n107 4 AND
        54 n108 5 AND
        55 n109 6 AND
        56 n110 9 OR
        57 n111 10 MAJ
        58 n112 11 OR
        59 n113 7 AND
        60 n114 4 AND
        61 n115 8 MAJ
        62 n116 9 OR
        63 n117 2 OR
        64 n118 3 OR
        65 n119 4 MAJ
        66 n120 6 AND
        67 n121 10 OR
        68 n122 11 MAJ
        69 n123 12 OR
        70 n124 7 AND
        71 n125 4 AND
        72 n126 8 MAJ
        73 n127 9 OR
        74 n128 2 OR
        75 n129 3 OR
        76 n130 3 AND
        77 n131 4 MAJ
        78 n132 6 AND
        79 n133 10 OR
        80 n134 11 MAJ
        81 n135 12 OR
        82 n136 7 AND
        83 n137 3 AND
        84 n138 8 MAJ
        85 n139 5 MAJ
        86 n140 6 AND
        87 n141 7 AND
        88 n142 3 AND
        89 n143 9 MAJ
        90 n144 10 OR
        91 n145 11 MAJ
        92 n146 12 OR
        93 n147 13 OR
        94 n27 2 AND
        95 n28 2 OR
        96 n29 3 AND
        97 n30 4 MAJ
        98 n31 2 AND
        99 n32 5 AND
        100 n33 7 MAJ
        101 n34 4 AND
        102 n35 6 MAJ
        103 n36 8 AND
        104 n37 3 AND
        105 n38 5 MAJ
        106 n39 7 AND
        107 n40 8 OR
        108 n41 9 AND
        109 n42 10 MAJ
        110 n43 5 MAJ
        111 n44 7 AND
        112 n45 8 OR
        113 n46 9 MAJ
        114 n47 10 OR
        115 n48 2 AND
        116 n49 4 AND
        117 n50 6 MAJ
        118 n51 2 AND
        119 n52 7 OR
        120 n53 2 AND
        121 n54 3 OR
        122 n55 4 MAJ
        123 n56 8 OR
        124 n57 9 MAJ
        125 n58 10 OR
        126 n59 11 OR
        127 n60 12 MAJ
        128 n61 13 OR
        129 n62 12 AND
        130 n63 13 MAJ
        131 n64 14 AND
        132 n65 16 AND
        133 n66 17 AND
        134 n67 2 OR
        135 n68 3 AND
        136 n69 3 AND
        137 n70 4 AND
        138 n71 5 MAJ
        139 n72 7 AND
        140 n73 2 OR
        141 n74 3 MAJ
        142 n75 4 OR
        143 n76 5 OR
        144 n77 3 AND
        145 n78 6 MAJ
        146 n79 7 MAJ
        147 n80 2 AND
        148 n81 4 OR
        149 n82 5 MAJ
        150 n83 7 AND
        151 n84 2 AND
        152 n85 3 AND
        153 n86 3 MAJ
        154 n87 5 AND
        155 n88 6 OR
        156 n89 7 MAJ
        157 n90 8 OR
        158 n91 9 OR
        159 n92 10 MAJ
        160 n93 11 OR
        161 n94 4 AND
        162 n95 3 AND
        163 n96 5 MAJ
        164 n97 2 AND
        165 n98 6 OR
        166 n99 7 OR
        167 v1 3 VIR
        168 v10 1 VIR
        169 v11 1 VIR
        170 v12 1 VIR
        171 v13 1 VIR
        172 v14 1 VIR
        173 v15 1 VIR
        174 v16 1 VIR
        175 v17 1 VIR
        176 v18 1 VIR
        177 v19 1 VIR
        178 v2 3 VIR
        179 v20 1 VIR
        180 v21 1 VIR
        181 v22 1 VIR
        182 v23 1 VIR
        183 v24 1 VIR
        184 v25 1 VIR
        185 v26 1 VIR
        186 v27 1 VIR
        187 v28 1 VIR
        188 v29 1 VIR
        189 v3 3 VIR
        190 v30 1 VIR
        191 v31 1 VIR
        192 v32 1 VIR
        193 v33 1 VIR
        194 v34 1 VIR
        195 v35 2 VIR
        196 v36 2 VIR
        197 v37 2 VIR
        198 v38 2 VIR
        199 v4 1 VIR
        200 v5 1 VIR
        201 v6 1 VIR
        202 v7 1 VIR
        203 v8 1 VIR
        204 v9 1 VIR
        205 not1 1 INV
        206 not2 1 INV
        207 not3 1 INV
        208 not4 1 INV
        209 not5 2 INV
        210 not6 2 INV
        211 not7 2 INV
        212 not8 2 INV
        213 not9 2 INV
        214 not10 3 INV
        215 not11 2 INV
        216 not12 2 INV
        217 not13 2 INV
        218 not14 2 INV
        219 not15 3 INV
        220 not16 3 INV
        221 not17 3 INV
        222 not18 3 INV
        223 not19 2 INV
        224 not20 3 INV
        225 not21 4 INV
        226 not22 5 INV
        227 not23 1 INV
        228 not24 3 INV
        229 not25 2 INV
        230 not26 2 INV
        231 not27 3 INV
        232 not28 1 INV
        233 not29 2 INV
        234 not30 5 INV
        235 not31 6 INV
        236 not32 2 INV
        237 not33 2 INV
        238 not34 4 INV
        239 not35 2 INV
        240 not36 2 INV
        241 not37 5 INV
        242 not38 5 INV
        243 not39 3 INV
        244 not40 6 INV
        245 not41 7 INV
        246 not42 6 INV
        247 not43 6 INV
        248 not44 5 INV
        249 not45 4 INV
        250 not46 5 INV
        251 not47 2 INV
        252 not48 2 INV
        253 not49 1 INV
        254 not50 1 INV
        255 not51 2 INV
        256 not52 6 INV
        257 not53 5 INV
        258 not54 5 INV
        259 not55 4 INV
        260 not56 8 INV
        261 not57 6 INV
        262 not58 11 INV
        263 not59 7 INV
        264 not60 1 INV
        265 not61 1 INV
        266 not62 4 INV
        267 not63 7 INV
        268 not64 7 INV
        269 not65 15 INV
        270 not66 1 INV
        271 not67 11 INV
        272 not68 11 INV
        273 not69 3 INV
        274 not70 4 INV
        275 not71 6 INV
    ]
    edge:
    [
        4 205
        205 94
        21 94
        16 206
        206 115
        25 115
        14 207
        207 118
        23 118
        25 208
        208 120
        16 120
        17 168
        17 169
        18 170
        18 171
        20 172
        20 173
        20 174
        3 175
        3 176
        3 177
        21 179
        5 180
        5 181
        5 182
        6 183
        6 184
        7 185
        7 186
        8 187
        8 188
        8 190
        9 191
        9 192
        10 193
        10 194
        2 199
        2 200
        11 201
        11 202
        12 203
        12 204
        187 52
        9 52
        191 63
        10 63
        193 74
        11 74
        187 209
        209 76
        180 76
        176 210
        210 83
        203 83
        181 211
        211 88
        199 88
        180 95
        183 95
        188 212
        212 96
        186 96
        191 98
        193 98
        172 213
        213 104
        203 104
        115 214
        214 116
        15 116
        15 121
        120 121
        179 134
        26 134
        179 215
        215 135
        1 135
        179 216
        216 136
        19 136
        176 140
        172 140
        184 217
        217 144
        182 144
        180 147
        6 147
        183 151
        7 151
        175 218
        218 162
        190 162
        168 164
        170 164
        172 195
        175 196
        176 197
        177 198
        196 219
        219 49
        192 49
        52 220
        220 53
        185 53
        196 221
        221 60
        194 60
        187 64
        63 64
        196 222
        222 71
        201 71
        191 75
        74 75
        188 223
        223 97
        95 97
        96 97
        195 224
        224 101
        199 101
        104 225
        225 105
        168 105
        170 105
        116 226
        226 117
        24 117
        115 117
        24 227
        227 122
        120 122
        121 122
        198 228
        228 137
        169 137
        168 141
        170 141
        140 141
        181 152
        151 152
        185 229
        229 153
        188 153
        147 153
        147 167
        147 178
        164 189
        183 54
        53 54
        185 230
        230 65
        167 65
        64 65
        151 231
        231 77
        75 77
        76 77
        12 232
        232 85
        53 85
        74 85
        201 233
        233 99
        97 99
        101 234
        234 102
        169 102
        171 102
        105 235
        235 106
        104 106
        204 236
        236 110
        97 110
        98 110
        117 119
        118 119
        171 237
        237 138
        174 138
        137 138
        140 142
        141 142
        186 148
        178 148
        153 238
        238 154
        167 154
        192 239
        239 161
        152 161
        193 240
        240 48
        154 48
        181 55
        54 55
        65 241
        241 66
        167 66
        77 242
        242 78
        76 78
        74 243
        243 86
        85 86
        99 244
        244 100
        202 100
        98 100
        102 245
        245 103
        101 103
        110 246
        246 111
        98 111
        119 123
        122 123
        138 247
        247 139
        137 139
        182 143
        142 143
        142 248
        248 145
        184 145
        144 145
        186 149
        142 149
        178 149
        175 155
        154 155
        162 249
        249 163
        197 163
        161 163
        49 250
        250 50
        197 50
        48 50
        201 251
        251 59
        55 59
        203 252
        252 70
        66 70
        2 253
        253 82
        78 82
        184 87
        86 87
        200 107
        100 107
        200 112
        111 112
        13 254
        254 124
        22 124
        123 124
        182 255
        255 146
        144 146
        145 146
        149 256
        256 150
        148 150
        17 156
        18 156
        155 156
        163 165
        164 165
        164 51
        50 51
        60 257
        257 61
        177 61
        59 61
        71 258
        258 72
        177 72
        70 72
        83 259
        259 84
        198 84
        82 84
        87 260
        260 89
        199 89
        88 89
        106 108
        107 108
        202 113
        204 113
        112 113
        123 125
        124 125
        155 157
        156 157
        173 166
        165 166
        154 261
        261 46
        192 46
        166 46
        173 56
        51 56
        189 62
        61 62
        189 73
        72 73
        84 90
        89 90
        103 109
        107 109
        108 109
        112 114
        113 114
        13 126
        125 126
        125 262
        262 129
        22 129
        195 158
        157 158
        166 47
        46 47
        55 263
        263 57
        194 57
        56 57
        173 67
        62 67
        174 79
        73 79
        169 91
        171 91
        90 91
        23 264
        264 127
        14 127
        126 127
        14 265
        265 130
        23 130
        129 130
        152 266
        266 159
        190 159
        158 159
        56 58
        57 58
        66 267
        267 68
        202 68
        67 68
        78 268
        268 80
        204 80
        79 80
        90 92
        91 92
        126 128
        127 128
        129 131
        130 131
        158 160
        159 160
        67 69
        68 69
        79 81
        80 81
        174 93
        92 93
        131 269
        269 132
        128 132
        21 270
        270 133
        132 133
        94 27
        109 271
        271 28
        4 29
        114 272
        272 30
        133 31
        134 273
        273 32
        135 33
        136 274
        274 34
        114 35
        139 36
        143 275
        275 37
        146 38
        150 39
        160 40
        47 41
        58 42
        69 43
        81 44
        93 45
    ]
]
