circuit_name:lddnew_processed
[
    node:
    [
        1 x0 0 PI
        2 x1 0 PI
        3 x2 0 PI
        4 x3 0 PI
        5 x4 0 PI
        6 x5 0 PI
        7 x6 0 PI
        8 x7 0 PI
        9 x8 0 PI
        10 y0 6 PO
        11 y1 15 PO
        12 y2 17 PO
        13 y3 7 PO
        14 y4 9 PO
        15 y5 9 PO
        16 y6 9 PO
        17 y7 9 PO
        18 y8 15 PO
        19 y9 16 PO
        20 y10 16 PO
        21 y11 15 PO
        22 y12 15 PO
        23 y13 15 PO
        24 y14 17 PO
        25 y15 15 PO
        26 y16 9 PO
        27 y17 6 PO
        28 y18 6 PO
        29 n10 4 AND
        30 n100 13 OR
        31 n101 15 MAJ
        32 n102 16 OR
        33 n103 7 OR
        34 n104 10 OR
        35 n105 3 OR
        36 n106 5 MAJ
        37 n107 4 MAJ
        38 n108 6 MAJ
        39 n109 7 AND
        40 n11 5 AND
        41 n110 11 OR
        42 n111 13 MAJ
        43 n112 14 OR
        44 n113 4 AND
        45 n114 6 MAJ
        46 n115 7 AND
        47 n116 8 MAJ
        48 n117 5 AND
        49 n118 5 AND
        50 n12 4 AND
        51 n13 6 MAJ
        52 n14 7 AND
        53 n15 3 OR
        54 n16 5 MAJ
        55 n17 6 OR
        56 n18 8 AND
        57 n19 9 AND
        58 n20 3 OR
        59 n21 6 MAJ
        60 n22 7 OR
        61 n23 9 AND
        62 n24 3 OR
        63 n25 5 MAJ
        64 n26 6 OR
        65 n27 8 MAJ
        66 n28 9 AND
        67 n29 11 OR
        68 n30 13 MAJ
        69 n31 14 OR
        70 n32 1 OR
        71 n33 3 MAJ
        72 n34 4 OR
        73 n35 3 OR
        74 n36 6 MAJ
        75 n37 7 AND
        76 n38 8 AND
        77 n39 6 MAJ
        78 n40 7 OR
        79 n41 10 OR
        80 n42 12 MAJ
        81 n43 13 AND
        82 n44 5 MAJ
        83 n45 6 AND
        84 n46 11 OR
        85 n47 14 MAJ
        86 n48 15 AND
        87 n49 4 AND
        88 n50 5 MAJ
        89 n51 7 AND
        90 n52 7 MAJ
        91 n53 8 AND
        92 n54 6 MAJ
        93 n55 8 AND
        94 n56 3 MAJ
        95 n57 3 MAJ
        96 n58 6 MAJ
        97 n59 10 OR
        98 n60 11 OR
        99 n61 13 MAJ
        100 n62 14 OR
        101 n63 4 MAJ
        102 n64 6 AND
        103 n65 5 MAJ
        104 n66 7 MAJ
        105 n67 10 OR
        106 n68 12 MAJ
        107 n69 13 OR
        108 n70 10 OR
        109 n71 14 MAJ
        110 n72 15 OR
        111 n73 13 MAJ
        112 n74 14 OR
        113 n75 11 OR
        114 n76 13 MAJ
        115 n77 14 OR
        116 n78 5 MAJ
        117 n79 6 AND
        118 n80 3 AND
        119 n81 4 MAJ
        120 n82 6 AND
        121 n83 9 OR
        122 n84 10 OR
        123 n85 3 AND
        124 n86 4 AND
        125 n87 4 AND
        126 n88 5 AND
        127 n89 6 MAJ
        128 n90 11 OR
        129 n91 13 MAJ
        130 n92 14 OR
        131 n93 11 OR
        132 n94 12 OR
        133 n95 5 AND
        134 n96 4 AND
        135 n97 4 MAJ
        136 n98 5 MAJ
        137 n99 7 MAJ
        138 v1 5 VIR
        139 v10 4 VIR
        140 v11 9 VIR
        141 v12 11 VIR
        142 v13 12 VIR
        143 v14 5 VIR
        144 v15 8 VIR
        145 v16 1 VIR
        146 v17 1 VIR
        147 v18 1 VIR
        148 v19 1 VIR
        149 v2 8 VIR
        150 v20 1 VIR
        151 v21 1 VIR
        152 v22 1 VIR
        153 v23 1 VIR
        154 v24 1 VIR
        155 v25 1 VIR
        156 v26 1 VIR
        157 v27 1 VIR
        158 v28 1 VIR
        159 v29 1 VIR
        160 v3 10 VIR
        161 v30 2 VIR
        162 v31 2 VIR
        163 v32 2 VIR
        164 v33 2 VIR
        165 v34 2 VIR
        166 v35 2 VIR
        167 v36 2 VIR
        168 v37 2 VIR
        169 v38 2 VIR
        170 v39 2 VIR
        171 v4 4 VIR
        172 v40 2 VIR
        173 v41 2 VIR
        174 v42 2 VIR
        175 v43 2 VIR
        176 v44 2 VIR
        177 v45 2 VIR
        178 v46 2 VIR
        179 v47 2 VIR
        180 v48 2 VIR
        181 v49 2 VIR
        182 v5 4 VIR
        183 v50 2 VIR
        184 v51 2 VIR
        185 v6 4 VIR
        186 v7 10 VIR
        187 v8 10 VIR
        188 v9 10 VIR
        189 not1 2 INV
        190 not2 3 INV
        191 not3 3 INV
        192 not4 3 INV
        193 not5 3 INV
        194 not6 3 INV
        195 not7 2 INV
        196 not8 3 INV
        197 not9 3 INV
        198 not10 4 INV
        199 not11 5 INV
        200 not12 3 INV
        201 not13 5 INV
        202 not14 4 INV
        203 not15 5 INV
        204 not16 4 INV
        205 not17 4 INV
        206 not18 5 INV
        207 not19 2 INV
        208 not20 5 INV
        209 not21 3 INV
        210 not22 2 INV
        211 not23 2 INV
        212 not24 2 INV
        213 not25 3 INV
        214 not26 2 INV
        215 not27 3 INV
        216 not28 6 INV
        217 not29 3 INV
        218 not30 5 INV
        219 not31 4 INV
        220 not32 5 INV
        221 not33 3 INV
        222 not34 6 INV
        223 not35 6 INV
        224 not36 3 INV
        225 not37 4 INV
        226 not38 6 INV
        227 not39 5 INV
        228 not40 3 INV
        229 not41 6 INV
        230 not42 3 INV
        231 not43 7 INV
        232 not44 7 INV
        233 not45 3 INV
        234 not46 5 INV
        235 not47 7 INV
        236 not48 5 INV
        237 not49 3 INV
        238 not50 8 INV
        239 not51 5 INV
        240 not52 11 INV
        241 not53 11 INV
        242 not54 12 INV
        243 not55 12 INV
        244 not56 11 INV
        245 not57 12 INV
        246 not58 12 INV
        247 not59 12 INV
        248 not60 12 INV
        249 not61 7 INV
        250 not62 11 INV
        251 not63 14 INV
        252 not64 13 INV
        253 not65 16 INV
    ]
    edge:
    [
        4 70
        5 70
        1 145
        1 146
        1 147
        2 148
        2 150
        2 151
        3 152
        3 153
        3 154
        4 155
        5 156
        9 157
        9 158
        9 159
        70 189
        189 71
        6 71
        7 71
        145 161
        145 162
        146 163
        146 164
        147 165
        147 166
        148 167
        148 168
        150 169
        150 170
        151 172
        151 173
        152 174
        152 175
        152 176
        153 177
        153 178
        154 179
        154 180
        157 181
        158 183
        159 184
        168 190
        190 29
        177 29
        178 35
        158 35
        163 191
        191 37
        178 37
        158 37
        180 192
        192 44
        164 44
        168 193
        193 50
        162 50
        148 53
        174 53
        145 58
        167 58
        174 62
        155 62
        70 72
        71 72
        161 73
        174 73
        161 194
        194 87
        167 87
        162 94
        150 94
        181 94
        154 195
        195 95
        163 95
        170 95
        169 196
        196 101
        146 101
        177 101
        161 118
        167 118
        170 123
        159 123
        177 197
        197 125
        169 125
        35 198
        198 36
        164 36
        172 36
        37 199
        199 38
        172 38
        35 38
        163 200
        200 40
        29 40
        44 201
        201 45
        165 45
        173 45
        53 202
        202 48
        166 48
        166 49
        125 49
        50 203
        203 51
        153 51
        181 51
        53 204
        204 54
        4 54
        5 54
        62 205
        205 63
        156 63
        6 63
        72 206
        206 74
        8 74
        73 74
        157 207
        207 88
        176 88
        87 88
        101 208
        208 102
        179 102
        183 209
        209 103
        179 103
        101 103
        157 210
        210 119
        175 119
        118 119
        147 211
        211 124
        123 124
        159 212
        212 126
        125 126
        165 213
        213 133
        125 133
        151 214
        214 134
        94 134
        184 215
        215 135
        179 135
        94 135
        164 136
        180 136
        29 136
        50 138
        73 139
        87 143
        58 171
        58 182
        58 185
        36 216
        216 39
        38 39
        166 217
        217 46
        45 46
        50 52
        51 52
        53 55
        54 55
        171 218
        218 59
        175 59
        155 59
        62 64
        63 64
        73 219
        219 75
        74 75
        139 220
        220 77
        8 77
        72 77
        175 221
        221 82
        155 82
        182 82
        88 222
        222 89
        87 89
        143 223
        223 90
        180 90
        184 90
        183 224
        224 92
        178 92
        138 92
        95 225
        225 96
        138 96
        94 96
        103 226
        226 104
        101 104
        102 104
        176 116
        181 116
        182 116
        119 227
        227 120
        118 120
        172 228
        228 127
        165 127
        126 127
        136 229
        229 137
        134 137
        135 137
        173 230
        230 47
        45 47
        46 47
        55 231
        231 56
        6 56
        171 60
        59 60
        64 232
        232 65
        7 65
        171 65
        168 233
        233 76
        75 76
        139 78
        77 78
        185 234
        234 83
        82 83
        143 91
        90 91
        92 235
        235 93
        138 93
        185 236
        236 117
        116 117
        89 144
        52 149
        83 33
        120 33
        162 237
        237 57
        56 57
        60 238
        238 61
        156 61
        182 239
        239 66
        65 66
        76 121
        120 121
        76 140
        140 34
        33 34
        57 79
        76 79
        66 97
        89 97
        57 105
        61 105
        52 108
        140 108
        117 122
        121 122
        57 160
        61 186
        61 187
        66 188
        40 41
        160 41
        52 67
        160 67
        79 240
        240 80
        169 80
        78 80
        186 84
        188 84
        186 98
        97 98
        105 241
        241 106
        66 106
        89 106
        149 113
        186 113
        188 128
        122 128
        160 131
        120 131
        79 141
        41 242
        242 42
        34 42
        39 42
        67 243
        243 68
        187 68
        188 68
        79 244
        244 81
        80 81
        141 245
        245 99
        96 99
        98 99
        105 107
        106 107
        84 246
        246 111
        144 111
        93 111
        113 247
        247 114
        140 114
        144 114
        128 248
        248 129
        124 129
        127 129
        117 132
        131 132
        84 142
        187 30
        132 30
        41 43
        42 43
        67 69
        68 69
        83 249
        249 85
        81 85
        84 85
        141 100
        99 100
        108 250
        250 109
        104 109
        107 109
        142 112
        111 112
        113 115
        114 115
        128 130
        129 130
        30 251
        251 31
        133 31
        137 31
        142 252
        252 86
        85 86
        108 110
        109 110
        30 32
        31 32
        40 10
        69 11
        86 253
        253 12
        83 13
        144 14
        91 15
        93 16
        149 17
        100 18
        110 19
        110 20
        112 21
        115 22
        130 23
        32 24
        43 25
        47 26
        48 27
        49 28
    ]
]
