circuit_name:misex1new_processed
[
    node:
    [
        1 x0 0 PI
        2 x1 0 PI
        3 x2 0 PI
        4 x3 0 PI
        5 x4 0 PI
        6 x5 0 PI
        7 x6 0 PI
        8 x7 0 PI
        9 y0 11 PO
        10 y1 11 PO
        11 y2 8 PO
        12 y3 11 PO
        13 y4 13 PO
        14 y5 12 PO
        15 y6 8 PO
        16 n10 4 AND
        17 n11 5 MAJ
        18 n12 6 MAJ
        19 n13 2 OR
        20 n14 4 MAJ
        21 n15 5 AND
        22 n16 3 OR
        23 n17 4 MAJ
        24 n18 5 AND
        25 n19 3 AND
        26 n20 4 MAJ
        27 n21 6 AND
        28 n22 7 OR
        29 n23 9 MAJ
        30 n24 10 OR
        31 n25 3 MAJ
        32 n26 3 MAJ
        33 n27 5 MAJ
        34 n28 4 AND
        35 n29 5 MAJ
        36 n30 7 AND
        37 n31 3 AND
        38 n32 4 MAJ
        39 n33 6 AND
        40 n34 7 OR
        41 n35 9 MAJ
        42 n36 10 OR
        43 n37 4 MAJ
        44 n38 3 AND
        45 n39 4 MAJ
        46 n40 4 MAJ
        47 n41 6 MAJ
        48 n42 4 AND
        49 n43 5 AND
        50 n44 3 OR
        51 n45 6 AND
        52 n46 7 AND
        53 n47 9 MAJ
        54 n48 10 OR
        55 n49 3 OR
        56 n50 2 OR
        57 n51 4 MAJ
        58 n52 5 OR
        59 n53 3 OR
        60 n54 5 AND
        61 n55 3 AND
        62 n56 4 MAJ
        63 n57 6 AND
        64 n58 7 OR
        65 n59 8 MAJ
        66 n60 10 AND
        67 n61 11 AND
        68 n62 4 AND
        69 n63 5 MAJ
        70 n64 7 AND
        71 n65 4 AND
        72 n66 4 AND
        73 n67 6 MAJ
        74 n68 8 MAJ
        75 n69 8 OR
        76 n70 10 MAJ
        77 n71 11 OR
        78 n72 4 MAJ
        79 n73 6 AND
        80 n74 5 MAJ
        81 n75 7 MAJ
        82 n9 4 AND
        83 v1 1 VIR
        84 v10 1 VIR
        85 v11 1 VIR
        86 v12 1 VIR
        87 v13 2 VIR
        88 v14 2 VIR
        89 v15 2 VIR
        90 v16 2 VIR
        91 v17 2 VIR
        92 v18 2 VIR
        93 v19 2 VIR
        94 v2 1 VIR
        95 v20 2 VIR
        96 v21 2 VIR
        97 v22 2 VIR
        98 v23 2 VIR
        99 v24 2 VIR
        100 v25 2 VIR
        101 v26 2 VIR
        102 v27 2 VIR
        103 v28 2 VIR
        104 v29 2 VIR
        105 v3 1 VIR
        106 v30 2 VIR
        107 v31 2 VIR
        108 v32 2 VIR
        109 v33 2 VIR
        110 v4 1 VIR
        111 v5 1 VIR
        112 v6 1 VIR
        113 v7 1 VIR
        114 v8 1 VIR
        115 v9 1 VIR
        116 not1 2 INV
        117 not2 3 INV
        118 not3 3 INV
        119 not4 2 INV
        120 not5 2 INV
        121 not6 2 INV
        122 not7 3 INV
        123 not8 3 INV
        124 not9 3 INV
        125 not10 3 INV
        126 not11 3 INV
        127 not12 3 INV
        128 not13 3 INV
        129 not14 3 INV
        130 not15 3 INV
        131 not16 3 INV
        132 not17 3 INV
        133 not18 3 INV
        134 not19 4 INV
        135 not20 3 INV
        136 not21 3 INV
        137 not22 3 INV
        138 not23 3 INV
        139 not24 4 INV
        140 not25 5 INV
        141 not26 3 INV
        142 not27 5 INV
        143 not28 5 INV
        144 not29 3 INV
        145 not30 3 INV
        146 not31 4 INV
        147 not32 5 INV
        148 not33 6 INV
        149 not34 5 INV
        150 not35 5 INV
        151 not36 6 INV
        152 not37 7 INV
        153 not38 6 INV
        154 not39 3 INV
        155 not40 8 INV
        156 not41 8 INV
        157 not42 8 INV
        158 not43 9 INV
        159 not44 9 INV
        160 not45 7 INV
        161 not46 7 INV
        162 not47 12 INV
    ]
    edge:
    [
        5 83
        8 84
        8 85
        8 86
        5 94
        5 105
        6 110
        6 111
        6 112
        7 113
        7 114
        7 115
        2 19
        83 19
        3 56
        94 56
        110 116
        116 61
        4 61
        83 87
        84 88
        84 89
        85 90
        85 91
        86 92
        86 93
        94 95
        105 96
        110 97
        110 98
        111 99
        111 100
        112 101
        112 102
        113 103
        113 104
        114 106
        114 107
        115 108
        115 109
        97 117
        117 16
        84 16
        104 118
        118 20
        98 20
        19 20
        4 22
        98 22
        83 119
        119 25
        97 25
        85 120
        120 31
        111 31
        106 31
        94 121
        121 32
        99 32
        90 32
        87 122
        122 34
        3 34
        2 37
        99 37
        101 123
        123 43
        105 43
        93 43
        95 44
        92 44
        88 124
        124 48
        113 48
        4 50
        95 50
        100 55
        106 55
        103 59
        88 59
        103 125
        125 62
        88 62
        61 62
        97 126
        126 68
        87 68
        108 127
        127 71
        101 71
        107 128
        128 72
        95 72
        108 129
        129 78
        105 78
        93 78
        103 130
        130 82
        89 82
        87 17
        104 17
        16 17
        19 131
        131 21
        20 21
        91 132
        132 23
        107 23
        22 23
        89 133
        133 26
        114 26
        25 26
        32 134
        134 33
        82 33
        31 33
        99 35
        90 35
        34 35
        115 38
        86 38
        37 38
        96 135
        135 45
        109 45
        44 45
        102 136
        136 46
        109 46
        44 46
        100 137
        137 49
        48 49
        56 138
        138 57
        92 57
        55 57
        59 139
        139 60
        112 60
        62 140
        140 63
        61 63
        90 141
        141 69
        106 69
        68 69
        72 142
        142 73
        101 73
        92 73
        78 143
        143 79
        96 79
        102 144
        144 80
        96 80
        78 80
        91 145
        145 18
        82 18
        17 18
        22 146
        146 24
        23 24
        26 147
        147 27
        25 27
        35 148
        148 36
        34 36
        38 149
        149 39
        37 39
        46 150
        150 47
        43 47
        45 47
        1 51
        49 51
        56 58
        57 58
        60 64
        63 64
        69 151
        151 70
        68 70
        73 152
        152 74
        108 74
        71 74
        80 153
        153 81
        78 81
        79 81
        18 28
        21 28
        27 40
        33 40
        50 52
        51 52
        19 154
        154 65
        63 65
        64 65
        36 75
        70 75
        28 155
        155 29
        24 29
        27 29
        40 156
        156 41
        36 41
        39 41
        52 157
        157 53
        21 53
        49 53
        65 158
        158 66
        58 66
        75 159
        159 76
        39 76
        74 76
        28 30
        29 30
        40 42
        41 42
        27 54
        53 54
        18 160
        160 67
        66 67
        75 77
        76 77
        30 9
        42 10
        47 161
        161 11
        54 12
        67 162
        162 13
        77 14
        81 15
    ]
]
