circuit_name:misex2new_processed
[
    node:
    [
        1 x0 0 PI
        2 x1 0 PI
        3 x2 0 PI
        4 x3 0 PI
        5 x4 0 PI
        6 x5 0 PI
        7 x6 0 PI
        8 x7 0 PI
        9 x8 0 PI
        10 x9 0 PI
        11 x10 0 PI
        12 x11 0 PI
        13 x12 0 PI
        14 x13 0 PI
        15 x14 0 PI
        16 x15 0 PI
        17 x16 0 PI
        18 x17 0 PI
        19 x18 0 PI
        20 x19 0 PI
        21 x20 0 PI
        22 x21 0 PI
        23 x22 0 PI
        24 x23 0 PI
        25 x24 0 PI
        26 y0 7 PO
        27 y1 4 PO
        28 y2 10 PO
        29 y3 10 PO
        30 y4 10 PO
        31 y5 7 PO
        32 y6 10 PO
        33 y7 10 PO
        34 y8 9 PO
        35 y9 11 PO
        36 y10 10 PO
        37 y11 10 PO
        38 y12 10 PO
        39 y13 9 PO
        40 y14 9 PO
        41 y15 12 PO
        42 y16 8 PO
        43 y17 11 PO
        44 n100 5 MAJ
        45 n101 7 AND
        46 n102 7 AND
        47 n103 8 OR
        48 n104 9 MAJ
        49 n105 6 OR
        50 n106 7 MAJ
        51 n107 9 AND
        52 n108 6 AND
        53 n109 4 MAJ
        54 n110 5 AND
        55 n111 7 OR
        56 n112 8 MAJ
        57 n113 6 OR
        58 n114 8 AND
        59 n115 3 AND
        60 n116 4 AND
        61 n117 5 AND
        62 n118 6 AND
        63 n119 3 AND
        64 n120 4 AND
        65 n121 2 OR
        66 n122 7 OR
        67 n123 8 MAJ
        68 n124 2 AND
        69 n125 3 MAJ
        70 n126 5 AND
        71 n127 2 AND
        72 n128 3 AND
        73 n129 4 MAJ
        74 n130 5 AND
        75 n131 6 AND
        76 n132 6 OR
        77 n133 7 MAJ
        78 n134 9 OR
        79 n135 10 MAJ
        80 n136 11 OR
        81 n137 3 AND
        82 n138 4 AND
        83 n139 5 MAJ
        84 n140 6 OR
        85 n141 7 MAJ
        86 n142 8 MAJ
        87 n143 9 OR
        88 n26 4 AND
        89 n27 5 AND
        90 n28 3 AND
        91 n29 3 OR
        92 n30 4 OR
        93 n31 3 AND
        94 n32 2 OR
        95 n33 6 AND
        96 n34 7 MAJ
        97 n35 9 AND
        98 n36 2 AND
        99 n37 5 MAJ
        100 n38 7 AND
        101 n39 3 AND
        102 n40 4 AND
        103 n41 2 AND
        104 n42 3 AND
        105 n43 4 AND
        106 n44 8 OR
        107 n45 9 MAJ
        108 n46 2 OR
        109 n47 7 MAJ
        110 n48 9 AND
        111 n49 5 AND
        112 n50 6 AND
        113 n51 4 AND
        114 n52 5 MAJ
        115 n53 7 AND
        116 n54 2 AND
        117 n55 8 MAJ
        118 n56 9 AND
        119 n57 2 AND
        120 n58 3 AND
        121 n59 3 AND
        122 n60 5 MAJ
        123 n61 7 AND
        124 n62 3 AND
        125 n63 8 OR
        126 n64 9 MAJ
        127 n65 7 MAJ
        128 n66 8 AND
        129 n67 2 OR
        130 n68 4 MAJ
        131 n69 5 OR
        132 n70 6 MAJ
        133 n71 8 AND
        134 n72 1 OR
        135 n73 3 AND
        136 n74 2 AND
        137 n75 3 AND
        138 n76 1 OR
        139 n77 4 MAJ
        140 n78 5 AND
        141 n79 6 AND
        142 n80 9 OR
        143 n81 10 MAJ
        144 n82 2 AND
        145 n83 3 AND
        146 n84 1 OR
        147 n85 4 MAJ
        148 n86 5 AND
        149 n87 2 OR
        150 n88 6 MAJ
        151 n89 7 AND
        152 n90 3 AND
        153 n91 8 MAJ
        154 n92 9 AND
        155 n93 2 AND
        156 n94 4 AND
        157 n95 2 AND
        158 n96 3 AND
        159 n97 5 AND
        160 n98 6 AND
        161 n99 2 AND
        162 v1 7 VIR
        163 v10 1 VIR
        164 v11 1 VIR
        165 v12 1 VIR
        166 v13 1 VIR
        167 v14 1 VIR
        168 v15 1 VIR
        169 v16 1 VIR
        170 v17 1 VIR
        171 v18 1 VIR
        172 v19 1 VIR
        173 v2 6 VIR
        174 v20 1 VIR
        175 v21 1 VIR
        176 v22 1 VIR
        177 v23 1 VIR
        178 v24 1 VIR
        179 v25 1 VIR
        180 v26 1 VIR
        181 v27 1 VIR
        182 v28 1 VIR
        183 v29 1 VIR
        184 v3 5 VIR
        185 v30 1 VIR
        186 v31 1 VIR
        187 v32 1 VIR
        188 v33 1 VIR
        189 v34 2 VIR
        190 v35 2 VIR
        191 v36 2 VIR
        192 v37 2 VIR
        193 v38 2 VIR
        194 v39 2 VIR
        195 v4 3 VIR
        196 v40 2 VIR
        197 v41 2 VIR
        198 v5 7 VIR
        199 v6 5 VIR
        200 v7 3 VIR
        201 v8 3 VIR
        202 v9 1 VIR
        203 not1 1 INV
        204 not2 1 INV
        205 not3 1 INV
        206 not4 1 INV
        207 not5 1 INV
        208 not6 1 INV
        209 not7 1 INV
        210 not8 2 INV
        211 not9 2 INV
        212 not10 2 INV
        213 not11 2 INV
        214 not12 1 INV
        215 not13 1 INV
        216 not14 2 INV
        217 not15 2 INV
        218 not16 4 INV
        219 not17 3 INV
        220 not18 3 INV
        221 not19 2 INV
        222 not20 2 INV
        223 not21 3 INV
        224 not22 2 INV
        225 not23 3 INV
        226 not24 1 INV
        227 not25 1 INV
        228 not26 3 INV
        229 not27 6 INV
        230 not28 1 INV
        231 not29 4 INV
        232 not30 3 INV
        233 not31 2 INV
        234 not32 3 INV
        235 not33 4 INV
        236 not34 2 INV
        237 not35 2 INV
        238 not36 5 INV
        239 not37 6 INV
        240 not38 6 INV
        241 not39 6 INV
        242 not40 2 INV
        243 not41 2 INV
        244 not42 4 INV
        245 not43 4 INV
        246 not44 6 INV
        247 not45 3 INV
        248 not46 7 INV
        249 not47 4 INV
        250 not48 4 INV
        251 not49 7 INV
        252 not50 3 INV
        253 not51 7 INV
        254 not52 8 INV
        255 not53 8 INV
        256 not54 4 INV
        257 not55 8 INV
        258 not56 6 INV
        259 not57 10 INV
    ]
    edge:
    [
        25 203
        203 71
        24 71
        18 204
        204 98
        19 98
        13 205
        205 119
        12 119
        22 134
        23 134
        14 206
        206 136
        13 136
        15 138
        16 138
        6 207
        207 144
        5 144
        7 146
        8 146
        21 208
        208 157
        22 157
        15 209
        209 161
        16 161
        1 163
        1 164
        2 165
        2 166
        2 167
        11 168
        11 169
        11 170
        12 171
        13 172
        18 174
        18 175
        19 176
        20 177
        20 178
        20 179
        3 180
        3 181
        3 182
        23 183
        25 185
        10 186
        10 187
        10 188
        1 202
        180 210
        210 59
        165 59
        168 65
        185 65
        187 68
        174 68
        177 72
        71 72
        169 211
        211 81
        181 81
        174 212
        212 93
        169 93
        176 94
        178 94
        169 103
        171 103
        170 108
        174 108
        164 116
        167 116
        168 120
        119 120
        177 129
        21 129
        134 213
        213 135
        21 135
        12 214
        214 137
        136 137
        4 215
        215 145
        144 145
        202 149
        165 149
        176 216
        216 152
        175 152
        166 155
        19 155
        177 217
        217 158
        157 158
        163 189
        164 190
        165 191
        166 192
        180 193
        186 194
        187 196
        202 197
        161 201
        137 218
        218 44
        17 44
        161 44
        161 219
        219 53
        17 53
        137 53
        202 60
        59 60
        191 63
        186 63
        178 69
        185 69
        68 69
        186 73
        149 73
        72 73
        167 82
        81 82
        191 220
        220 88
        180 88
        163 221
        221 90
        192 90
        166 91
        193 91
        192 101
        181 101
        188 222
        222 104
        103 104
        194 223
        223 113
        168 113
        189 121
        193 121
        167 224
        224 124
        190 124
        129 225
        225 130
        22 130
        23 130
        17 226
        226 139
        137 139
        138 139
        9 227
        227 147
        145 147
        146 147
        189 228
        228 156
        155 156
        94 195
        149 200
        44 229
        229 45
        201 45
        201 54
        53 54
        25 230
        230 61
        60 61
        197 64
        63 64
        69 231
        231 70
        68 70
        149 232
        232 74
        73 74
        182 233
        233 83
        190 83
        82 83
        197 234
        234 89
        88 89
        163 92
        91 92
        164 102
        101 102
        172 105
        104 105
        171 114
        172 114
        113 114
        120 235
        235 122
        196 122
        121 122
        129 131
        130 131
        138 236
        236 140
        139 140
        146 237
        237 148
        147 148
        156 159
        158 159
        113 199
        183 52
        159 52
        194 62
        61 62
        187 75
        89 75
        71 76
        74 76
        179 84
        83 84
        92 238
        238 95
        196 95
        178 99
        92 99
        98 99
        170 111
        102 111
        114 239
        239 115
        113 115
        122 240
        240 123
        121 123
        199 241
        241 127
        171 127
        102 127
        176 242
        242 132
        90 132
        131 132
        89 141
        140 141
        181 150
        148 150
        200 150
        183 243
        243 160
        159 160
        89 173
        92 184
        173 46
        135 46
        160 47
        45 47
        188 49
        184 49
        52 55
        54 55
        179 57
        184 57
        62 66
        64 66
        74 77
        75 77
        76 77
        91 244
        244 85
        83 85
        84 85
        93 245
        245 96
        94 96
        95 96
        99 246
        246 100
        98 100
        94 109
        95 109
        108 109
        188 112
        111 112
        116 247
        247 117
        182 117
        115 117
        182 125
        123 125
        199 128
        127 128
        132 248
        248 133
        90 133
        200 249
        249 151
        150 151
        95 198
        160 48
        46 48
        47 48
        195 250
        250 50
        93 50
        49 50
        46 56
        52 56
        55 56
        57 251
        251 58
        175 58
        65 252
        252 67
        62 67
        66 67
        49 253
        253 86
        195 86
        108 86
        96 254
        254 97
        198 97
        100 106
        102 106
        109 255
        255 110
        198 110
        116 118
        117 118
        123 126
        124 126
        125 126
        133 142
        135 142
        152 256
        256 153
        179 153
        151 153
        49 162
        162 257
        257 51
        50 51
        67 78
        77 78
        162 87
        86 87
        100 107
        105 107
        106 107
        133 143
        141 143
        142 143
        152 154
        153 154
        184 258
        258 79
        70 79
        78 79
        78 80
        79 80
        173 26
        90 27
        97 28
        107 29
        110 30
        112 31
        118 32
        126 33
        128 34
        143 35
        154 36
        48 37
        51 38
        56 39
        58 40
        80 41
        85 42
        87 259
        259 43
    ]
]
