circuit_name:my_addernew_processed
[
    node:
    [
        1 x0 0 PI
        2 x1 0 PI
        3 x2 0 PI
        4 x3 0 PI
        5 x4 0 PI
        6 x5 0 PI
        7 x6 0 PI
        8 x7 0 PI
        9 x8 0 PI
        10 x9 0 PI
        11 x10 0 PI
        12 x11 0 PI
        13 x12 0 PI
        14 x13 0 PI
        15 x14 0 PI
        16 x15 0 PI
        17 x16 0 PI
        18 x17 0 PI
        19 x18 0 PI
        20 x19 0 PI
        21 x20 0 PI
        22 x21 0 PI
        23 x22 0 PI
        24 x23 0 PI
        25 x24 0 PI
        26 x25 0 PI
        27 x26 0 PI
        28 x27 0 PI
        29 x28 0 PI
        30 x29 0 PI
        31 x30 0 PI
        32 x31 0 PI
        33 x32 0 PI
        34 y0 19 PO
        35 y1 18 PO
        36 y2 17 PO
        37 y3 16 PO
        38 y4 15 PO
        39 y5 14 PO
        40 y6 13 PO
        41 y7 12 PO
        42 y8 11 PO
        43 y9 10 PO
        44 y10 9 PO
        45 y11 8 PO
        46 y12 7 PO
        47 y13 6 PO
        48 y14 5 PO
        49 y15 5 PO
        50 y16 17 PO
        51 n34 1 MAJ
        52 n35 2 MAJ
        53 n36 3 MAJ
        54 n37 4 MAJ
        55 n38 5 MAJ
        56 n39 6 MAJ
        57 n40 7 MAJ
        58 n41 8 MAJ
        59 n42 9 MAJ
        60 n43 10 MAJ
        61 n44 11 MAJ
        62 n45 12 MAJ
        63 n46 13 MAJ
        64 n47 14 MAJ
        65 n48 15 MAJ
        66 n49 16 MAJ
        67 n50 17 MAJ
        68 n51 18 MAJ
        69 n52 15 MAJ
        70 n53 16 MAJ
        71 n54 17 MAJ
        72 n55 14 MAJ
        73 n56 15 MAJ
        74 n57 16 MAJ
        75 n58 13 MAJ
        76 n59 14 MAJ
        77 n60 15 MAJ
        78 n61 12 MAJ
        79 n62 13 MAJ
        80 n63 14 MAJ
        81 n64 11 MAJ
        82 n65 12 MAJ
        83 n66 13 MAJ
        84 n67 10 MAJ
        85 n68 11 MAJ
        86 n69 12 MAJ
        87 n70 9 MAJ
        88 n71 10 MAJ
        89 n72 11 MAJ
        90 n73 8 MAJ
        91 n74 9 MAJ
        92 n75 10 MAJ
        93 n76 7 MAJ
        94 n77 8 MAJ
        95 n78 9 MAJ
        96 n79 6 MAJ
        97 n80 7 MAJ
        98 n81 8 MAJ
        99 n82 5 MAJ
        100 n83 6 MAJ
        101 n84 7 MAJ
        102 n85 4 MAJ
        103 n86 5 MAJ
        104 n87 6 MAJ
        105 n88 3 MAJ
        106 n89 4 MAJ
        107 n90 5 MAJ
        108 n91 2 MAJ
        109 n92 3 MAJ
        110 n93 4 MAJ
        111 n94 2 MAJ
        112 n95 3 MAJ
        113 n96 4 MAJ
        114 n97 16 MAJ
        115 not1 1 INV
        116 not2 1 INV
        117 not3 1 INV
        118 not4 1 INV
        119 not5 1 INV
        120 not6 1 INV
        121 not7 1 INV
        122 not8 1 INV
        123 not9 2 INV
        124 not10 1 INV
        125 not11 1 INV
        126 not12 3 INV
        127 not13 1 INV
        128 not14 1 INV
        129 not15 4 INV
        130 not16 1 INV
        131 not17 1 INV
        132 not18 5 INV
        133 not19 1 INV
        134 not20 1 INV
        135 not21 6 INV
        136 not22 1 INV
        137 not23 1 INV
        138 not24 7 INV
        139 not25 1 INV
        140 not26 1 INV
        141 not27 8 INV
        142 not28 1 INV
        143 not29 1 INV
        144 not30 9 INV
        145 not31 1 INV
        146 not32 1 INV
        147 not33 10 INV
        148 not34 1 INV
        149 not35 1 INV
        150 not36 11 INV
        151 not37 1 INV
        152 not38 1 INV
        153 not39 12 INV
        154 not40 1 INV
        155 not41 1 INV
        156 not42 13 INV
        157 not43 1 INV
        158 not44 1 INV
        159 not45 14 INV
        160 not46 1 INV
        161 not47 15 INV
        162 not48 16 INV
    ]
    edge:
    [
        1 51
        12 51
        14 51
        12 115
        115 111
        1 111
        14 111
        10 52
        33 52
        51 52
        33 116
        116 108
        10 108
        51 108
        1 117
        117 112
        12 112
        111 112
        8 53
        32 53
        52 53
        32 118
        118 105
        8 105
        52 105
        10 119
        119 109
        33 109
        108 109
        14 120
        120 113
        111 113
        112 113
        6 54
        31 54
        53 54
        31 121
        121 102
        6 102
        53 102
        8 122
        122 106
        32 106
        105 106
        51 123
        123 110
        108 110
        109 110
        4 55
        30 55
        54 55
        30 124
        124 99
        4 99
        54 99
        6 125
        125 103
        31 103
        102 103
        52 126
        126 107
        105 107
        106 107
        2 56
        29 56
        55 56
        29 127
        127 96
        2 96
        55 96
        4 128
        128 100
        30 100
        99 100
        53 129
        129 104
        102 104
        103 104
        18 57
        28 57
        56 57
        28 130
        130 93
        18 93
        56 93
        2 131
        131 97
        29 97
        96 97
        54 132
        132 101
        99 101
        100 101
        17 58
        27 58
        57 58
        27 133
        133 90
        17 90
        57 90
        18 134
        134 94
        28 94
        93 94
        55 135
        135 98
        96 98
        97 98
        16 59
        26 59
        58 59
        26 136
        136 87
        16 87
        58 87
        17 137
        137 91
        27 91
        90 91
        56 138
        138 95
        93 95
        94 95
        15 60
        25 60
        59 60
        25 139
        139 84
        15 84
        59 84
        16 140
        140 88
        26 88
        87 88
        57 141
        141 92
        90 92
        91 92
        13 61
        24 61
        60 61
        24 142
        142 81
        13 81
        60 81
        15 143
        143 85
        25 85
        84 85
        58 144
        144 89
        87 89
        88 89
        11 62
        23 62
        61 62
        23 145
        145 78
        11 78
        61 78
        13 146
        146 82
        24 82
        81 82
        59 147
        147 86
        84 86
        85 86
        9 63
        22 63
        62 63
        22 148
        148 75
        9 75
        62 75
        11 149
        149 79
        23 79
        78 79
        60 150
        150 83
        81 83
        82 83
        7 64
        21 64
        63 64
        21 151
        151 72
        7 72
        63 72
        9 152
        152 76
        22 76
        75 76
        61 153
        153 80
        78 80
        79 80
        5 65
        20 65
        64 65
        20 154
        154 69
        5 69
        64 69
        7 155
        155 73
        21 73
        72 73
        62 156
        156 77
        75 77
        76 77
        19 157
        157 66
        3 66
        65 66
        5 158
        158 70
        20 70
        69 70
        63 159
        159 74
        72 74
        73 74
        3 114
        19 114
        65 114
        3 160
        160 67
        19 67
        66 67
        64 161
        161 71
        69 71
        70 71
        65 162
        162 68
        66 68
        67 68
        68 34
        71 35
        74 36
        77 37
        80 38
        83 39
        86 40
        89 41
        92 42
        95 43
        98 44
        101 45
        104 46
        107 47
        110 48
        113 49
        114 50
    ]
]
