circuit_name:pclenew_processed
[
    node:
    [
        1 x0 0 PI
        2 x1 0 PI
        3 x2 0 PI
        4 x3 0 PI
        5 x4 0 PI
        6 x5 0 PI
        7 x6 0 PI
        8 x7 0 PI
        9 x8 0 PI
        10 x9 0 PI
        11 x10 0 PI
        12 x11 0 PI
        13 x12 0 PI
        14 x13 0 PI
        15 x14 0 PI
        16 x15 0 PI
        17 x16 0 PI
        18 x17 0 PI
        19 x18 0 PI
        20 y0 10 PO
        21 y1 10 PO
        22 y2 9 PO
        23 y3 7 PO
        24 y4 9 PO
        25 y5 10 PO
        26 y6 9 PO
        27 y7 9 PO
        28 y8 11 PO
        29 n20 2 AND
        30 n21 2 AND
        31 n22 3 AND
        32 n23 1 AND
        33 n24 3 MAJ
        34 n25 4 AND
        35 n26 5 AND
        36 n27 6 AND
        37 n28 7 MAJ
        38 n29 7 AND
        39 n30 9 MAJ
        40 n31 2 AND
        41 n32 1 AND
        42 n33 5 MAJ
        43 n34 6 AND
        44 n35 7 MAJ
        45 n36 7 OR
        46 n37 9 MAJ
        47 n38 7 AND
        48 n39 8 AND
        49 n40 2 AND
        50 n41 5 OR
        51 n42 6 MAJ
        52 n43 2 AND
        53 n44 6 MAJ
        54 n45 2 OR
        55 n46 8 MAJ
        56 n47 3 OR
        57 n48 6 MAJ
        58 n49 8 AND
        59 n50 2 AND
        60 n51 9 OR
        61 n52 1 AND
        62 n53 2 AND
        63 n54 2 AND
        64 n55 6 MAJ
        65 n56 3 OR
        66 n57 8 MAJ
        67 n58 2 AND
        68 n59 6 MAJ
        69 n60 6 OR
        70 n61 8 MAJ
        71 n62 6 AND
        72 n63 7 OR
        73 n64 7 MAJ
        74 n65 9 AND
        75 n66 2 AND
        76 n67 10 OR
        77 v1 4 VIR
        78 v10 1 VIR
        79 v11 1 VIR
        80 v12 1 VIR
        81 v13 1 VIR
        82 v2 4 VIR
        83 v3 4 VIR
        84 v4 2 VIR
        85 v5 5 VIR
        86 v6 1 VIR
        87 v7 1 VIR
        88 v8 1 VIR
        89 v9 1 VIR
        90 not1 1 INV
        91 not2 2 INV
        92 not3 2 INV
        93 not4 2 INV
        94 not5 5 INV
        95 not6 5 INV
        96 not7 5 INV
        97 not8 2 INV
        98 not9 7 INV
        99 not10 7 INV
        100 not11 7 INV
        101 not12 5 INV
        102 not13 5 INV
        103 not14 7 INV
        104 not15 5 INV
        105 not16 8 INV
        106 not17 8 INV
        107 not18 8 INV
    ]
    edge:
    [
        15 90
        90 30
        14 30
        16 32
        17 32
        1 41
        2 41
        17 61
        18 61
        13 78
        16 79
        17 80
        18 81
        1 86
        2 87
        13 88
        13 89
        11 29
        88 29
        88 91
        91 31
        30 31
        32 92
        92 33
        18 33
        19 33
        12 40
        89 40
        5 49
        88 49
        6 52
        89 52
        79 54
        80 54
        7 59
        89 59
        16 62
        61 62
        8 63
        78 63
        9 67
        78 67
        10 75
        78 75
        32 84
        32 34
        33 34
        81 56
        84 56
        19 65
        62 65
        31 77
        31 82
        31 83
        2 35
        34 35
        41 93
        93 42
        3 42
        34 42
        82 50
        49 50
        83 94
        94 53
        79 53
        80 53
        77 95
        95 57
        81 57
        84 57
        83 96
        96 64
        19 64
        62 64
        34 85
        86 36
        35 36
        41 43
        42 43
        79 97
        97 51
        49 51
        50 51
        53 98
        98 55
        52 55
        54 55
        57 99
        99 58
        56 58
        64 100
        100 66
        63 66
        65 66
        83 101
        101 68
        86 68
        85 68
        86 69
        85 69
        1 71
        85 71
        3 37
        77 37
        36 37
        3 38
        36 38
        82 102
        102 44
        4 44
        43 44
        4 45
        43 45
        82 47
        43 47
        58 60
        59 60
        68 103
        103 70
        67 70
        69 70
        87 72
        71 72
        77 104
        104 73
        87 73
        71 73
        38 105
        105 39
        29 39
        37 39
        44 106
        106 46
        40 46
        45 46
        4 48
        47 48
        73 107
        107 74
        72 74
        74 76
        75 76
        39 20
        46 21
        48 22
        51 23
        55 24
        60 25
        66 26
        70 27
        76 28
    ]
]
