circuit_name:rd53new_processed
[
    node:
    [
        1 x0 0 PI
        2 x1 0 PI
        3 x2 0 PI
        4 x3 0 PI
        5 x4 0 PI
        6 y0 16 PO
        7 y1 16 PO
        8 y2 11 PO
        9 n10 3 OR
        10 n11 5 AND
        11 n12 6 MAJ
        12 n13 5 AND
        13 n14 7 MAJ
        14 n15 4 AND
        15 n16 2 OR
        16 n17 4 AND
        17 n18 3 OR
        18 n19 4 MAJ
        19 n20 5 MAJ
        20 n21 6 AND
        21 n22 3 AND
        22 n23 7 OR
        23 n24 8 MAJ
        24 n25 5 AND
        25 n26 9 OR
        26 n27 10 MAJ
        27 n28 11 OR
        28 n29 4 AND
        29 n30 5 AND
        30 n31 3 AND
        31 n32 3 AND
        32 n33 5 MAJ
        33 n34 6 AND
        34 n35 7 OR
        35 n36 8 MAJ
        36 n37 5 AND
        37 n38 5 MAJ
        38 n39 6 MAJ
        39 n40 7 AND
        40 n41 8 OR
        41 n42 9 MAJ
        42 n43 6 AND
        43 n44 7 AND
        44 n45 6 OR
        45 n46 8 MAJ
        46 n47 9 OR
        47 n48 10 MAJ
        48 n49 12 OR
        49 n50 14 MAJ
        50 n51 15 OR
        51 n52 5 MAJ
        52 n53 7 AND
        53 n54 3 AND
        54 n55 3 OR
        55 n56 8 OR
        56 n57 9 MAJ
        57 n58 5 MAJ
        58 n59 7 AND
        59 n6 2 AND
        60 n60 3 AND
        61 n61 5 MAJ
        62 n62 4 MAJ
        63 n63 7 AND
        64 n64 3 MAJ
        65 n65 3 MAJ
        66 n66 5 AND
        67 n67 5 MAJ
        68 n68 6 AND
        69 n69 5 AND
        70 n7 3 AND
        71 n70 7 AND
        72 n71 8 AND
        73 n72 10 MAJ
        74 n73 11 OR
        75 n74 12 MAJ
        76 n75 13 OR
        77 n76 10 OR
        78 n77 14 MAJ
        79 n78 15 OR
        80 n79 6 MAJ
        81 n8 4 AND
        82 n80 7 AND
        83 n81 6 MAJ
        84 n82 7 AND
        85 n83 6 MAJ
        86 n84 7 AND
        87 n85 5 AND
        88 n86 6 AND
        89 n87 8 MAJ
        90 n88 9 OR
        91 n89 10 OR
        92 n9 5 AND
        93 v1 4 VIR
        94 v10 1 VIR
        95 v11 1 VIR
        96 v12 1 VIR
        97 v13 1 VIR
        98 v14 1 VIR
        99 v15 1 VIR
        100 v16 1 VIR
        101 v17 1 VIR
        102 v18 1 VIR
        103 v19 1 VIR
        104 v2 4 VIR
        105 v20 1 VIR
        106 v21 1 VIR
        107 v22 1 VIR
        108 v23 2 VIR
        109 v24 2 VIR
        110 v25 2 VIR
        111 v26 2 VIR
        112 v27 2 VIR
        113 v28 2 VIR
        114 v29 2 VIR
        115 v3 4 VIR
        116 v30 2 VIR
        117 v31 2 VIR
        118 v32 2 VIR
        119 v33 2 VIR
        120 v34 2 VIR
        121 v35 2 VIR
        122 v36 2 VIR
        123 v37 2 VIR
        124 v38 2 VIR
        125 v39 2 VIR
        126 v4 4 VIR
        127 v5 4 VIR
        128 v6 4 VIR
        129 v7 4 VIR
        130 v8 1 VIR
        131 v9 1 VIR
        132 not1 3 INV
        133 not2 3 INV
        134 not3 3 INV
        135 not4 2 INV
        136 not5 2 INV
        137 not6 2 INV
        138 not7 3 INV
        139 not8 4 INV
        140 not9 3 INV
        141 not10 2 INV
        142 not11 4 INV
        143 not12 4 INV
        144 not13 4 INV
        145 not14 4 INV
        146 not15 2 INV
        147 not16 3 INV
        148 not17 4 INV
        149 not18 3 INV
        150 not19 5 INV
        151 not20 3 INV
        152 not21 3 INV
        153 not22 3 INV
        154 not23 2 INV
        155 not24 6 INV
        156 not25 6 INV
        157 not26 5 INV
        158 not27 5 INV
        159 not28 5 INV
        160 not29 3 INV
        161 not30 6 INV
        162 not31 6 INV
        163 not32 6 INV
        164 not33 6 INV
        165 not34 5 INV
        166 not35 6 INV
        167 not36 3 INV
        168 not37 9 INV
        169 not38 7 INV
        170 not39 4 INV
        171 not40 11 INV
        172 not41 13 INV
    ]
    edge:
    [
        1 94
        2 95
        2 96
        2 97
        3 98
        3 99
        3 100
        4 101
        4 102
        4 103
        5 105
        5 106
        5 107
        1 130
        1 131
        101 15
        105 15
        101 59
        105 59
        94 108
        95 109
        95 110
        96 111
        96 112
        97 113
        97 114
        98 116
        99 117
        100 118
        101 119
        102 120
        103 121
        105 122
        106 123
        130 124
        131 125
        124 9
        109 9
        111 132
        132 14
        125 14
        15 133
        133 16
        98 16
        98 17
        15 17
        124 21
        109 21
        119 134
        134 28
        122 28
        99 135
        135 30
        59 30
        131 136
        136 31
        110 31
        94 53
        120 53
        113 54
        100 54
        103 137
        137 60
        108 60
        111 64
        102 64
        123 64
        117 65
        120 65
        123 65
        116 70
        59 70
        122 138
        138 81
        119 81
        9 139
        139 10
        70 10
        130 18
        95 18
        17 18
        109 140
        140 19
        130 19
        16 19
        116 24
        81 24
        99 141
        141 29
        28 29
        17 142
        142 32
        30 32
        31 32
        117 36
        28 36
        30 143
        143 37
        125 37
        111 37
        60 144
        144 61
        114 61
        107 61
        114 62
        118 62
        60 62
        64 145
        145 66
        65 66
        131 146
        146 69
        28 69
        116 147
        147 92
        81 92
        9 93
        21 104
        21 115
        21 126
        31 127
        31 128
        70 129
        9 148
        148 11
        124 11
        92 11
        110 149
        149 12
        93 12
        18 150
        150 20
        19 20
        127 33
        32 33
        112 151
        151 38
        94 38
        29 38
        125 152
        152 42
        24 42
        97 44
        36 44
        117 153
        153 51
        106 51
        127 51
        103 154
        154 57
        100 57
        128 57
        61 155
        155 63
        62 63
        102 67
        106 67
        93 67
        92 156
        156 71
        96 71
        126 157
        157 80
        121 80
        107 80
        115 158
        158 83
        118 83
        107 83
        104 159
        159 85
        118 85
        121 85
        113 160
        160 87
        129 87
        12 161
        161 13
        10 13
        11 13
        70 22
        20 22
        29 34
        33 34
        37 162
        162 39
        38 39
        112 43
        42 43
        51 163
        163 52
        127 52
        57 164
        164 58
        128 58
        93 165
        165 68
        67 68
        69 166
        166 72
        71 72
        126 82
        80 82
        126 84
        83 84
        115 86
        85 86
        108 167
        167 88
        87 88
        20 23
        104 23
        22 23
        104 35
        33 35
        34 35
        36 40
        39 40
        14 45
        43 45
        44 45
        52 55
        53 55
        72 168
        168 73
        113 73
        68 73
        88 169
        169 89
        129 89
        86 89
        13 25
        23 25
        128 41
        39 41
        40 41
        16 46
        45 46
        54 170
        170 56
        52 56
        55 56
        66 74
        73 74
        84 90
        89 90
        14 26
        24 26
        25 26
        115 47
        45 47
        46 47
        108 75
        29 75
        74 75
        56 77
        58 77
        82 91
        90 91
        25 27
        26 27
        74 76
        75 76
        27 48
        35 48
        77 171
        171 78
        63 78
        76 78
        48 172
        172 49
        41 49
        47 49
        77 79
        78 79
        48 50
        49 50
        50 6
        79 7
        91 8
    ]
]
