circuit_name:rd73new_processed
[
    node:
    [
        1 x0 0 PI
        2 x1 0 PI
        3 x2 0 PI
        4 x3 0 PI
        5 x4 0 PI
        6 x5 0 PI
        7 x6 0 PI
        8 y0 28 PO
        9 y1 22 PO
        10 y2 25 PO
        11 n10 9 AND
        12 n100 10 OR
        13 n101 11 MAJ
        14 n102 12 OR
        15 n103 13 MAJ
        16 n104 14 OR
        17 n105 15 OR
        18 n106 16 MAJ
        19 n107 17 OR
        20 n108 4 OR
        21 n109 7 MAJ
        22 n11 3 AND
        23 n110 9 AND
        24 n111 5 AND
        25 n112 8 AND
        26 n113 9 OR
        27 n114 10 MAJ
        28 n115 7 AND
        29 n116 8 OR
        30 n117 10 MAJ
        31 n118 9 AND
        32 n119 11 OR
        33 n12 4 AND
        34 n120 10 AND
        35 n121 11 OR
        36 n122 12 MAJ
        37 n123 13 OR
        38 n124 14 MAJ
        39 n125 15 OR
        40 n126 16 OR
        41 n127 17 MAJ
        42 n128 18 OR
        43 n129 4 AND
        44 n13 4 AND
        45 n130 10 MAJ
        46 n131 12 AND
        47 n132 11 AND
        48 n133 12 AND
        49 n134 14 MAJ
        50 n135 3 OR
        51 n136 8 MAJ
        52 n137 9 AND
        53 n138 12 AND
        54 n139 13 AND
        55 n14 6 MAJ
        56 n140 15 MAJ
        57 n141 4 OR
        58 n142 5 OR
        59 n143 7 MAJ
        60 n144 8 MAJ
        61 n145 10 AND
        62 n146 16 OR
        63 n147 17 MAJ
        64 n148 18 OR
        65 n149 10 AND
        66 n15 8 AND
        67 n150 11 OR
        68 n151 12 MAJ
        69 n152 6 AND
        70 n153 7 MAJ
        71 n154 7 MAJ
        72 n155 8 AND
        73 n156 9 AND
        74 n157 10 OR
        75 n158 11 MAJ
        76 n159 7 AND
        77 n16 3 AND
        78 n160 12 OR
        79 n161 13 MAJ
        80 n162 14 OR
        81 n163 15 MAJ
        82 n164 16 OR
        83 n165 17 OR
        84 n166 18 MAJ
        85 n167 19 OR
        86 n168 19 OR
        87 n169 21 MAJ
        88 n17 4 AND
        89 n170 22 OR
        90 n171 11 AND
        91 n172 13 AND
        92 n173 11 AND
        93 n174 12 AND
        94 n175 13 MAJ
        95 n176 8 MAJ
        96 n177 9 AND
        97 n178 10 AND
        98 n179 11 AND
        99 n18 7 MAJ
        100 n180 13 MAJ
        101 n181 14 OR
        102 n182 15 MAJ
        103 n183 16 OR
        104 n184 17 OR
        105 n185 18 MAJ
        106 n186 19 OR
        107 n187 23 OR
        108 n188 24 MAJ
        109 n189 25 OR
        110 n19 8 AND
        111 n190 21 OR
        112 n191 26 MAJ
        113 n192 27 OR
        114 n193 8 MAJ
        115 n194 9 AND
        116 n195 3 AND
        117 n196 4 AND
        118 n197 3 AND
        119 n198 4 AND
        120 n199 6 AND
        121 n20 9 AND
        122 n200 7 AND
        123 n201 10 MAJ
        124 n202 4 AND
        125 n203 3 OR
        126 n204 5 AND
        127 n205 6 MAJ
        128 n206 4 AND
        129 n207 5 AND
        130 n208 6 MAJ
        131 n209 7 AND
        132 n21 10 OR
        133 n210 5 AND
        134 n211 5 AND
        135 n212 3 AND
        136 n213 4 AND
        137 n214 6 OR
        138 n215 6 AND
        139 n216 7 MAJ
        140 n217 8 MAJ
        141 n218 9 AND
        142 n219 5 AND
        143 n22 11 MAJ
        144 n220 7 AND
        145 n221 8 OR
        146 n222 9 MAJ
        147 n223 3 AND
        148 n224 6 MAJ
        149 n225 7 AND
        150 n226 8 AND
        151 n227 9 AND
        152 n228 11 MAJ
        153 n229 10 OR
        154 n23 6 MAJ
        155 n230 12 MAJ
        156 n231 13 OR
        157 n232 4 AND
        158 n233 6 MAJ
        159 n234 7 AND
        160 n235 8 MAJ
        161 n236 9 AND
        162 n237 10 OR
        163 n238 11 MAJ
        164 n239 12 OR
        165 n24 8 AND
        166 n240 7 AND
        167 n241 8 AND
        168 n242 9 MAJ
        169 n243 4 AND
        170 n244 8 MAJ
        171 n245 9 AND
        172 n246 7 AND
        173 n247 8 AND
        174 n248 10 MAJ
        175 n249 11 OR
        176 n25 4 AND
        177 n250 12 MAJ
        178 n251 13 OR
        179 n252 8 MAJ
        180 n253 9 AND
        181 n254 8 MAJ
        182 n255 9 AND
        183 n256 10 OR
        184 n257 11 MAJ
        185 n258 12 OR
        186 n259 4 AND
        187 n26 9 MAJ
        188 n260 6 MAJ
        189 n261 7 AND
        190 n262 11 OR
        191 n263 12 MAJ
        192 n264 13 OR
        193 n265 8 MAJ
        194 n266 9 AND
        195 n267 8 MAJ
        196 n268 9 AND
        197 n269 5 AND
        198 n27 10 AND
        199 n270 10 OR
        200 n271 14 OR
        201 n272 16 MAJ
        202 n273 17 OR
        203 n274 14 OR
        204 n275 18 MAJ
        205 n276 19 OR
        206 n277 11 OR
        207 n278 20 MAJ
        208 n279 21 OR
        209 n28 3 OR
        210 n280 8 MAJ
        211 n281 10 AND
        212 n282 4 AND
        213 n283 5 AND
        214 n284 5 AND
        215 n285 3 OR
        216 n286 6 MAJ
        217 n287 7 AND
        218 n288 11 OR
        219 n289 12 MAJ
        220 n29 6 MAJ
        221 n290 13 OR
        222 n291 4 OR
        223 n292 5 AND
        224 n293 6 AND
        225 n294 7 AND
        226 n295 8 OR
        227 n296 9 MAJ
        228 n297 6 OR
        229 n298 10 OR
        230 n299 11 MAJ
        231 n30 7 AND
        232 n300 5 AND
        233 n301 6 AND
        234 n302 6 AND
        235 n303 7 MAJ
        236 n304 8 AND
        237 n305 8 AND
        238 n306 9 AND
        239 n307 11 MAJ
        240 n308 8 MAJ
        241 n309 9 AND
        242 n31 11 AND
        243 n310 7 MAJ
        244 n311 8 AND
        245 n312 10 OR
        246 n313 11 MAJ
        247 n314 12 OR
        248 n315 5 AND
        249 n316 8 MAJ
        250 n317 10 AND
        251 n318 8 AND
        252 n319 9 OR
        253 n32 12 AND
        254 n320 10 MAJ
        255 n321 13 OR
        256 n322 15 MAJ
        257 n323 16 OR
        258 n324 5 AND
        259 n325 5 AND
        260 n326 5 AND
        261 n327 7 AND
        262 n328 8 OR
        263 n329 9 MAJ
        264 n33 14 MAJ
        265 n330 7 MAJ
        266 n331 8 AND
        267 n332 5 AND
        268 n333 6 AND
        269 n334 8 OR
        270 n335 9 MAJ
        271 n336 5 AND
        272 n337 8 MAJ
        273 n338 10 AND
        274 n339 7 AND
        275 n34 4 AND
        276 n340 8 OR
        277 n341 9 MAJ
        278 n342 10 OR
        279 n343 12 MAJ
        280 n344 13 OR
        281 n345 14 OR
        282 n346 15 MAJ
        283 n347 16 OR
        284 n348 8 AND
        285 n349 9 OR
        286 n35 5 AND
        287 n350 10 MAJ
        288 n351 6 MAJ
        289 n352 7 AND
        290 n353 9 AND
        291 n354 10 AND
        292 n355 12 MAJ
        293 n356 4 AND
        294 n357 8 AND
        295 n358 9 OR
        296 n359 10 MAJ
        297 n36 7 MAJ
        298 n360 13 OR
        299 n361 14 MAJ
        300 n362 15 OR
        301 n363 16 OR
        302 n364 17 MAJ
        303 n365 18 OR
        304 n366 4 AND
        305 n367 6 MAJ
        306 n368 7 AND
        307 n369 5 OR
        308 n37 9 AND
        309 n370 6 OR
        310 n371 8 MAJ
        311 n372 3 OR
        312 n373 5 AND
        313 n374 7 MAJ
        314 n375 9 AND
        315 n376 4 AND
        316 n377 7 MAJ
        317 n378 9 AND
        318 n379 10 OR
        319 n38 7 MAJ
        320 n380 11 MAJ
        321 n381 12 OR
        322 n382 4 AND
        323 n383 5 AND
        324 n384 7 AND
        325 n385 8 OR
        326 n386 9 MAJ
        327 n387 13 OR
        328 n388 14 MAJ
        329 n389 15 OR
        330 n39 9 AND
        331 n390 19 OR
        332 n391 21 MAJ
        333 n392 22 OR
        334 n393 14 OR
        335 n394 23 MAJ
        336 n395 24 OR
        337 n40 10 AND
        338 n41 11 OR
        339 n42 12 MAJ
        340 n43 15 OR
        341 n44 16 MAJ
        342 n45 17 OR
        343 n46 18 OR
        344 n47 19 MAJ
        345 n48 20 OR
        346 n49 6 MAJ
        347 n50 8 AND
        348 n51 5 AND
        349 n52 6 AND
        350 n53 4 AND
        351 n54 4 AND
        352 n55 7 MAJ
        353 n56 7 MAJ
        354 n57 8 AND
        355 n58 7 MAJ
        356 n59 9 AND
        357 n60 9 AND
        358 n61 10 OR
        359 n62 11 MAJ
        360 n63 6 AND
        361 n64 4 AND
        362 n65 6 MAJ
        363 n66 8 AND
        364 n67 9 AND
        365 n68 10 OR
        366 n69 11 MAJ
        367 n70 7 AND
        368 n71 12 OR
        369 n72 13 MAJ
        370 n73 14 OR
        371 n74 15 MAJ
        372 n75 16 OR
        373 n76 17 OR
        374 n77 18 MAJ
        375 n78 19 OR
        376 n79 8 MAJ
        377 n8 4 AND
        378 n80 9 AND
        379 n81 3 OR
        380 n82 5 AND
        381 n83 11 AND
        382 n84 12 OR
        383 n85 13 MAJ
        384 n86 6 MAJ
        385 n87 7 OR
        386 n88 5 MAJ
        387 n89 6 AND
        388 n9 8 MAJ
        389 n90 6 MAJ
        390 n91 7 AND
        391 n92 7 AND
        392 n93 8 OR
        393 n94 9 MAJ
        394 n95 9 AND
        395 n96 10 OR
        396 n97 6 MAJ
        397 n98 8 AND
        398 n99 9 AND
        399 v1 10 VIR
        400 v10 5 VIR
        401 v100 6 VIR
        402 v101 6 VIR
        403 v102 6 VIR
        404 v103 6 VIR
        405 v104 6 VIR
        406 v105 6 VIR
        407 v106 7 VIR
        408 v107 7 VIR
        409 v108 7 VIR
        410 v109 7 VIR
        411 v11 5 VIR
        412 v110 2 VIR
        413 v111 2 VIR
        414 v112 2 VIR
        415 v113 2 VIR
        416 v114 2 VIR
        417 v115 2 VIR
        418 v116 2 VIR
        419 v117 2 VIR
        420 v118 2 VIR
        421 v119 2 VIR
        422 v12 5 VIR
        423 v120 2 VIR
        424 v121 2 VIR
        425 v122 2 VIR
        426 v123 2 VIR
        427 v124 2 VIR
        428 v125 2 VIR
        429 v126 2 VIR
        430 v127 2 VIR
        431 v128 2 VIR
        432 v129 2 VIR
        433 v13 5 VIR
        434 v130 2 VIR
        435 v131 2 VIR
        436 v132 2 VIR
        437 v133 2 VIR
        438 v134 7 VIR
        439 v135 2 VIR
        440 v136 2 VIR
        441 v137 2 VIR
        442 v138 2 VIR
        443 v139 2 VIR
        444 v14 5 VIR
        445 v140 2 VIR
        446 v141 2 VIR
        447 v142 2 VIR
        448 v143 2 VIR
        449 v144 2 VIR
        450 v145 2 VIR
        451 v146 2 VIR
        452 v147 2 VIR
        453 v148 2 VIR
        454 v149 2 VIR
        455 v15 4 VIR
        456 v150 2 VIR
        457 v151 2 VIR
        458 v152 2 VIR
        459 v153 2 VIR
        460 v154 2 VIR
        461 v155 2 VIR
        462 v156 2 VIR
        463 v157 2 VIR
        464 v158 2 VIR
        465 v159 2 VIR
        466 v16 6 VIR
        467 v160 2 VIR
        468 v161 2 VIR
        469 v162 2 VIR
        470 v163 2 VIR
        471 v164 2 VIR
        472 v165 2 VIR
        473 v166 6 VIR
        474 v167 6 VIR
        475 v168 3 VIR
        476 v169 3 VIR
        477 v17 7 VIR
        478 v170 3 VIR
        479 v171 3 VIR
        480 v172 3 VIR
        481 v173 3 VIR
        482 v174 3 VIR
        483 v175 3 VIR
        484 v176 3 VIR
        485 v177 3 VIR
        486 v178 3 VIR
        487 v179 3 VIR
        488 v18 5 VIR
        489 v180 3 VIR
        490 v181 3 VIR
        491 v182 3 VIR
        492 v183 3 VIR
        493 v184 3 VIR
        494 v185 3 VIR
        495 v186 3 VIR
        496 v19 5 VIR
        497 v2 5 VIR
        498 v20 5 VIR
        499 v21 9 VIR
        500 v22 5 VIR
        501 v23 6 VIR
        502 v24 4 VIR
        503 v25 9 VIR
        504 v26 4 VIR
        505 v27 4 VIR
        506 v28 4 VIR
        507 v29 6 VIR
        508 v3 5 VIR
        509 v30 4 VIR
        510 v31 4 VIR
        511 v32 4 VIR
        512 v33 5 VIR
        513 v34 8 VIR
        514 v35 7 VIR
        515 v36 6 VIR
        516 v37 6 VIR
        517 v38 6 VIR
        518 v39 6 VIR
        519 v4 5 VIR
        520 v40 6 VIR
        521 v41 5 VIR
        522 v42 5 VIR
        523 v43 5 VIR
        524 v44 5 VIR
        525 v45 5 VIR
        526 v46 5 VIR
        527 v47 10 VIR
        528 v48 7 VIR
        529 v49 7 VIR
        530 v5 4 VIR
        531 v50 5 VIR
        532 v51 5 VIR
        533 v52 5 VIR
        534 v53 5 VIR
        535 v54 5 VIR
        536 v55 5 VIR
        537 v56 10 VIR
        538 v57 6 VIR
        539 v58 6 VIR
        540 v59 6 VIR
        541 v6 6 VIR
        542 v60 8 VIR
        543 v61 9 VIR
        544 v62 1 VIR
        545 v63 1 VIR
        546 v64 1 VIR
        547 v65 1 VIR
        548 v66 1 VIR
        549 v67 1 VIR
        550 v68 1 VIR
        551 v69 1 VIR
        552 v7 6 VIR
        553 v70 1 VIR
        554 v71 1 VIR
        555 v72 1 VIR
        556 v73 1 VIR
        557 v74 1 VIR
        558 v75 1 VIR
        559 v76 1 VIR
        560 v77 1 VIR
        561 v78 1 VIR
        562 v79 1 VIR
        563 v8 6 VIR
        564 v80 1 VIR
        565 v81 1 VIR
        566 v82 1 VIR
        567 v83 6 VIR
        568 v84 6 VIR
        569 v85 6 VIR
        570 v86 6 VIR
        571 v87 6 VIR
        572 v88 6 VIR
        573 v89 5 VIR
        574 v9 5 VIR
        575 v90 5 VIR
        576 v91 5 VIR
        577 v92 7 VIR
        578 v93 6 VIR
        579 v94 6 VIR
        580 v95 6 VIR
        581 v96 6 VIR
        582 v97 6 VIR
        583 v98 6 VIR
        584 v99 6 VIR
        585 not1 2 INV
        586 not2 3 INV
        587 not3 3 INV
        588 not4 3 INV
        589 not5 3 INV
        590 not6 3 INV
        591 not7 3 INV
        592 not8 3 INV
        593 not9 3 INV
        594 not10 3 INV
        595 not11 4 INV
        596 not12 4 INV
        597 not13 4 INV
        598 not14 3 INV
        599 not15 4 INV
        600 not16 4 INV
        601 not17 3 INV
        602 not18 4 INV
        603 not19 3 INV
        604 not20 4 INV
        605 not21 3 INV
        606 not22 4 INV
        607 not23 5 INV
        608 not24 5 INV
        609 not25 5 INV
        610 not26 5 INV
        611 not27 5 INV
        612 not28 3 INV
        613 not29 3 INV
        614 not30 3 INV
        615 not31 5 INV
        616 not32 3 INV
        617 not33 3 INV
        618 not34 5 INV
        619 not35 3 INV
        620 not36 3 INV
        621 not37 4 INV
        622 not38 6 INV
        623 not39 6 INV
        624 not40 3 INV
        625 not41 6 INV
        626 not42 5 INV
        627 not43 4 INV
        628 not44 6 INV
        629 not45 6 INV
        630 not46 7 INV
        631 not47 3 INV
        632 not48 4 INV
        633 not49 7 INV
        634 not50 7 INV
        635 not51 6 INV
        636 not52 5 INV
        637 not53 6 INV
        638 not54 6 INV
        639 not55 3 INV
        640 not56 7 INV
        641 not57 3 INV
        642 not58 7 INV
        643 not59 5 INV
        644 not60 3 INV
        645 not61 7 INV
        646 not62 8 INV
        647 not63 7 INV
        648 not64 7 INV
        649 not65 9 INV
        650 not66 7 INV
        651 not67 7 INV
        652 not68 7 INV
        653 not69 7 INV
        654 not70 7 INV
        655 not71 7 INV
        656 not72 5 INV
        657 not73 7 INV
        658 not74 7 INV
        659 not75 7 INV
        660 not76 7 INV
        661 not77 9 INV
        662 not78 5 INV
        663 not79 6 INV
        664 not80 6 INV
        665 not81 7 INV
        666 not82 5 INV
        667 not83 7 INV
        668 not84 4 INV
        669 not85 9 INV
        670 not86 7 INV
        671 not87 8 INV
        672 not88 4 INV
        673 not89 5 INV
        674 not90 3 INV
        675 not91 8 INV
        676 not92 7 INV
        677 not93 4 INV
        678 not94 7 INV
        679 not95 5 INV
        680 not96 8 INV
        681 not97 9 INV
        682 not98 10 INV
        683 not99 10 INV
        684 not100 3 INV
        685 not101 6 INV
        686 not102 5 INV
        687 not103 6 INV
        688 not104 10 INV
        689 not105 5 INV
        690 not106 9 INV
        691 not107 7 INV
        692 not108 8 INV
        693 not109 6 INV
        694 not110 8 INV
        695 not111 5 INV
        696 not112 8 INV
        697 not113 8 INV
        698 not114 9 INV
        699 not115 10 INV
        700 not116 5 INV
        701 not117 11 INV
        702 not118 12 INV
        703 not119 3 INV
        704 not120 5 INV
        705 not121 8 INV
        706 not122 10 INV
        707 not123 9 INV
        708 not124 10 INV
        709 not125 6 INV
        710 not126 11 INV
        711 not127 11 INV
        712 not128 11 INV
        713 not129 9 INV
        714 not130 7 INV
        715 not131 12 INV
        716 not132 11 INV
        717 not133 7 INV
        718 not134 8 INV
        719 not135 11 INV
        720 not136 6 INV
        721 not137 13 INV
        722 not138 14 INV
        723 not139 6 INV
        724 not140 13 INV
        725 not141 14 INV
        726 not142 15 INV
        727 not143 6 INV
        728 not144 15 INV
        729 not145 20 INV
        730 not146 12 INV
        731 not147 20 INV
        732 not148 15 INV
        733 not149 6 INV
        734 not150 22 INV
    ]
    edge:
    [
        1 544
        1 545
        1 546
        2 547
        2 548
        2 549
        3 550
        3 551
        3 553
        4 554
        4 555
        4 556
        5 557
        5 558
        5 559
        6 560
        6 561
        6 562
        7 564
        7 565
        7 566
        564 585
        585 77
        560 77
        544 412
        544 413
        544 414
        545 415
        545 416
        545 417
        546 418
        546 419
        546 420
        547 421
        547 423
        547 424
        548 425
        548 426
        548 427
        549 428
        549 429
        549 430
        550 431
        550 432
        550 434
        551 435
        551 436
        551 437
        553 439
        553 440
        553 441
        554 442
        554 443
        554 445
        555 446
        555 447
        555 448
        556 449
        556 450
        556 451
        557 452
        557 453
        557 454
        558 456
        558 457
        558 458
        559 459
        559 460
        560 461
        560 462
        561 463
        561 464
        562 465
        562 467
        564 468
        564 469
        565 470
        565 471
        566 472
        461 22
        468 22
        463 586
        586 43
        458 43
        454 50
        462 50
        456 88
        77 88
        451 116
        459 116
        457 118
        565 118
        423 125
        445 125
        454 135
        462 135
        425 147
        436 147
        457 587
        587 176
        561 176
        412 209
        421 209
        435 215
        456 215
        461 588
        588 275
        468 275
        427 311
        439 311
        457 589
        589 315
        437 315
        452 590
        590 351
        77 351
        412 591
        591 361
        421 361
        461 379
        468 379
        412 475
        431 476
        432 478
        434 479
        435 480
        436 481
        437 482
        439 483
        440 484
        441 485
        442 486
        443 487
        445 489
        446 490
        447 491
        448 492
        449 493
        450 494
        451 495
        453 20
        379 20
        453 592
        592 24
        275 24
        456 33
        22 33
        423 593
        593 44
        475 44
        478 57
        487 57
        485 117
        116 117
        495 119
        118 119
        437 124
        118 124
        481 128
        491 128
        480 136
        135 136
        423 157
        489 157
        493 169
        135 169
        414 186
        481 186
        425 594
        594 212
        491 212
        419 222
        125 222
        493 595
        595 223
        440 223
        492 596
        596 232
        426 232
        485 597
        597 248
        460 248
        441 598
        598 258
        43 258
        125 599
        599 259
        413 259
        481 600
        600 271
        463 271
        452 286
        275 286
        415 293
        147 293
        441 601
        601 304
        135 304
        311 602
        602 312
        417 312
        427 603
        603 322
        482 322
        478 604
        604 348
        487 348
        452 605
        605 350
        22 350
        475 377
        421 377
        379 606
        606 380
        453 380
        50 455
        88 488
        88 496
        88 498
        147 502
        209 504
        209 505
        209 506
        215 509
        215 510
        215 511
        351 524
        351 525
        351 526
        22 530
        361 531
        361 532
        361 533
        414 58
        57 58
        57 607
        607 69
        413 69
        119 608
        608 120
        420 120
        430 126
        119 126
        430 129
        128 129
        449 133
        530 133
        416 134
        530 134
        439 142
        530 142
        502 609
        609 148
        493 148
        464 148
        157 610
        610 158
        459 158
        464 158
        186 611
        611 188
        492 188
        470 188
        420 197
        124 197
        415 612
        612 213
        212 213
        418 214
        212 214
        429 613
        613 224
        223 224
        416 614
        614 233
        232 233
        455 615
        615 234
        484 234
        415 260
        128 260
        414 267
        157 267
        462 288
        509 288
        259 288
        222 307
        304 307
        417 323
        322 323
        416 349
        348 349
        413 616
        616 360
        348 360
        447 617
        617 362
        480 362
        532 362
        505 618
        618 384
        435 384
        490 384
        431 619
        619 386
        442 386
        504 386
        431 620
        620 396
        442 396
        531 396
        33 400
        33 411
        44 422
        44 433
        44 444
        20 497
        136 500
        20 508
        222 512
        259 515
        286 517
        286 518
        20 519
        286 520
        350 521
        350 522
        350 523
        377 534
        377 535
        377 536
        380 538
        380 539
        380 540
        24 541
        24 552
        24 563
        488 570
        496 571
        504 573
        33 574
        505 575
        506 576
        524 578
        525 579
        526 580
        531 581
        432 21
        443 21
        581 21
        489 621
        621 55
        479 55
        433 55
        58 622
        622 59
        426 59
        578 59
        497 623
        623 70
        424 70
        69 70
        424 624
        624 71
        541 71
        69 71
        424 76
        360 76
        422 625
        625 99
        476 99
        486 99
        117 626
        626 122
        120 122
        124 127
        125 127
        126 127
        460 130
        472 130
        129 130
        134 137
        136 137
        428 138
        133 138
        502 149
        148 149
        476 627
        627 154
        486 154
        422 154
        157 159
        158 159
        133 628
        628 166
        465 166
        500 629
        629 172
        417 172
        186 189
        188 189
        540 630
        630 210
        484 210
        444 210
        465 631
        631 216
        214 216
        510 216
        434 220
        446 220
        573 220
        563 225
        224 225
        495 228
        519 228
        484 632
        632 235
        571 235
        576 235
        234 633
        633 237
        233 237
        566 243
        509 243
        233 243
        136 268
        267 268
        515 634
        634 272
        470 272
        271 272
        58 635
        635 274
        488 274
        509 636
        636 289
        288 289
        467 305
        213 305
        511 305
        498 309
        307 309
        213 637
        637 316
        471 316
        315 316
        508 638
        638 324
        323 324
        480 346
        447 346
        433 346
        429 352
        349 352
        526 352
        429 639
        639 353
        349 353
        523 353
        362 640
        640 363
        533 363
        427 641
        641 367
        570 367
        581 642
        642 376
        432 376
        443 376
        575 385
        384 385
        504 643
        643 387
        386 387
        445 644
        644 389
        478 389
        573 389
        396 645
        645 397
        531 397
        535 401
        535 402
        535 403
        536 404
        536 405
        536 406
        538 407
        539 408
        540 409
        541 410
        552 438
        58 466
        574 473
        574 474
        69 477
        142 501
        213 507
        233 514
        267 516
        360 528
        360 529
        400 567
        411 568
        422 569
        497 572
        517 577
        534 582
        534 583
        534 584
        21 646
        646 23
        532 23
        517 28
        387 28
        570 647
        647 60
        426 60
        466 60
        55 648
        648 66
        433 66
        70 72
        71 72
        524 73
        397 73
        397 649
        649 97
        541 97
        569 110
        99 110
        405 650
        650 114
        460 114
        472 114
        129 131
        130 131
        428 139
        137 139
        138 139
        402 651
        651 140
        483 140
        566 140
        483 144
        567 144
        567 652
        652 150
        450 150
        402 653
        653 160
        449 160
        562 160
        154 654
        654 165
        569 165
        128 167
        166 167
        402 655
        655 170
        483 170
        465 170
        169 656
        656 173
        172 173
        584 657
        657 179
        458 179
        463 179
        401 658
        658 181
        482 181
        559 181
        404 659
        659 193
        494 193
        472 193
        404 660
        660 195
        450 195
        459 195
        210 661
        661 211
        444 211
        510 662
        662 217
        216 217
        520 226
        225 226
        575 663
        663 231
        220 231
        576 664
        664 236
        235 236
        580 665
        665 238
        237 238
        440 240
        506 240
        408 240
        510 666
        666 244
        243 244
        507 667
        667 249
        467 249
        248 249
        409 251
        514 251
        474 261
        260 261
        147 668
        668 265
        448 265
        473 265
        408 269
        268 269
        272 669
        669 273
        271 273
        267 276
        274 276
        466 670
        670 284
        518 284
        407 671
        671 290
        528 290
        407 294
        477 294
        490 672
        672 297
        436 297
        583 297
        511 673
        673 306
        305 306
        448 674
        674 313
        533 313
        572 313
        316 675
        675 317
        315 317
        434 319
        446 319
        582 319
        522 325
        324 325
        346 676
        676 347
        444 347
        352 354
        353 354
        476 677
        677 355
        486 355
        582 355
        532 378
        376 378
        583 678
        678 388
        479 388
        490 388
        505 679
        679 390
        389 390
        522 391
        387 391
        385 680
        680 394
        400 394
        397 543
        584 11
        388 11
        521 25
        390 25
        521 29
        28 29
        165 31
        538 31
        469 51
        231 51
        50 51
        60 681
        681 61
        59 61
        577 74
        73 74
        543 682
        682 90
        385 90
        378 683
        683 92
        528 92
        469 684
        684 95
        390 95
        50 95
        385 98
        97 98
        406 115
        114 115
        567 121
        66 121
        403 141
        140 141
        418 145
        144 145
        142 685
        685 151
        150 151
        403 161
        160 161
        419 168
        133 168
        167 168
        404 171
        170 171
        401 180
        179 180
        401 182
        181 182
        176 686
        686 187
        470 187
        110 187
        405 194
        193 194
        405 196
        195 196
        211 218
        217 218
        512 687
        687 227
        225 227
        226 227
        238 688
        688 239
        514 239
        236 239
        506 689
        689 241
        240 241
        249 690
        690 250
        248 250
        477 252
        251 252
        525 262
        261 262
        502 266
        265 266
        259 270
        268 270
        269 270
        124 277
        274 277
        276 277
        349 285
        284 285
        578 691
        691 291
        290 291
        473 295
        294 295
        297 692
        692 308
        584 308
        512 693
        693 310
        306 310
        309 310
        313 694
        694 314
        533 314
        222 695
        695 326
        324 326
        325 326
        319 696
        696 330
        583 330
        355 697
        697 356
        582 356
        347 357
        521 357
        165 364
        524 364
        496 392
        391 392
        518 398
        347 398
        110 499
        165 503
        231 513
        378 537
        390 542
        513 12
        398 12
        66 26
        25 26
        378 30
        28 30
        29 30
        517 34
        356 34
        513 698
        698 45
        471 45
        43 45
        503 699
        699 47
        552 47
        455 700
        700 52
        51 52
        537 701
        701 53
        577 53
        330 65
        539 65
        23 75
        73 75
        74 75
        90 702
        702 91
        540 91
        425 703
        703 93
        92 93
        455 704
        704 96
        95 96
        122 705
        705 123
        420 123
        115 123
        499 132
        121 132
        501 146
        144 146
        145 146
        151 706
        706 152
        494 152
        149 152
        139 153
        141 153
        159 162
        161 162
        173 707
        707 174
        419 174
        171 174
        180 183
        182 183
        176 198
        187 198
        196 199
        197 199
        563 219
        507 219
        218 219
        406 229
        227 229
        503 708
        708 242
        473 242
        241 245
        244 245
        563 254
        251 254
        252 254
        477 263
        261 263
        262 263
        266 278
        270 278
        508 709
        709 287
        284 287
        285 287
        291 710
        710 292
        528 292
        289 292
        293 296
        294 296
        295 296
        314 318
        317 318
        488 337
        308 337
        11 358
        357 358
        574 365
        364 365
        542 393
        391 393
        392 393
        11 399
        356 527
        525 13
        398 13
        12 13
        410 27
        25 27
        26 27
        30 32
        31 32
        110 35
        34 35
        45 711
        711 46
        43 46
        399 712
        712 48
        47 48
        542 713
        713 54
        53 54
        308 67
        65 67
        538 78
        75 78
        572 714
        714 94
        537 94
        93 94
        98 715
        715 100
        410 100
        96 100
        571 143
        121 143
        132 143
        153 716
        716 155
        146 155
        152 155
        451 163
        500 163
        162 163
        168 175
        174 175
        418 184
        411 184
        183 184
        399 190
        189 190
        123 206
        127 206
        218 221
        219 221
        228 717
        717 230
        227 230
        229 230
        580 246
        224 246
        245 246
        231 718
        718 253
        242 253
        278 719
        719 279
        273 279
        277 279
        292 298
        296 298
        526 320
        312 320
        318 320
        474 338
        337 338
        578 359
        357 359
        358 359
        363 366
        364 366
        365 366
        523 381
        527 381
        393 395
        394 395
        395 14
        13 14
        497 720
        720 36
        34 36
        35 36
        48 721
        721 49
        438 49
        46 49
        54 722
        722 56
        518 56
        52 56
        508 723
        723 68
        65 68
        67 68
        75 79
        76 79
        78 79
        94 101
        100 101
        153 156
        155 156
        162 164
        163 164
        430 177
        568 177
        175 177
        183 185
        184 185
        428 191
        142 191
        190 191
        245 247
        246 247
        253 724
        724 264
        400 264
        198 264
        278 280
        279 280
        529 299
        438 299
        298 299
        318 321
        320 321
        221 334
        230 334
        330 339
        337 339
        338 339
        529 368
        366 368
        66 382
        381 382
        411 15
        543 15
        14 15
        32 37
        36 37
        56 62
        61 62
        72 80
        79 80
        363 102
        552 102
        101 102
        175 178
        177 178
        190 192
        191 192
        156 203
        164 203
        239 255
        247 255
        263 281
        280 281
        298 300
        299 300
        321 327
        326 327
        264 340
        339 340
        366 369
        367 369
        368 369
        409 383
        381 383
        382 383
        14 16
        15 16
        11 38
        539 38
        37 38
        330 63
        579 63
        62 63
        522 81
        23 81
        80 81
        101 103
        102 103
        185 200
        192 200
        255 725
        725 256
        250 256
        254 256
        258 282
        515 282
        281 282
        287 301
        300 301
        501 328
        516 328
        327 328
        499 341
        520 341
        340 341
        359 370
        369 370
        383 17
        16 17
        37 39
        38 39
        62 64
        63 64
        80 82
        81 82
        91 104
        103 104
        200 726
        726 201
        194 201
        199 201
        255 257
        256 257
        281 283
        282 283
        568 302
        516 302
        301 302
        327 329
        328 329
        340 342
        341 342
        496 371
        356 371
        370 371
        498 18
        537 18
        17 18
        27 40
        39 40
        68 83
        82 83
        519 727
        727 105
        527 105
        104 105
        200 202
        201 202
        301 303
        302 303
        143 343
        342 343
        370 372
        371 372
        17 19
        18 19
        520 41
        308 41
        40 41
        579 84
        363 84
        83 84
        104 106
        105 106
        203 728
        728 204
        178 204
        202 204
        283 331
        303 331
        399 344
        568 344
        343 344
        354 373
        372 373
        40 42
        41 42
        83 85
        84 85
        203 205
        204 205
        331 729
        729 332
        310 332
        329 332
        343 345
        344 345
        498 374
        347 374
        373 374
        42 86
        49 86
        206 730
        730 207
        131 207
        205 207
        331 333
        332 333
        373 375
        374 375
        86 731
        731 87
        64 87
        85 87
        345 111
        375 111
        206 208
        207 208
        334 732
        732 335
        257 335
        333 335
        86 89
        87 89
        334 336
        335 336
        89 107
        106 107
        519 733
        733 108
        23 108
        107 108
        107 109
        108 109
        111 734
        734 112
        19 112
        109 112
        111 113
        112 113
        113 8
        208 9
        336 10
    ]
]
