circuit_name:routernew_processed
[
    node:
    [
        1 x0 0 PI
        2 x1 0 PI
        3 x2 0 PI
        4 x3 0 PI
        5 x4 0 PI
        6 x5 0 PI
        7 x6 0 PI
        8 x7 0 PI
        9 x8 0 PI
        10 x9 0 PI
        11 x10 0 PI
        12 x11 0 PI
        13 x12 0 PI
        14 x13 0 PI
        15 x14 0 PI
        16 x15 0 PI
        17 x16 0 PI
        18 x17 0 PI
        19 x18 0 PI
        20 x19 0 PI
        21 x20 0 PI
        22 x21 0 PI
        23 x22 0 PI
        24 x23 0 PI
        25 x24 0 PI
        26 x25 0 PI
        27 x26 0 PI
        28 x27 0 PI
        29 x28 0 PI
        30 x29 0 PI
        31 x30 0 PI
        32 x31 0 PI
        33 x32 0 PI
        34 x33 0 PI
        35 x34 0 PI
        36 x35 0 PI
        37 x36 0 PI
        38 x37 0 PI
        39 x38 0 PI
        40 x39 0 PI
        41 x40 0 PI
        42 x41 0 PI
        43 x42 0 PI
        44 x43 0 PI
        45 x44 0 PI
        46 x45 0 PI
        47 x46 0 PI
        48 x47 0 PI
        49 x48 0 PI
        50 x49 0 PI
        51 x50 0 PI
        52 x51 0 PI
        53 x52 0 PI
        54 x53 0 PI
        55 x54 0 PI
        56 x55 0 PI
        57 x56 0 PI
        58 x57 0 PI
        59 x58 0 PI
        60 x59 0 PI
        61 y0 55 PO
        62 y1 60 PO
        63 y2 55 PO
        64 n100 27 MAJ
        65 n101 28 MAJ
        66 n102 14 MAJ
        67 n103 29 AND
        68 n104 11 MAJ
        69 n105 12 AND
        70 n106 30 MAJ
        71 n107 31 MAJ
        72 n108 9 MAJ
        73 n109 10 AND
        74 n110 32 MAJ
        75 n111 33 MAJ
        76 n112 35 MAJ
        77 n113 7 MAJ
        78 n114 37 AND
        79 n115 7 AND
        80 n116 38 MAJ
        81 n117 39 MAJ
        82 n118 4 AND
        83 n119 6 AND
        84 n120 40 MAJ
        85 n121 41 AND
        86 n122 3 MAJ
        87 n123 4 AND
        88 n124 42 MAJ
        89 n125 43 MAJ
        90 n126 1 AND
        91 n127 44 MAJ
        92 n128 45 AND
        93 n129 1 AND
        94 n130 46 MAJ
        95 n131 47 AND
        96 n132 48 AND
        97 n133 49 AND
        98 n134 50 AND
        99 n135 2 AND
        100 n136 51 OR
        101 n137 52 MAJ
        102 n138 8 AND
        103 n139 9 OR
        104 n140 1 OR
        105 n141 3 MAJ
        106 n142 4 OR
        107 n143 1 OR
        108 n144 5 MAJ
        109 n145 6 OR
        110 n146 8 MAJ
        111 n147 2 MAJ
        112 n148 9 AND
        113 n149 3 MAJ
        114 n150 4 AND
        115 n151 10 MAJ
        116 n152 11 MAJ
        117 n153 13 MAJ
        118 n154 7 MAJ
        119 n155 15 AND
        120 n156 8 MAJ
        121 n157 9 AND
        122 n158 16 MAJ
        123 n159 17 MAJ
        124 n160 10 MAJ
        125 n161 11 AND
        126 n162 18 MAJ
        127 n163 19 MAJ
        128 n164 12 MAJ
        129 n165 13 OR
        130 n166 20 MAJ
        131 n167 21 MAJ
        132 n168 23 MAJ
        133 n169 25 AND
        134 n170 16 AND
        135 n171 26 MAJ
        136 n172 27 MAJ
        137 n173 15 MAJ
        138 n174 16 OR
        139 n175 28 MAJ
        140 n176 29 MAJ
        141 n177 17 AND
        142 n178 19 AND
        143 n179 30 MAJ
        144 n180 31 AND
        145 n181 19 AND
        146 n182 32 MAJ
        147 n183 33 MAJ
        148 n184 18 MAJ
        149 n185 19 OR
        150 n186 34 MAJ
        151 n187 35 MAJ
        152 n188 36 AND
        153 n189 37 MAJ
        154 n190 39 AND
        155 n191 53 AND
        156 n192 2 AND
        157 n193 3 AND
        158 n194 5 MAJ
        159 n195 6 OR
        160 n196 7 AND
        161 n197 8 AND
        162 n198 9 AND
        163 n199 10 MAJ
        164 n200 11 OR
        165 n201 12 AND
        166 n202 1 OR
        167 n203 13 MAJ
        168 n204 14 OR
        169 n205 15 AND
        170 n206 2 AND
        171 n207 16 OR
        172 n208 17 MAJ
        173 n209 18 AND
        174 n210 19 AND
        175 n211 20 AND
        176 n212 2 OR
        177 n213 2 AND
        178 n214 7 MAJ
        179 n215 8 AND
        180 n216 13 AND
        181 n217 14 OR
        182 n218 16 AND
        183 n219 17 AND
        184 n220 19 AND
        185 n221 21 AND
        186 n222 23 MAJ
        187 n223 3 AND
        188 n224 24 MAJ
        189 n225 25 AND
        190 n226 18 MAJ
        191 n227 19 AND
        192 n228 26 MAJ
        193 n229 27 MAJ
        194 n230 28 MAJ
        195 n231 17 MAJ
        196 n232 29 AND
        197 n233 15 MAJ
        198 n234 17 AND
        199 n235 30 MAJ
        200 n236 31 MAJ
        201 n237 32 MAJ
        202 n238 14 MAJ
        203 n239 33 AND
        204 n240 11 MAJ
        205 n241 12 AND
        206 n242 34 MAJ
        207 n243 35 MAJ
        208 n244 9 MAJ
        209 n245 10 AND
        210 n246 36 MAJ
        211 n247 37 MAJ
        212 n248 10 AND
        213 n249 38 MAJ
        214 n250 39 MAJ
        215 n251 7 MAJ
        216 n252 8 AND
        217 n253 40 MAJ
        218 n254 41 MAJ
        219 n255 4 AND
        220 n256 6 AND
        221 n257 42 MAJ
        222 n258 43 AND
        223 n259 3 MAJ
        224 n260 4 AND
        225 n261 44 MAJ
        226 n262 45 MAJ
        227 n263 1 AND
        228 n264 46 MAJ
        229 n265 47 AND
        230 n266 1 AND
        231 n267 48 MAJ
        232 n268 49 AND
        233 n269 50 AND
        234 n270 8 AND
        235 n271 9 OR
        236 n272 1 OR
        237 n273 3 MAJ
        238 n274 4 OR
        239 n275 1 OR
        240 n276 5 MAJ
        241 n277 6 OR
        242 n278 8 MAJ
        243 n279 2 MAJ
        244 n280 9 AND
        245 n281 3 MAJ
        246 n282 4 AND
        247 n283 10 MAJ
        248 n284 11 MAJ
        249 n285 13 MAJ
        250 n286 7 MAJ
        251 n287 15 AND
        252 n288 9 MAJ
        253 n289 10 AND
        254 n290 16 MAJ
        255 n291 17 MAJ
        256 n292 10 MAJ
        257 n293 11 AND
        258 n294 18 MAJ
        259 n295 19 MAJ
        260 n296 12 MAJ
        261 n297 13 OR
        262 n298 20 MAJ
        263 n299 21 MAJ
        264 n300 23 MAJ
        265 n301 25 AND
        266 n302 16 AND
        267 n303 26 MAJ
        268 n304 27 MAJ
        269 n305 15 MAJ
        270 n306 16 OR
        271 n307 28 MAJ
        272 n308 29 MAJ
        273 n309 17 AND
        274 n310 19 AND
        275 n311 30 MAJ
        276 n312 31 AND
        277 n313 19 AND
        278 n314 32 MAJ
        279 n315 33 MAJ
        280 n316 18 MAJ
        281 n317 19 OR
        282 n318 34 MAJ
        283 n319 35 MAJ
        284 n320 36 AND
        285 n321 38 AND
        286 n322 51 AND
        287 n323 52 OR
        288 n324 21 AND
        289 n325 22 AND
        290 n326 53 MAJ
        291 n327 54 AND
        292 n328 55 AND
        293 n329 56 AND
        294 n330 58 MAJ
        295 n331 2 AND
        296 n332 39 OR
        297 n333 40 MAJ
        298 n334 54 AND
        299 n61 2 AND
        300 n62 3 AND
        301 n63 5 MAJ
        302 n64 6 OR
        303 n65 7 AND
        304 n66 8 AND
        305 n67 9 AND
        306 n68 10 MAJ
        307 n69 11 OR
        308 n70 12 AND
        309 n71 1 OR
        310 n72 13 MAJ
        311 n73 14 OR
        312 n74 15 AND
        313 n75 2 AND
        314 n76 16 OR
        315 n77 17 MAJ
        316 n78 18 AND
        317 n79 2 OR
        318 n80 1 AND
        319 n81 7 MAJ
        320 n82 8 AND
        321 n83 13 AND
        322 n84 14 OR
        323 n85 16 AND
        324 n86 17 AND
        325 n87 19 MAJ
        326 n88 19 MAJ
        327 n89 21 AND
        328 n90 18 MAJ
        329 n91 19 AND
        330 n92 22 MAJ
        331 n93 23 MAJ
        332 n94 24 MAJ
        333 n95 17 MAJ
        334 n96 25 AND
        335 n97 15 MAJ
        336 n98 17 AND
        337 n99 26 MAJ
        338 v1 6 VIR
        339 v10 6 VIR
        340 v11 6 VIR
        341 v12 13 VIR
        342 v13 16 VIR
        343 v14 19 VIR
        344 v15 3 VIR
        345 v16 15 VIR
        346 v17 15 VIR
        347 v18 1 VIR
        348 v19 1 VIR
        349 v2 6 VIR
        350 v20 1 VIR
        351 v21 1 VIR
        352 v22 1 VIR
        353 v23 1 VIR
        354 v24 1 VIR
        355 v25 1 VIR
        356 v26 1 VIR
        357 v27 1 VIR
        358 v28 1 VIR
        359 v29 1 VIR
        360 v3 8 VIR
        361 v30 1 VIR
        362 v31 1 VIR
        363 v32 1 VIR
        364 v33 1 VIR
        365 v34 1 VIR
        366 v35 1 VIR
        367 v36 1 VIR
        368 v37 1 VIR
        369 v38 1 VIR
        370 v39 1 VIR
        371 v4 13 VIR
        372 v40 1 VIR
        373 v41 1 VIR
        374 v42 1 VIR
        375 v43 1 VIR
        376 v44 1 VIR
        377 v45 1 VIR
        378 v46 1 VIR
        379 v47 1 VIR
        380 v48 1 VIR
        381 v49 1 VIR
        382 v5 16 VIR
        383 v50 1 VIR
        384 v51 1 VIR
        385 v52 1 VIR
        386 v53 1 VIR
        387 v54 1 VIR
        388 v55 1 VIR
        389 v56 1 VIR
        390 v57 1 VIR
        391 v58 1 VIR
        392 v59 1 VIR
        393 v6 21 VIR
        394 v60 1 VIR
        395 v61 1 VIR
        396 v62 1 VIR
        397 v63 1 VIR
        398 v64 1 VIR
        399 v65 1 VIR
        400 v66 1 VIR
        401 v67 1 VIR
        402 v68 1 VIR
        403 v69 1 VIR
        404 v7 3 VIR
        405 v70 1 VIR
        406 v8 15 VIR
        407 v9 15 VIR
        408 not1 1 INV
        409 not2 1 INV
        410 not3 2 INV
        411 not4 2 INV
        412 not5 1 INV
        413 not6 2 INV
        414 not7 2 INV
        415 not8 2 INV
        416 not9 1 INV
        417 not10 2 INV
        418 not11 2 INV
        419 not12 4 INV
        420 not13 2 INV
        421 not14 2 INV
        422 not15 4 INV
        423 not16 2 INV
        424 not17 3 INV
        425 not18 2 INV
        426 not19 3 INV
        427 not20 5 INV
        428 not21 2 INV
        429 not22 5 INV
        430 not23 7 INV
        431 not24 1 INV
        432 not25 7 INV
        433 not26 7 INV
        434 not27 1 INV
        435 not28 3 INV
        436 not29 2 INV
        437 not30 9 INV
        438 not31 3 INV
        439 not32 2 INV
        440 not33 2 INV
        441 not34 2 INV
        442 not35 2 INV
        443 not36 1 INV
        444 not37 4 INV
        445 not38 10 INV
        446 not39 4 INV
        447 not40 10 INV
        448 not41 2 INV
        449 not42 12 INV
        450 not43 2 INV
        451 not44 2 INV
        452 not45 12 INV
        453 not46 2 INV
        454 not47 14 INV
        455 not48 14 INV
        456 not49 9 INV
        457 not50 2 INV
        458 not51 1 INV
        459 not52 10 INV
        460 not53 2 INV
        461 not54 1 INV
        462 not55 2 INV
        463 not56 16 INV
        464 not57 2 INV
        465 not58 16 INV
        466 not59 11 INV
        467 not60 2 INV
        468 not61 11 INV
        469 not62 2 INV
        470 not63 13 INV
        471 not64 18 INV
        472 not65 18 INV
        473 not66 2 INV
        474 not67 13 INV
        475 not68 18 INV
        476 not69 18 INV
        477 not70 2 INV
        478 not71 14 INV
        479 not72 1 INV
        480 not73 2 INV
        481 not74 14 INV
        482 not75 1 INV
        483 not76 2 INV
        484 not77 2 INV
        485 not78 22 INV
        486 not79 20 INV
        487 not80 22 INV
        488 not81 20 INV
        489 not82 24 INV
        490 not83 22 INV
        491 not84 24 INV
        492 not85 1 INV
        493 not86 16 INV
        494 not87 4 INV
        495 not88 16 INV
        496 not89 1 INV
        497 not90 19 INV
        498 not91 16 INV
        499 not92 16 INV
        500 not93 18 INV
        501 not94 17 INV
        502 not95 19 INV
        503 not96 17 INV
        504 not97 16 INV
        505 not98 18 INV
        506 not99 18 INV
        507 not100 20 INV
        508 not101 18 INV
        509 not102 20 INV
        510 not103 15 INV
        511 not104 2 INV
        512 not105 16 INV
        513 not106 2 INV
        514 not107 12 INV
        515 not108 19 INV
        516 not109 19 INV
        517 not110 20 INV
        518 not111 15 INV
        519 not112 20 INV
        520 not113 10 INV
        521 not114 34 INV
        522 not115 20 INV
        523 not116 12 INV
        524 not117 37 INV
        525 not118 36 INV
        526 not119 38 INV
        527 not120 7 INV
        528 not121 10 INV
        529 not122 2 INV
        530 not123 5 INV
        531 not124 2 INV
        532 not125 7 INV
        533 not126 8 INV
        534 not127 4 INV
        535 not128 5 INV
        536 not129 2 INV
        537 not130 7 INV
        538 not131 2 INV
        539 not132 4 INV
        540 not133 2 INV
        541 not134 2 INV
        542 not135 40 INV
        543 not136 23 INV
        544 not137 22 INV
        545 not138 57 INV
        546 not139 54 INV
        547 not140 59 INV
    ]
    edge:
    [
        7 90
        8 90
        4 93
        5 93
        2 104
        3 104
        6 107
        7 107
        41 408
        408 156
        42 156
        52 166
        53 166
        37 227
        38 227
        34 230
        35 230
        32 236
        33 236
        36 239
        37 239
        11 409
        409 299
        12 299
        22 309
        23 309
        15 318
        16 318
        1 347
        11 348
        11 350
        12 351
        13 352
        14 353
        14 354
        15 355
        16 356
        17 357
        17 358
        18 359
        20 361
        21 362
        21 363
        22 364
        23 365
        25 366
        25 367
        25 368
        26 369
        27 370
        28 372
        29 373
        29 374
        40 375
        40 376
        41 377
        41 378
        42 379
        43 380
        44 381
        45 383
        46 384
        46 385
        47 386
        47 387
        48 388
        50 389
        51 390
        51 391
        52 392
        53 394
        55 395
        55 396
        55 397
        56 398
        57 399
        58 400
        59 401
        59 402
        10 403
        10 405
        405 410
        410 86
        350 86
        351 86
        374 99
        30 99
        104 411
        411 105
        4 105
        5 105
        9 111
        405 111
        348 111
        40 412
        412 157
        156 157
        395 170
        56 170
        375 176
        377 176
        383 177
        384 177
        375 413
        413 187
        31 187
        376 414
        414 223
        378 223
        379 223
        236 415
        415 237
        34 237
        35 237
        39 243
        376 243
        377 243
        347 295
        31 295
        10 416
        416 300
        299 300
        366 313
        26 313
        403 317
        348 317
        350 417
        417 87
        86 87
        104 106
        105 106
        351 418
        418 113
        13 113
        317 113
        157 419
        419 158
        42 158
        43 158
        378 420
        420 224
        223 224
        236 238
        237 238
        379 421
        421 245
        43 245
        176 245
        300 422
        422 301
        12 301
        13 301
        317 344
        176 404
        351 82
        344 82
        107 423
        423 108
        8 108
        106 108
        317 424
        424 114
        113 114
        44 159
        158 159
        379 219
        404 219
        239 425
        425 240
        38 240
        238 240
        176 426
        426 246
        245 246
        14 302
        301 302
        158 338
        301 339
        301 340
        158 349
        355 77
        356 77
        302 77
        354 79
        340 79
        82 427
        427 83
        352 83
        107 109
        108 109
        353 118
        355 118
        339 118
        45 160
        159 160
        381 178
        338 178
        177 178
        381 428
        428 215
        383 215
        349 215
        219 429
        429 220
        380 220
        239 241
        240 241
        381 250
        45 250
        338 250
        15 303
        302 303
        353 319
        339 319
        318 319
        356 102
        303 102
        109 430
        430 110
        403 110
        348 110
        356 120
        357 120
        303 120
        47 431
        431 161
        160 161
        177 179
        178 179
        349 432
        432 216
        215 216
        384 234
        160 234
        241 433
        433 242
        375 242
        377 242
        17 434
        434 304
        303 304
        318 320
        319 320
        160 360
        357 72
        18 72
        320 72
        358 103
        102 103
        111 435
        435 112
        110 112
        358 436
        436 121
        120 121
        46 162
        161 162
        387 208
        388 208
        179 208
        360 437
        437 212
        385 212
        386 235
        234 235
        243 438
        438 244
        242 244
        384 252
        386 252
        360 252
        16 305
        304 305
        359 439
        439 73
        72 73
        344 115
        112 115
        113 115
        359 440
        440 124
        19 124
        103 124
        386 163
        48 163
        162 163
        388 441
        441 209
        208 209
        404 247
        244 247
        245 247
        387 442
        442 253
        252 253
        48 443
        443 256
        49 256
        235 256
        357 306
        18 306
        305 306
        19 68
        20 68
        306 68
        113 444
        444 116
        114 116
        115 116
        103 445
        445 125
        124 125
        49 164
        163 164
        49 204
        50 204
        163 204
        245 446
        446 248
        246 248
        247 248
        235 447
        447 257
        256 257
        19 307
        306 307
        361 448
        448 69
        68 69
        116 449
        449 117
        353 117
        339 117
        363 450
        450 128
        361 128
        307 128
        50 165
        164 165
        389 451
        451 205
        204 205
        248 452
        452 249
        44 249
        338 249
        391 453
        453 260
        389 260
        164 260
        20 308
        307 308
        117 454
        454 119
        118 119
        363 129
        128 129
        51 167
        165 167
        166 167
        390 180
        165 180
        249 455
        455 251
        250 251
        391 261
        260 261
        21 310
        308 310
        309 310
        362 321
        308 321
        308 341
        165 371
        362 66
        364 66
        341 66
        358 122
        119 122
        120 122
        166 168
        167 168
        52 181
        180 181
        390 202
        392 202
        371 202
        387 254
        251 254
        252 254
        309 311
        310 311
        22 322
        321 322
        120 456
        456 123
        121 123
        122 123
        367 457
        457 137
        24 137
        311 137
        54 169
        168 169
        53 458
        458 197
        54 197
        181 197
        252 459
        459 255
        253 255
        254 255
        396 460
        460 269
        54 269
        168 269
        24 312
        311 312
        23 461
        461 335
        24 335
        322 335
        322 345
        322 346
        181 406
        181 407
        103 126
        123 126
        124 126
        365 462
        462 134
        345 134
        367 138
        137 138
        57 171
        169 171
        56 182
        169 182
        406 463
        463 198
        197 198
        235 258
        255 258
        256 258
        394 464
        464 266
        406 266
        396 270
        269 270
        27 314
        312 314
        26 323
        312 323
        345 465
        465 336
        335 336
        312 342
        169 382
        124 466
        466 127
        125 127
        126 127
        368 141
        342 141
        57 172
        170 172
        171 172
        395 183
        182 183
        398 467
        467 195
        396 195
        382 195
        256 468
        468 259
        257 259
        258 259
        397 273
        382 273
        27 315
        313 315
        314 315
        366 324
        323 324
        369 469
        469 333
        367 333
        342 333
        128 470
        470 130
        363 130
        127 130
        141 471
        471 142
        369 142
        324 472
        472 145
        370 145
        373 473
        473 148
        372 148
        315 148
        58 173
        172 173
        399 190
        58 190
        183 190
        260 474
        474 262
        391 262
        259 262
        273 475
        475 274
        398 274
        183 476
        476 277
        399 277
        401 477
        477 280
        400 280
        172 280
        28 316
        315 316
        370 328
        28 328
        324 328
        129 478
        478 131
        128 131
        130 131
        373 149
        148 149
        60 174
        173 174
        59 479
        479 184
        173 184
        400 480
        480 191
        190 191
        261 481
        481 263
        260 263
        262 263
        401 281
        280 281
        30 482
        482 325
        29 325
        316 325
        403 483
        483 326
        373 326
        316 326
        372 484
        484 329
        328 329
        316 343
        131 485
        485 132
        364 132
        321 132
        402 175
        174 175
        184 486
        486 185
        173 185
        263 487
        487 264
        392 264
        180 264
        325 488
        488 327
        326 327
        132 489
        489 133
        346 133
        185 490
        490 186
        401 186
        184 186
        264 491
        491 265
        407 265
        31 492
        492 288
        175 288
        372 330
        327 330
        328 330
        175 393
        346 493
        493 135
        133 135
        134 135
        187 494
        494 188
        60 188
        186 188
        407 495
        495 267
        265 267
        266 267
        1 496
        496 289
        288 289
        328 497
        497 331
        329 331
        330 331
        365 136
        134 136
        135 136
        187 189
        188 189
        394 268
        266 268
        267 268
        366 332
        342 332
        331 332
        137 498
        498 139
        368 139
        136 139
        400 192
        189 192
        190 192
        269 499
        499 271
        397 271
        268 271
        333 500
        500 334
        332 334
        138 501
        501 140
        137 140
        139 140
        190 502
        502 193
        191 193
        192 193
        270 503
        503 272
        269 272
        271 272
        345 337
        334 337
        335 337
        335 504
        504 64
        336 64
        337 64
        141 505
        505 143
        369 143
        140 143
        395 194
        382 194
        193 194
        273 506
        506 275
        398 275
        272 275
        362 65
        341 65
        64 65
        142 507
        507 144
        143 144
        195 508
        508 196
        194 196
        274 509
        509 276
        275 276
        66 510
        510 67
        65 67
        324 146
        144 146
        145 146
        406 199
        196 199
        197 199
        183 278
        276 278
        277 278
        361 70
        67 70
        68 70
        370 511
        511 147
        145 147
        146 147
        197 512
        512 200
        198 200
        199 200
        399 513
        513 279
        277 279
        278 279
        68 514
        514 71
        69 71
        70 71
        148 515
        515 150
        374 150
        147 150
        390 201
        371 201
        200 201
        280 516
        516 282
        402 282
        279 282
        359 74
        71 74
        72 74
        149 517
        517 151
        148 151
        150 151
        202 518
        518 203
        201 203
        281 519
        519 283
        280 283
        282 283
        72 520
        520 75
        73 75
        74 75
        405 152
        151 152
        389 206
        203 206
        204 206
        376 284
        283 284
        75 521
        521 76
        355 76
        302 76
        343 522
        522 153
        99 153
        152 153
        204 523
        523 207
        205 207
        206 207
        284 524
        524 285
        175 285
        76 525
        525 78
        77 78
        153 526
        526 154
        99 154
        388 210
        207 210
        208 210
        393 296
        285 296
        340 527
        527 80
        78 80
        79 80
        208 528
        528 211
        209 211
        210 211
        285 297
        295 297
        296 297
        354 529
        529 81
        79 81
        80 81
        360 213
        211 213
        212 213
        82 530
        530 84
        352 84
        81 84
        385 531
        531 214
        212 214
        213 214
        83 532
        532 85
        84 85
        349 217
        214 217
        215 217
        350 88
        85 88
        86 88
        215 533
        533 218
        216 218
        217 218
        86 534
        534 89
        87 89
        88 89
        219 535
        535 221
        380 221
        218 221
        90 536
        536 91
        9 91
        89 91
        220 537
        537 222
        221 222
        90 92
        91 92
        378 225
        222 225
        223 225
        93 538
        538 94
        6 94
        92 94
        223 539
        539 226
        224 226
        225 226
        93 95
        94 95
        227 540
        540 228
        39 228
        226 228
        3 96
        95 96
        227 229
        228 229
        2 97
        96 97
        230 541
        541 231
        36 231
        229 231
        1 98
        97 98
        230 232
        231 232
        343 100
        98 100
        33 233
        232 233
        98 101
        99 101
        100 101
        32 286
        233 286
        154 542
        542 155
        101 155
        285 287
        286 287
        289 543
        543 290
        393 290
        287 290
        155 298
        297 298
        101 291
        290 291
        393 544
        544 292
        291 292
        347 293
        292 293
        293 545
        545 294
        154 294
        291 294
        155 546
        546 61
        294 547
        547 62
        298 63
    ]
]
