circuit_name:sao2new_processed
[
    node:
    [
        1 x0 0 PI
        2 x1 0 PI
        3 x2 0 PI
        4 x3 0 PI
        5 x4 0 PI
        6 x5 0 PI
        7 x6 0 PI
        8 x7 0 PI
        9 x8 0 PI
        10 x9 0 PI
        11 y0 22 PO
        12 y1 18 PO
        13 y2 20 PO
        14 y3 18 PO
        15 n100 9 AND
        16 n101 9 AND
        17 n102 10 OR
        18 n103 11 MAJ
        19 n104 14 OR
        20 n105 16 MAJ
        21 n106 17 OR
        22 n107 18 OR
        23 n108 20 MAJ
        24 n109 21 OR
        25 n11 3 OR
        26 n110 3 OR
        27 n111 5 MAJ
        28 n112 6 AND
        29 n113 3 OR
        30 n114 3 OR
        31 n115 6 MAJ
        32 n116 7 AND
        33 n117 3 OR
        34 n118 3 AND
        35 n119 5 AND
        36 n12 5 AND
        37 n120 9 AND
        38 n121 11 MAJ
        39 n122 3 AND
        40 n123 3 OR
        41 n124 5 MAJ
        42 n125 6 AND
        43 n126 3 OR
        44 n127 3 OR
        45 n128 6 MAJ
        46 n129 7 AND
        47 n13 3 OR
        48 n130 2 OR
        49 n131 5 MAJ
        50 n132 6 AND
        51 n133 8 OR
        52 n134 9 OR
        53 n135 5 MAJ
        54 n136 6 AND
        55 n137 3 AND
        56 n138 5 MAJ
        57 n139 7 AND
        58 n14 6 MAJ
        59 n140 3 OR
        60 n141 6 MAJ
        61 n142 7 AND
        62 n143 10 OR
        63 n144 12 MAJ
        64 n145 13 OR
        65 n146 5 MAJ
        66 n147 7 AND
        67 n148 4 MAJ
        68 n149 6 AND
        69 n15 7 AND
        70 n150 5 MAJ
        71 n151 6 AND
        72 n152 7 OR
        73 n153 8 OR
        74 n154 5 MAJ
        75 n155 6 AND
        76 n156 6 MAJ
        77 n157 7 AND
        78 n158 8 OR
        79 n159 9 MAJ
        80 n16 2 OR
        81 n160 10 OR
        82 n161 3 OR
        83 n162 6 MAJ
        84 n163 7 AND
        85 n164 6 MAJ
        86 n165 7 AND
        87 n166 8 OR
        88 n167 10 MAJ
        89 n168 11 AND
        90 n169 4 AND
        91 n17 3 OR
        92 n170 5 MAJ
        93 n171 7 AND
        94 n172 4 AND
        95 n173 5 MAJ
        96 n174 7 AND
        97 n175 5 MAJ
        98 n176 6 AND
        99 n177 6 MAJ
        100 n178 8 AND
        101 n179 8 OR
        102 n18 3 AND
        103 n180 10 MAJ
        104 n181 11 OR
        105 n182 11 OR
        106 n183 13 MAJ
        107 n184 14 AND
        108 n185 12 OR
        109 n186 15 MAJ
        110 n187 16 AND
        111 n188 3 OR
        112 n189 2 OR
        113 n19 4 AND
        114 n190 3 OR
        115 n191 6 AND
        116 n192 4 OR
        117 n193 7 MAJ
        118 n194 8 AND
        119 n195 3 AND
        120 n196 5 MAJ
        121 n197 7 AND
        122 n198 2 AND
        123 n199 8 MAJ
        124 n20 3 OR
        125 n200 9 AND
        126 n201 4 AND
        127 n202 4 AND
        128 n203 6 MAJ
        129 n204 7 AND
        130 n205 6 AND
        131 n206 8 MAJ
        132 n207 9 AND
        133 n208 5 AND
        134 n209 10 OR
        135 n21 6 MAJ
        136 n210 11 MAJ
        137 n211 7 MAJ
        138 n212 8 AND
        139 n213 4 OR
        140 n214 6 MAJ
        141 n215 7 AND
        142 n216 6 AND
        143 n217 8 OR
        144 n218 9 MAJ
        145 n219 6 MAJ
        146 n22 7 AND
        147 n220 7 OR
        148 n221 8 MAJ
        149 n222 10 AND
        150 n223 6 MAJ
        151 n224 7 AND
        152 n225 4 AND
        153 n226 6 MAJ
        154 n227 7 AND
        155 n228 9 MAJ
        156 n229 11 AND
        157 n23 4 AND
        158 n230 12 OR
        159 n231 13 MAJ
        160 n232 14 OR
        161 n233 15 OR
        162 n234 16 MAJ
        163 n235 17 OR
        164 n236 10 OR
        165 n237 18 MAJ
        166 n238 19 OR
        167 n239 5 MAJ
        168 n24 3 AND
        169 n240 7 AND
        170 n241 7 OR
        171 n242 8 OR
        172 n243 8 OR
        173 n244 10 MAJ
        174 n245 11 OR
        175 n246 8 OR
        176 n247 12 MAJ
        177 n248 13 OR
        178 n249 4 AND
        179 n25 6 AND
        180 n250 4 MAJ
        181 n251 6 AND
        182 n252 4 AND
        183 n253 5 MAJ
        184 n254 7 AND
        185 n255 8 OR
        186 n256 9 MAJ
        187 n257 10 OR
        188 n258 6 MAJ
        189 n259 8 AND
        190 n26 8 MAJ
        191 n260 9 OR
        192 n261 10 MAJ
        193 n262 11 OR
        194 n263 12 MAJ
        195 n264 13 OR
        196 n265 14 MAJ
        197 n266 15 OR
        198 n267 8 AND
        199 n268 9 AND
        200 n269 5 OR
        201 n27 9 AND
        202 n270 8 OR
        203 n271 9 MAJ
        204 n272 8 OR
        205 n273 10 MAJ
        206 n274 11 OR
        207 n275 10 OR
        208 n276 12 MAJ
        209 n277 13 OR
        210 n278 16 OR
        211 n279 17 OR
        212 n28 10 OR
        213 n29 12 AND
        214 n30 13 MAJ
        215 n31 8 AND
        216 n32 15 AND
        217 n33 17 MAJ
        218 n34 4 AND
        219 n35 6 MAJ
        220 n36 8 AND
        221 n37 3 OR
        222 n38 9 MAJ
        223 n39 10 AND
        224 n40 3 AND
        225 n41 4 AND
        226 n42 4 AND
        227 n43 5 AND
        228 n44 3 AND
        229 n45 6 MAJ
        230 n46 7 AND
        231 n47 12 AND
        232 n48 13 AND
        233 n49 14 MAJ
        234 n50 5 AND
        235 n51 15 OR
        236 n52 16 MAJ
        237 n53 4 AND
        238 n54 7 MAJ
        239 n55 8 AND
        240 n56 3 AND
        241 n57 4 AND
        242 n58 6 MAJ
        243 n59 7 AND
        244 n60 8 AND
        245 n61 9 MAJ
        246 n62 10 AND
        247 n63 5 AND
        248 n64 11 OR
        249 n65 12 MAJ
        250 n66 6 MAJ
        251 n67 7 AND
        252 n68 3 AND
        253 n69 9 MAJ
        254 n70 11 AND
        255 n71 8 MAJ
        256 n72 9 AND
        257 n73 12 AND
        258 n74 13 OR
        259 n75 3 AND
        260 n76 4 AND
        261 n77 7 MAJ
        262 n78 8 AND
        263 n79 6 MAJ
        264 n80 7 AND
        265 n81 5 AND
        266 n82 9 MAJ
        267 n83 10 AND
        268 n84 8 AND
        269 n85 11 OR
        270 n86 12 MAJ
        271 n87 7 MAJ
        272 n88 9 AND
        273 n89 6 AND
        274 n90 8 MAJ
        275 n91 9 AND
        276 n92 10 OR
        277 n93 11 MAJ
        278 n94 12 OR
        279 n95 13 MAJ
        280 n96 4 AND
        281 n97 5 AND
        282 n98 6 AND
        283 n99 8 MAJ
        284 v1 4 VIR
        285 v10 4 VIR
        286 v100 2 VIR
        287 v101 2 VIR
        288 v102 2 VIR
        289 v103 2 VIR
        290 v104 2 VIR
        291 v105 2 VIR
        292 v106 2 VIR
        293 v107 5 VIR
        294 v11 4 VIR
        295 v12 4 VIR
        296 v13 4 VIR
        297 v14 4 VIR
        298 v15 4 VIR
        299 v16 4 VIR
        300 v17 4 VIR
        301 v18 4 VIR
        302 v19 4 VIR
        303 v2 4 VIR
        304 v20 3 VIR
        305 v21 4 VIR
        306 v22 4 VIR
        307 v23 5 VIR
        308 v24 5 VIR
        309 v25 4 VIR
        310 v26 3 VIR
        311 v27 5 VIR
        312 v28 5 VIR
        313 v29 5 VIR
        314 v3 4 VIR
        315 v30 5 VIR
        316 v31 5 VIR
        317 v32 6 VIR
        318 v33 4 VIR
        319 v34 4 VIR
        320 v35 4 VIR
        321 v36 5 VIR
        322 v37 5 VIR
        323 v38 5 VIR
        324 v39 1 VIR
        325 v4 4 VIR
        326 v40 1 VIR
        327 v41 1 VIR
        328 v42 1 VIR
        329 v43 1 VIR
        330 v44 1 VIR
        331 v45 1 VIR
        332 v46 1 VIR
        333 v47 1 VIR
        334 v48 1 VIR
        335 v49 1 VIR
        336 v5 4 VIR
        337 v50 1 VIR
        338 v51 1 VIR
        339 v52 1 VIR
        340 v53 1 VIR
        341 v54 1 VIR
        342 v55 1 VIR
        343 v56 1 VIR
        344 v57 1 VIR
        345 v58 1 VIR
        346 v59 1 VIR
        347 v6 4 VIR
        348 v60 1 VIR
        349 v61 1 VIR
        350 v62 1 VIR
        351 v63 1 VIR
        352 v64 1 VIR
        353 v65 1 VIR
        354 v66 1 VIR
        355 v67 1 VIR
        356 v68 1 VIR
        357 v69 2 VIR
        358 v7 4 VIR
        359 v70 2 VIR
        360 v71 2 VIR
        361 v72 2 VIR
        362 v73 2 VIR
        363 v74 2 VIR
        364 v75 2 VIR
        365 v76 2 VIR
        366 v77 2 VIR
        367 v78 2 VIR
        368 v79 2 VIR
        369 v8 4 VIR
        370 v80 2 VIR
        371 v81 2 VIR
        372 v82 2 VIR
        373 v83 2 VIR
        374 v84 2 VIR
        375 v85 2 VIR
        376 v86 2 VIR
        377 v87 2 VIR
        378 v88 2 VIR
        379 v89 2 VIR
        380 v9 4 VIR
        381 v90 2 VIR
        382 v91 2 VIR
        383 v92 2 VIR
        384 v93 2 VIR
        385 v94 2 VIR
        386 v95 2 VIR
        387 v96 2 VIR
        388 v97 2 VIR
        389 v98 2 VIR
        390 v99 2 VIR
        391 not1 2 INV
        392 not2 2 INV
        393 not3 2 INV
        394 not4 2 INV
        395 not5 2 INV
        396 not6 2 INV
        397 not7 3 INV
        398 not8 3 INV
        399 not9 3 INV
        400 not10 3 INV
        401 not11 3 INV
        402 not12 3 INV
        403 not13 3 INV
        404 not14 3 INV
        405 not15 3 INV
        406 not16 3 INV
        407 not17 2 INV
        408 not18 3 INV
        409 not19 4 INV
        410 not20 2 INV
        411 not21 3 INV
        412 not22 3 INV
        413 not23 3 INV
        414 not24 2 INV
        415 not25 3 INV
        416 not26 5 INV
        417 not27 3 INV
        418 not28 3 INV
        419 not29 3 INV
        420 not30 3 INV
        421 not31 3 INV
        422 not32 5 INV
        423 not33 3 INV
        424 not34 5 INV
        425 not35 5 INV
        426 not36 4 INV
        427 not37 5 INV
        428 not38 3 INV
        429 not39 5 INV
        430 not40 5 INV
        431 not41 5 INV
        432 not42 3 INV
        433 not43 5 INV
        434 not44 5 INV
        435 not45 5 INV
        436 not46 3 INV
        437 not47 3 INV
        438 not48 6 INV
        439 not49 5 INV
        440 not50 3 INV
        441 not51 5 INV
        442 not52 5 INV
        443 not53 4 INV
        444 not54 5 INV
        445 not55 3 INV
        446 not56 5 INV
        447 not57 6 INV
        448 not58 7 INV
        449 not59 5 INV
        450 not60 3 INV
        451 not61 5 INV
        452 not62 5 INV
        453 not63 3 INV
        454 not64 3 INV
        455 not65 3 INV
        456 not66 3 INV
        457 not67 5 INV
        458 not68 4 INV
        459 not69 5 INV
        460 not70 6 INV
        461 not71 5 INV
        462 not72 6 INV
        463 not73 4 INV
        464 not74 5 INV
        465 not75 4 INV
        466 not76 4 INV
        467 not77 5 INV
        468 not78 6 INV
        469 not79 6 INV
        470 not80 5 INV
        471 not81 4 INV
        472 not82 4 INV
        473 not83 7 INV
        474 not84 5 INV
        475 not85 4 INV
        476 not86 6 INV
        477 not87 7 INV
        478 not88 7 INV
        479 not89 6 INV
        480 not90 4 INV
        481 not91 6 INV
        482 not92 6 INV
        483 not93 7 INV
        484 not94 7 INV
        485 not95 8 INV
        486 not96 7 INV
        487 not97 5 INV
        488 not98 5 INV
        489 not99 8 INV
        490 not100 5 INV
        491 not101 3 INV
        492 not102 4 INV
        493 not103 8 INV
        494 not104 2 INV
        495 not105 8 INV
        496 not106 10 INV
        497 not107 3 INV
        498 not108 9 INV
        499 not109 9 INV
        500 not110 9 INV
        501 not111 10 INV
        502 not112 9 INV
        503 not113 5 INV
        504 not114 3 INV
        505 not115 6 INV
        506 not116 11 INV
        507 not117 3 INV
        508 not118 10 INV
        509 not119 9 INV
        510 not120 9 INV
        511 not121 11 INV
        512 not122 3 INV
        513 not123 11 INV
        514 not124 9 INV
        515 not125 5 INV
        516 not126 3 INV
        517 not127 3 INV
        518 not128 12 INV
        519 not129 11 INV
        520 not130 14 INV
        521 not131 12 INV
        522 not132 8 INV
        523 not133 16 INV
        524 not134 15 INV
        525 not135 14 INV
        526 not136 13 INV
        527 not137 19 INV
        528 not138 11 INV
        529 not139 17 INV
    ]
    edge:
    [
        1 324
        1 326
        1 327
        2 328
        2 329
        2 330
        3 331
        3 332
        3 333
        4 334
        4 335
        4 337
        5 338
        5 339
        5 340
        6 341
        6 342
        6 343
        7 344
        7 345
        7 346
        8 348
        8 349
        8 350
        9 351
        9 352
        9 353
        10 354
        10 355
        10 356
        324 391
        391 39
        331 39
        335 48
        345 48
        351 80
        354 80
        344 392
        392 102
        341 102
        338 112
        344 112
        326 393
        393 119
        330 119
        342 122
        349 122
        329 394
        394 168
        332 168
        351 286
        352 287
        353 288
        354 289
        354 290
        355 291
        356 292
        324 357
        324 359
        326 360
        326 361
        327 362
        327 363
        328 364
        329 365
        331 366
        334 367
        334 368
        335 370
        337 371
        338 372
        338 373
        339 374
        339 375
        340 376
        340 377
        341 378
        342 379
        343 381
        344 382
        345 383
        346 384
        348 385
        348 386
        349 387
        349 388
        350 389
        350 390
        331 25
        372 25
        357 26
        372 26
        357 29
        367 29
        379 30
        346 30
        359 33
        332 33
        334 395
        395 34
        372 34
        370 40
        387 40
        357 43
        328 43
        337 44
        374 44
        335 47
        378 47
        342 396
        396 55
        386 55
        365 59
        337 59
        371 82
        287 82
        370 397
        397 90
        345 90
        385 91
        80 91
        383 398
        398 94
        353 94
        343 111
        288 111
        367 399
        399 113
        102 113
        367 114
        112 114
        365 124
        333 124
        286 400
        400 126
        379 126
        384 401
        401 127
        330 127
        364 402
        402 152
        382 152
        80 403
        403 157
        385 157
        368 404
        404 182
        378 182
        366 405
        405 218
        328 218
        385 221
        286 221
        351 224
        289 224
        378 406
        406 226
        382 226
        329 228
        366 228
        341 240
        382 240
        387 252
        352 252
        352 407
        407 259
        290 259
        374 408
        408 280
        333 280
        39 285
        39 294
        39 295
        48 304
        119 309
        122 310
        25 409
        409 36
        364 36
        353 410
        410 41
        294 41
        40 41
        388 411
        411 49
        285 49
        48 49
        291 412
        412 53
        285 53
        40 53
        291 67
        29 67
        55 67
        388 413
        413 70
        294 70
        59 70
        389 116
        111 116
        333 414
        414 120
        114 120
        309 120
        390 133
        126 133
        375 139
        91 139
        371 415
        415 178
        55 178
        348 180
        102 180
        29 180
        289 183
        26 183
        182 183
        113 416
        416 219
        373 219
        218 219
        386 225
        224 225
        370 417
        417 227
        226 227
        360 418
        418 234
        157 234
        386 419
        419 237
        224 237
        368 420
        420 241
        240 241
        387 260
        259 260
        330 281
        280 281
        26 284
        40 296
        43 297
        43 298
        43 299
        44 300
        44 301
        47 302
        26 303
        55 305
        59 306
        113 307
        113 308
        157 311
        182 312
        218 313
        29 314
        218 315
        228 318
        228 319
        228 320
        33 325
        33 336
        33 347
        34 358
        34 369
        34 380
        381 421
        421 27
        390 27
        303 27
        314 422
        422 31
        389 31
        30 31
        292 423
        423 35
        380 35
        296 424
        424 42
        41 42
        298 425
        425 45
        346 45
        44 45
        304 426
        426 50
        49 50
        296 427
        427 54
        53 54
        288 56
        314 56
        305 56
        383 428
        428 58
        36 58
        47 58
        336 429
        429 60
        376 60
        59 60
        288 65
        336 65
        358 65
        67 430
        430 68
        305 68
        306 431
        431 71
        70 71
        290 432
        432 74
        383 74
        284 74
        297 433
        433 76
        287 76
        48 76
        298 434
        434 83
        356 83
        82 83
        325 435
        435 85
        350 85
        302 85
        287 92
        284 92
        90 92
        356 95
        314 95
        94 95
        389 436
        436 97
        294 97
        300 97
        361 437
        437 115
        315 115
        120 438
        438 121
        309 121
        127 439
        439 128
        369 128
        295 128
        377 130
        311 130
        375 440
        440 135
        307 135
        124 135
        325 441
        441 140
        308 140
        139 140
        297 442
        442 145
        332 145
        114 145
        119 443
        443 150
        376 150
        227 150
        152 444
        444 153
        358 153
        285 153
        292 167
        347 167
        380 167
        373 445
        445 179
        307 179
        180 446
        446 181
        102 181
        183 447
        447 184
        182 184
        286 188
        325 188
        312 188
        384 200
        347 200
        219 448
        448 220
        313 220
        319 449
        449 229
        375 229
        227 229
        360 450
        450 247
        237 247
        318 451
        451 250
        373 250
        241 250
        318 452
        452 263
        374 263
        307 263
        359 453
        453 265
        225 265
        359 454
        454 273
        36 273
        360 455
        455 282
        308 282
        358 293
        225 316
        227 317
        237 321
        241 322
        241 323
        363 456
        456 16
        220 16
        303 457
        457 28
        27 28
        30 458
        458 32
        31 32
        300 459
        459 46
        45 46
        56 460
        460 57
        305 57
        306 461
        461 61
        60 61
        65 462
        462 66
        369 66
        47 463
        463 69
        58 69
        68 72
        71 72
        284 464
        464 75
        74 75
        304 465
        465 77
        76 77
        82 466
        466 84
        83 84
        302 467
        467 86
        85 86
        92 468
        468 93
        90 93
        95 469
        469 96
        94 96
        300 470
        470 98
        97 98
        384 99
        336 99
        293 99
        114 471
        471 117
        115 117
        116 117
        310 472
        472 123
        292 123
        121 123
        127 129
        128 129
        130 473
        473 131
        323 131
        295 131
        381 137
        301 137
        115 137
        139 474
        474 141
        140 141
        321 142
        323 142
        124 475
        475 146
        135 146
        297 147
        145 147
        119 151
        150 151
        152 154
        153 154
        167 476
        476 169
        380 169
        50 170
        54 170
        181 185
        184 185
        188 477
        477 189
        312 189
        179 478
        478 190
        157 190
        168 190
        289 222
        220 222
        221 222
        319 230
        229 230
        315 479
        479 238
        377 238
        317 238
        168 480
        480 242
        340 242
        322 242
        318 251
        250 251
        313 481
        481 261
        339 261
        322 261
        319 264
        263 264
        323 482
        482 271
        376 271
        320 271
        273 483
        483 274
        237 274
        322 274
        282 484
        484 283
        260 283
        281 283
        282 15
        283 15
        32 485
        485 37
        347 37
        46 51
        50 51
        66 73
        72 73
        75 78
        77 78
        84 87
        86 87
        99 486
        486 100
        369 100
        93 101
        96 101
        116 487
        487 118
        117 118
        310 125
        123 125
        130 132
        131 132
        301 488
        488 138
        137 138
        115 143
        141 143
        355 148
        126 148
        147 148
        154 489
        489 155
        355 155
        122 155
        46 171
        170 171
        57 172
        61 172
        32 175
        169 175
        298 490
        490 186
        178 186
        185 186
        317 191
        189 191
        69 198
        321 198
        179 201
        190 201
        293 202
        93 202
        86 204
        96 204
        363 491
        491 215
        69 215
        221 492
        492 223
        222 223
        315 239
        238 239
        168 243
        242 243
        251 493
        493 253
        291 253
        252 253
        69 255
        247 255
        251 255
        313 262
        261 262
        327 494
        494 268
        251 268
        271 495
        495 272
        320 272
        273 275
        274 275
        316 17
        15 17
        37 496
        496 38
        32 38
        35 38
        42 52
        51 52
        362 497
        497 79
        371 79
        78 79
        87 498
        498 88
        343 88
        299 88
        101 499
        499 103
        98 103
        100 103
        129 134
        132 134
        141 144
        142 144
        143 144
        148 500
        500 149
        126 149
        155 501
        501 156
        122 156
        118 164
        125 164
        172 502
        502 173
        66 173
        171 173
        185 187
        186 187
        303 503
        503 192
        189 192
        191 192
        363 504
        504 199
        198 199
        200 505
        505 203
        93 203
        202 203
        91 212
        201 212
        223 506
        506 231
        225 231
        361 507
        507 244
        243 244
        253 508
        508 254
        252 254
        247 256
        255 256
        262 266
        264 266
        265 266
        264 276
        275 276
        15 18
        16 18
        17 18
        52 62
        54 62
        78 81
        79 81
        87 509
        509 89
        88 89
        101 104
        103 104
        28 108
        38 108
        132 136
        133 136
        134 136
        149 158
        156 158
        172 174
        173 174
        187 193
        192 193
        204 510
        510 205
        98 205
        203 205
        84 207
        199 207
        212 511
        511 213
        146 213
        230 232
        231 232
        311 245
        316 245
        244 245
        361 512
        512 257
        254 257
        265 267
        266 267
        234 277
        275 277
        276 277
        62 513
        513 63
        57 63
        61 63
        73 105
        81 105
        321 159
        151 159
        158 159
        175 514
        514 176
        42 176
        174 176
        299 515
        515 194
        308 194
        193 194
        204 206
        205 206
        362 516
        516 214
        201 214
        213 214
        362 517
        517 233
        223 233
        232 233
        244 246
        245 246
        256 258
        257 258
        260 269
        267 269
        272 278
        277 278
        62 64
        63 64
        104 518
        518 106
        89 106
        105 106
        158 160
        159 160
        175 177
        176 177
        193 195
        194 195
        207 519
        519 208
        118 208
        206 208
        214 520
        520 216
        91 216
        220 235
        233 235
        239 248
        246 248
        267 270
        268 270
        269 270
        265 279
        277 279
        278 279
        258 19
        270 19
        105 521
        521 107
        106 107
        144 161
        160 161
        72 522
        522 196
        77 196
        195 196
        207 209
        208 209
        216 523
        523 217
        214 217
        215 217
        233 236
        234 236
        235 236
        246 249
        247 249
        248 249
        19 524
        524 20
        279 20
        18 20
        217 22
        236 22
        64 525
        525 109
        107 109
        108 109
        316 162
        138 162
        161 162
        72 197
        196 197
        19 21
        20 21
        108 526
        526 110
        109 110
        161 163
        162 163
        197 210
        209 210
        22 527
        527 23
        249 23
        21 23
        164 528
        528 165
        136 165
        163 165
        177 211
        210 211
        22 24
        23 24
        164 166
        165 166
        24 11
        110 529
        529 12
        166 13
        211 14
    ]
]
