circuit_name:sctnew_processed
[
    node:
    [
        1 x0 0 PI
        2 x1 0 PI
        3 x2 0 PI
        4 x3 0 PI
        5 x4 0 PI
        6 x5 0 PI
        7 x6 0 PI
        8 x7 0 PI
        9 x8 0 PI
        10 x9 0 PI
        11 x10 0 PI
        12 x11 0 PI
        13 x12 0 PI
        14 x13 0 PI
        15 x14 0 PI
        16 x15 0 PI
        17 x16 0 PI
        18 x17 0 PI
        19 x18 0 PI
        20 y0 15 PO
        21 y1 16 PO
        22 y2 15 PO
        23 y3 13 PO
        24 y4 5 PO
        25 y5 2 PO
        26 y6 9 PO
        27 y7 6 PO
        28 y8 14 PO
        29 y9 3 PO
        30 y10 11 PO
        31 y11 4 PO
        32 y12 14 PO
        33 y13 15 PO
        34 y14 16 PO
        35 n100 8 AND
        36 n101 3 AND
        37 n102 11 AND
        38 n103 13 MAJ
        39 n104 3 AND
        40 n105 4 OR
        41 n106 5 MAJ
        42 n107 7 AND
        43 n108 8 MAJ
        44 n109 9 AND
        45 n110 2 OR
        46 n111 10 AND
        47 n112 3 AND
        48 n113 5 OR
        49 n114 6 MAJ
        50 n115 8 AND
        51 n116 10 MAJ
        52 n117 12 AND
        53 n118 4 AND
        54 n119 5 AND
        55 n120 13 MAJ
        56 n121 4 AND
        57 n122 6 MAJ
        58 n123 9 OR
        59 n124 10 MAJ
        60 n125 5 MAJ
        61 n126 7 AND
        62 n127 4 AND
        63 n128 5 AND
        64 n129 5 MAJ
        65 n130 7 AND
        66 n131 5 MAJ
        67 n132 7 AND
        68 n133 6 MAJ
        69 n134 7 AND
        70 n135 8 OR
        71 n136 10 MAJ
        72 n137 11 OR
        73 n138 12 OR
        74 n139 11 AND
        75 n140 13 MAJ
        76 n141 5 MAJ
        77 n142 7 MAJ
        78 n143 8 AND
        79 n144 9 AND
        80 n145 10 MAJ
        81 n146 5 MAJ
        82 n147 7 AND
        83 n148 12 AND
        84 n149 13 MAJ
        85 n150 14 AND
        86 n20 3 AND
        87 n21 1 OR
        88 n22 2 OR
        89 n23 3 OR
        90 n24 4 AND
        91 n25 5 MAJ
        92 n26 2 AND
        93 n27 4 OR
        94 n28 4 OR
        95 n29 2 OR
        96 n30 5 AND
        97 n31 6 MAJ
        98 n32 7 AND
        99 n33 8 AND
        100 n34 6 OR
        101 n35 9 MAJ
        102 n36 2 OR
        103 n37 5 MAJ
        104 n38 7 AND
        105 n39 11 AND
        106 n40 12 MAJ
        107 n41 13 AND
        108 n42 4 MAJ
        109 n43 5 OR
        110 n44 7 MAJ
        111 n45 7 MAJ
        112 n46 8 AND
        113 n47 9 AND
        114 n48 5 OR
        115 n49 10 MAJ
        116 n50 4 MAJ
        117 n51 6 AND
        118 n52 12 AND
        119 n53 13 MAJ
        120 n54 14 AND
        121 n55 3 MAJ
        122 n56 4 OR
        123 n57 3 OR
        124 n58 4 AND
        125 n59 6 MAJ
        126 n60 3 AND
        127 n61 3 OR
        128 n62 4 MAJ
        129 n63 3 OR
        130 n64 2 OR
        131 n65 4 MAJ
        132 n66 5 AND
        133 n67 6 MAJ
        134 n68 7 AND
        135 n69 8 AND
        136 n70 7 OR
        137 n71 9 MAJ
        138 n72 6 MAJ
        139 n73 8 AND
        140 n74 11 AND
        141 n75 12 MAJ
        142 n76 13 AND
        143 n77 4 AND
        144 n78 3 AND
        145 n79 6 AND
        146 n80 8 AND
        147 n81 9 MAJ
        148 n82 10 AND
        149 n83 3 AND
        150 n84 5 MAJ
        151 n85 7 AND
        152 n86 5 AND
        153 n87 11 OR
        154 n88 12 MAJ
        155 n89 2 AND
        156 n90 2 AND
        157 n91 3 OR
        158 n92 4 AND
        159 n93 5 MAJ
        160 n94 6 MAJ
        161 n95 7 AND
        162 n96 2 OR
        163 n97 4 AND
        164 n98 5 MAJ
        165 n99 6 MAJ
        166 v1 9 VIR
        167 v10 6 VIR
        168 v11 6 VIR
        169 v12 3 VIR
        170 v13 4 VIR
        171 v14 4 VIR
        172 v15 4 VIR
        173 v16 1 VIR
        174 v17 1 VIR
        175 v18 1 VIR
        176 v19 1 VIR
        177 v2 4 VIR
        178 v20 1 VIR
        179 v21 1 VIR
        180 v22 1 VIR
        181 v23 1 VIR
        182 v24 1 VIR
        183 v25 1 VIR
        184 v26 1 VIR
        185 v27 1 VIR
        186 v28 1 VIR
        187 v29 1 VIR
        188 v3 4 VIR
        189 v30 1 VIR
        190 v31 1 VIR
        191 v32 1 VIR
        192 v33 1 VIR
        193 v34 1 VIR
        194 v35 1 VIR
        195 v36 1 VIR
        196 v37 1 VIR
        197 v38 1 VIR
        198 v39 5 VIR
        199 v4 4 VIR
        200 v40 2 VIR
        201 v41 2 VIR
        202 v42 2 VIR
        203 v43 2 VIR
        204 v44 2 VIR
        205 v45 2 VIR
        206 v46 2 VIR
        207 v47 2 VIR
        208 v48 2 VIR
        209 v49 2 VIR
        210 v5 4 VIR
        211 v50 2 VIR
        212 v51 2 VIR
        213 v52 2 VIR
        214 v53 2 VIR
        215 v54 2 VIR
        216 v55 2 VIR
        217 v56 2 VIR
        218 v57 4 VIR
        219 v58 4 VIR
        220 v59 4 VIR
        221 v6 4 VIR
        222 v7 3 VIR
        223 v8 3 VIR
        224 v9 3 VIR
        225 not1 1 INV
        226 not2 2 INV
        227 not3 2 INV
        228 not4 2 INV
        229 not5 2 INV
        230 not6 3 INV
        231 not7 3 INV
        232 not8 3 INV
        233 not9 2 INV
        234 not10 3 INV
        235 not11 3 INV
        236 not12 3 INV
        237 not13 4 INV
        238 not14 3 INV
        239 not15 3 INV
        240 not16 3 INV
        241 not17 5 INV
        242 not18 2 INV
        243 not19 5 INV
        244 not20 1 INV
        245 not21 1 INV
        246 not22 5 INV
        247 not23 6 INV
        248 not24 6 INV
        249 not25 6 INV
        250 not26 4 INV
        251 not27 2 INV
        252 not28 3 INV
        253 not29 2 INV
        254 not30 6 INV
        255 not31 5 INV
        256 not32 5 INV
        257 not33 5 INV
        258 not34 3 INV
        259 not35 7 INV
        260 not36 6 INV
        261 not37 5 INV
        262 not38 3 INV
        263 not39 7 INV
        264 not40 6 INV
        265 not41 6 INV
        266 not42 3 INV
        267 not43 6 INV
        268 not44 7 INV
        269 not45 5 INV
        270 not46 5 INV
        271 not47 3 INV
        272 not48 7 INV
        273 not49 9 INV
        274 not50 4 INV
        275 not51 6 INV
        276 not52 10 INV
        277 not53 9 INV
        278 not54 12 INV
        279 not55 11 INV
        280 not56 7 INV
        281 not57 10 INV
        282 not58 7 INV
        283 not59 10 INV
        284 not60 1 INV
        285 not61 11 INV
        286 not62 1 INV
        287 not63 11 INV
        288 not64 1 INV
        289 not65 1 INV
        290 not66 14 INV
        291 not67 15 INV
        292 not68 14 INV
        293 not69 4 INV
        294 not70 8 INV
        295 not71 14 INV
        296 not72 15 INV
    ]
    edge:
    [
        15 87
        16 87
        6 225
        225 156
        19 156
        2 173
        2 174
        2 175
        11 176
        11 178
        11 179
        12 180
        12 181
        12 182
        13 183
        13 184
        13 185
        14 186
        14 187
        14 189
        7 190
        7 191
        8 192
        8 193
        8 194
        9 195
        9 196
        9 197
        179 45
        182 45
        186 88
        87 88
        176 92
        180 92
        173 95
        183 95
        186 102
        15 102
        87 226
        226 121
        17 121
        18 121
        186 227
        227 126
        183 126
        192 130
        176 130
        193 228
        228 144
        7 144
        6 155
        191 155
        190 162
        194 162
        173 200
        173 201
        174 202
        175 203
        176 204
        183 205
        184 206
        185 207
        192 208
        193 209
        194 211
        195 212
        195 213
        196 214
        196 215
        197 216
        197 217
        175 229
        229 36
        214 36
        174 39
        209 39
        3 47
        217 47
        207 230
        230 53
        182 53
        206 231
        231 56
        187 56
        204 232
        232 62
        195 62
        190 233
        233 86
        200 86
        208 89
        205 89
        102 234
        234 108
        16 108
        17 108
        87 122
        121 122
        208 123
        180 123
        201 127
        204 127
        200 129
        180 129
        208 131
        126 131
        130 131
        182 143
        126 143
        175 149
        213 149
        155 157
        156 157
        214 235
        235 158
        10 158
        162 236
        236 163
        203 163
        102 169
        144 170
        144 171
        144 172
        92 222
        92 223
        92 224
        181 40
        39 40
        179 54
        53 54
        36 237
        237 60
        181 60
        185 60
        202 238
        238 63
        62 63
        212 239
        239 64
        181 64
        170 64
        212 240
        240 66
        205 66
        171 66
        171 241
        241 68
        213 68
        187 68
        200 90
        89 90
        174 93
        222 93
        192 94
        222 94
        102 109
        108 109
        184 242
        242 116
        88 116
        223 116
        201 124
        123 124
        202 128
        126 128
        127 128
        129 132
        131 132
        170 243
        243 145
        202 145
        19 244
        244 150
        172 150
        149 150
        178 152
        143 152
        1 245
        245 159
        4 159
        158 159
        211 164
        216 164
        163 164
        36 177
        86 188
        170 198
        86 199
        86 210
        222 218
        223 219
        224 220
        89 221
        178 41
        39 41
        40 41
        205 48
        188 48
        220 246
        246 57
        189 57
        56 57
        60 247
        247 61
        36 61
        64 248
        248 65
        198 65
        66 249
        249 67
        172 67
        172 69
        68 69
        169 250
        250 76
        221 76
        90 76
        185 251
        251 81
        189 81
        219 81
        88 252
        252 91
        89 91
        90 91
        94 96
        95 96
        184 253
        253 103
        218 103
        169 103
        109 254
        254 110
        221 110
        90 110
        188 114
        93 114
        116 255
        255 117
        224 117
        122 256
        256 125
        123 125
        124 125
        122 257
        257 133
        209 133
        132 133
        206 258
        258 138
        223 138
        109 138
        145 259
        259 146
        196 146
        150 260
        260 151
        149 151
        158 261
        261 160
        10 160
        159 160
        212 262
        262 165
        178 165
        198 165
        165 263
        263 35
        171 35
        41 264
        264 42
        214 42
        199 49
        218 49
        48 49
        63 70
        65 70
        81 265
        265 82
        220 82
        88 266
        266 97
        193 97
        96 97
        188 100
        91 100
        103 267
        267 104
        219 104
        132 134
        133 134
        199 136
        125 136
        138 268
        268 139
        224 139
        122 269
        269 147
        5 147
        146 147
        158 270
        270 161
        160 161
        96 167
        96 168
        203 271
        271 43
        190 43
        42 43
        49 272
        272 50
        215 50
        187 58
        35 58
        70 273
        273 71
        67 71
        69 71
        169 274
        274 77
        194 77
        167 77
        167 98
        97 98
        109 275
        275 111
        209 111
        167 111
        128 135
        134 135
        146 148
        147 148
        35 166
        166 276
        276 37
        179 37
        42 44
        43 44
        50 277
        277 51
        203 51
        211 51
        35 59
        177 59
        58 59
        70 72
        71 72
        168 78
        77 78
        93 99
        98 99
        168 112
        111 112
        210 137
        135 137
        136 137
        148 153
        151 153
        37 278
        278 38
        166 38
        177 38
        44 46
        45 46
        51 279
        279 52
        50 52
        61 73
        72 73
        57 280
        280 74
        59 74
        76 79
        78 79
        199 101
        99 101
        100 101
        110 113
        112 113
        137 281
        281 140
        216 140
        151 154
        152 154
        153 154
        207 55
        52 55
        54 55
        57 282
        282 75
        73 75
        74 75
        210 80
        114 80
        79 80
        101 283
        283 105
        215 105
        210 115
        113 115
        114 115
        18 284
        284 141
        139 141
        140 141
        80 285
        285 83
        216 83
        16 286
        286 106
        104 106
        105 106
        115 287
        287 118
        197 118
        140 142
        141 142
        15 288
        288 84
        82 84
        83 84
        105 107
        106 107
        17 289
        289 119
        117 119
        118 119
        83 85
        84 85
        118 120
        119 120
        107 290
        290 20
        120 291
        291 21
        142 292
        292 22
        154 23
        157 293
        293 24
        191 25
        161 294
        294 26
        164 27
        38 28
        217 29
        46 30
        47 31
        55 32
        75 295
        295 33
        85 296
        296 34
    ]
]
