circuit_name:sqrt8new_processed
[
    node:
    [
        1 x0 0 PI
        2 x1 0 PI
        3 x2 0 PI
        4 x3 0 PI
        5 x4 0 PI
        6 x5 0 PI
        7 x6 0 PI
        8 x7 0 PI
        9 y0 4 PO
        10 y1 8 PO
        11 y2 15 PO
        12 y3 17 PO
        13 n10 3 AND
        14 n100 5 OR
        15 n101 7 MAJ
        16 n102 8 OR
        17 n103 9 MAJ
        18 n104 10 OR
        19 n105 11 MAJ
        20 n106 12 OR
        21 n107 13 OR
        22 n108 15 MAJ
        23 n109 16 OR
        24 n11 5 MAJ
        25 n12 6 MAJ
        26 n13 7 OR
        27 n14 4 AND
        28 n15 5 MAJ
        29 n16 4 MAJ
        30 n17 6 MAJ
        31 n18 7 OR
        32 n19 8 AND
        33 n20 4 AND
        34 n21 5 MAJ
        35 n22 7 AND
        36 n23 2 OR
        37 n24 3 OR
        38 n25 5 AND
        39 n26 6 AND
        40 n27 7 MAJ
        41 n28 4 AND
        42 n29 3 AND
        43 n30 4 AND
        44 n31 6 AND
        45 n32 7 AND
        46 n33 9 MAJ
        47 n34 9 OR
        48 n35 11 MAJ
        49 n36 12 OR
        50 n37 4 AND
        51 n38 13 OR
        52 n39 14 MAJ
        53 n40 3 AND
        54 n41 4 AND
        55 n42 2 OR
        56 n43 4 AND
        57 n44 5 AND
        58 n45 6 MAJ
        59 n46 7 AND
        60 n47 5 AND
        61 n48 8 OR
        62 n49 2 AND
        63 n50 3 AND
        64 n51 3 AND
        65 n52 4 AND
        66 n53 5 OR
        67 n54 4 AND
        68 n55 6 MAJ
        69 n56 3 AND
        70 n57 4 AND
        71 n58 3 OR
        72 n59 5 MAJ
        73 n60 6 AND
        74 n61 4 AND
        75 n62 6 MAJ
        76 n63 7 AND
        77 n64 3 AND
        78 n65 8 OR
        79 n66 9 MAJ
        80 n67 9 OR
        81 n68 11 MAJ
        82 n69 12 OR
        83 n70 6 AND
        84 n71 7 AND
        85 n72 6 AND
        86 n73 7 AND
        87 n74 9 MAJ
        88 n75 3 AND
        89 n76 3 AND
        90 n77 4 MAJ
        91 n78 6 AND
        92 n79 3 AND
        93 n80 7 OR
        94 n81 8 MAJ
        95 n82 5 AND
        96 n83 9 OR
        97 n84 10 MAJ
        98 n85 2 AND
        99 n86 4 AND
        100 n87 6 AND
        101 n88 7 OR
        102 n89 8 MAJ
        103 n9 3 OR
        104 n90 11 OR
        105 n91 12 MAJ
        106 n92 13 OR
        107 n93 3 AND
        108 n94 6 AND
        109 n95 7 AND
        110 n96 9 MAJ
        111 n97 4 AND
        112 n98 5 AND
        113 n99 6 AND
        114 v1 4 VIR
        115 v10 1 VIR
        116 v11 1 VIR
        117 v12 1 VIR
        118 v13 1 VIR
        119 v14 1 VIR
        120 v15 1 VIR
        121 v16 1 VIR
        122 v17 1 VIR
        123 v18 1 VIR
        124 v19 1 VIR
        125 v2 4 VIR
        126 v20 1 VIR
        127 v21 1 VIR
        128 v22 1 VIR
        129 v23 1 VIR
        130 v24 1 VIR
        131 v25 1 VIR
        132 v26 2 VIR
        133 v27 2 VIR
        134 v28 2 VIR
        135 v29 2 VIR
        136 v3 4 VIR
        137 v30 2 VIR
        138 v31 2 VIR
        139 v32 2 VIR
        140 v33 2 VIR
        141 v34 2 VIR
        142 v35 2 VIR
        143 v36 2 VIR
        144 v37 2 VIR
        145 v38 2 VIR
        146 v39 2 VIR
        147 v4 4 VIR
        148 v40 2 VIR
        149 v41 2 VIR
        150 v42 2 VIR
        151 v43 2 VIR
        152 v44 2 VIR
        153 v5 1 VIR
        154 v6 1 VIR
        155 v7 1 VIR
        156 v8 1 VIR
        157 v9 1 VIR
        158 not1 2 INV
        159 not2 3 INV
        160 not3 3 INV
        161 not4 3 INV
        162 not5 3 INV
        163 not6 3 INV
        164 not7 3 INV
        165 not8 2 INV
        166 not9 2 INV
        167 not10 3 INV
        168 not11 2 INV
        169 not12 3 INV
        170 not13 4 INV
        171 not14 3 INV
        172 not15 2 INV
        173 not16 5 INV
        174 not17 5 INV
        175 not18 3 INV
        176 not19 4 INV
        177 not20 3 INV
        178 not21 3 INV
        179 not22 6 INV
        180 not23 5 INV
        181 not24 5 INV
        182 not25 5 INV
        183 not26 3 INV
        184 not27 5 INV
        185 not28 5 INV
        186 not29 4 INV
        187 not30 2 INV
        188 not31 8 INV
        189 not32 5 INV
        190 not33 2 INV
        191 not34 5 INV
        192 not35 5 INV
        193 not36 6 INV
        194 not37 5 INV
        195 not38 8 INV
        196 not39 8 INV
        197 not40 5 INV
        198 not41 10 INV
        199 not42 10 INV
        200 not43 14 INV
    ]
    edge:
    [
        2 115
        3 116
        3 117
        3 118
        4 119
        4 120
        4 121
        5 122
        5 123
        5 124
        6 126
        6 127
        6 128
        7 129
        8 130
        8 131
        1 153
        1 154
        1 155
        2 156
        2 157
        116 36
        119 36
        156 55
        119 55
        117 62
        120 62
        123 158
        158 88
        7 88
        118 98
        128 98
        115 132
        116 133
        117 134
        118 135
        119 137
        120 138
        121 139
        122 140
        123 141
        126 142
        127 143
        128 144
        153 145
        154 146
        155 148
        156 149
        156 150
        157 151
        157 152
        155 13
        132 13
        137 159
        159 27
        133 27
        138 160
        160 29
        146 29
        157 29
        134 161
        161 33
        151 33
        153 37
        36 37
        36 162
        162 41
        151 41
        152 42
        118 42
        132 163
        163 50
        139 50
        149 53
        120 53
        55 164
        164 56
        145 56
        154 165
        165 63
        62 63
        138 64
        126 64
        116 166
        166 69
        137 69
        140 71
        142 71
        149 167
        167 74
        117 74
        135 77
        130 77
        153 168
        168 89
        149 89
        134 92
        7 92
        152 169
        169 99
        98 99
        148 103
        132 103
        115 107
        62 107
        13 170
        170 24
        135 24
        139 24
        138 171
        171 28
        145 28
        27 28
        128 172
        172 34
        121 34
        33 34
        155 43
        42 43
        41 173
        173 44
        123 44
        154 54
        53 54
        133 57
        56 57
        150 65
        64 65
        143 67
        63 67
        146 70
        69 70
        74 174
        174 75
        140 75
        142 75
        133 90
        137 90
        89 90
        150 175
        175 111
        69 111
        37 176
        176 112
        122 112
        37 114
        37 125
        63 136
        71 147
        127 14
        111 14
        148 177
        177 25
        13 25
        24 25
        151 178
        178 30
        134 30
        28 30
        34 179
        179 35
        33 35
        121 38
        114 38
        114 45
        44 45
        122 58
        126 58
        57 58
        143 60
        54 60
        63 66
        65 66
        8 72
        70 72
        71 72
        74 76
        75 76
        125 180
        180 83
        130 83
        136 181
        181 85
        131 85
        90 182
        182 91
        89 91
        144 183
        183 95
        70 95
        114 184
        184 100
        88 100
        136 185
        185 108
        129 108
        127 113
        112 113
        71 186
        186 15
        113 15
        14 15
        13 26
        25 26
        29 31
        30 31
        115 187
        187 39
        38 39
        45 188
        188 46
        141 46
        43 46
        57 59
        58 59
        141 68
        66 68
        67 68
        147 189
        189 73
        72 73
        56 78
        76 78
        124 190
        190 84
        83 84
        65 191
        191 86
        85 86
        56 93
        91 93
        130 101
        100 101
        65 192
        192 109
        108 109
        41 16
        15 16
        28 193
        193 32
        31 32
        125 194
        194 40
        144 40
        39 40
        59 61
        60 61
        76 79
        77 79
        78 79
        86 195
        195 87
        131 87
        84 87
        91 94
        92 94
        93 94
        99 102
        100 102
        101 102
        109 196
        196 110
        129 110
        107 110
        147 197
        197 17
        15 17
        16 17
        32 47
        35 47
        61 80
        68 80
        88 96
        94 96
        110 18
        17 18
        47 198
        198 48
        40 48
        46 48
        80 199
        199 81
        73 81
        79 81
        94 97
        95 97
        96 97
        129 19
        99 19
        18 19
        47 49
        48 49
        80 82
        81 82
        97 104
        102 104
        18 20
        19 20
        82 21
        87 21
        124 51
        49 51
        124 105
        54 105
        104 105
        49 52
        50 52
        51 52
        104 106
        105 106
        21 200
        200 22
        106 22
        20 22
        21 23
        22 23
        103 9
        26 10
        52 11
        23 12
    ]
]
