circuit_name:sqrt8mlnew_processed
[
    node:
    [
        1 x0 0 PI
        2 x1 0 PI
        3 x2 0 PI
        4 x3 0 PI
        5 x4 0 PI
        6 x5 0 PI
        7 x6 0 PI
        8 x7 0 PI
        9 y0 4 PO
        10 y1 8 PO
        11 y2 16 PO
        12 y3 28 PO
        13 n10 4 MAJ
        14 n11 5 MAJ
        15 n12 6 OR
        16 n13 3 OR
        17 n14 4 AND
        18 n15 4 MAJ
        19 n16 6 AND
        20 n17 2 OR
        21 n18 8 AND
        22 n19 10 MAJ
        23 n20 11 MAJ
        24 n21 12 OR
        25 n22 2 AND
        26 n23 2 MAJ
        27 n24 3 AND
        28 n25 4 MAJ
        29 n26 6 MAJ
        30 n27 13 MAJ
        31 n28 14 OR
        32 n29 1 OR
        33 n30 8 AND
        34 n31 3 OR
        35 n32 10 AND
        36 n33 11 MAJ
        37 n34 12 OR
        38 n35 3 MAJ
        39 n36 3 AND
        40 n37 4 MAJ
        41 n38 3 MAJ
        42 n39 5 MAJ
        43 n40 6 MAJ
        44 n41 11 AND
        45 n42 16 MAJ
        46 n43 17 AND
        47 n44 18 MAJ
        48 n45 17 AND
        49 n46 19 MAJ
        50 n47 20 MAJ
        51 n48 21 OR
        52 n49 16 AND
        53 n50 17 AND
        54 n51 18 OR
        55 n52 19 MAJ
        56 n53 22 MAJ
        57 n54 16 OR
        58 n55 16 AND
        59 n56 18 MAJ
        60 n57 19 MAJ
        61 n58 20 MAJ
        62 n59 23 MAJ
        63 n60 24 OR
        64 n61 16 AND
        65 n62 18 AND
        66 n63 25 MAJ
        67 n64 26 OR
        68 n65 16 AND
        69 n66 27 OR
        70 n9 2 AND
        71 v1 7 VIR
        72 v10 1 VIR
        73 v11 1 VIR
        74 v12 1 VIR
        75 v13 1 VIR
        76 v14 1 VIR
        77 v15 1 VIR
        78 v16 1 VIR
        79 v17 1 VIR
        80 v18 1 VIR
        81 v19 1 VIR
        82 v2 7 VIR
        83 v20 1 VIR
        84 v21 2 VIR
        85 v22 2 VIR
        86 v23 2 VIR
        87 v3 3 VIR
        88 v4 15 VIR
        89 v5 15 VIR
        90 v6 15 VIR
        91 v7 1 VIR
        92 v8 1 VIR
        93 v9 1 VIR
        94 not1 2 INV
        95 not2 2 INV
        96 not3 2 INV
        97 not4 3 INV
        98 not5 2 INV
        99 not6 4 INV
        100 not7 2 INV
        101 not8 2 INV
        102 not9 2 INV
        103 not10 4 INV
        104 not11 5 INV
        105 not12 5 INV
        106 not13 7 INV
        107 not14 9 INV
        108 not15 3 INV
        109 not16 9 INV
        110 not17 3 INV
        111 not18 7 INV
        112 not19 3 INV
        113 not20 7 INV
        114 not21 16 INV
        115 not22 16 INV
        116 not23 2 INV
        117 not24 12 INV
        118 not25 13 INV
        119 not26 12 INV
        120 not27 18 INV
        121 not28 2 INV
        122 not29 17 INV
        123 not30 17 INV
        124 not31 2 INV
        125 not32 3 INV
        126 not33 17 INV
        127 not34 17 INV
        128 not35 8 INV
        129 not36 4 INV
        130 not37 8 INV
    ]
    edge:
    [
        5 32
        6 32
        2 72
        2 73
        2 74
        3 75
        3 76
        3 77
        4 78
        4 79
        4 80
        5 81
        6 83
        1 91
        1 92
        1 93
        92 20
        73 20
        76 25
        79 25
        91 26
        72 26
        78 26
        74 94
        94 38
        77 38
        80 38
        73 95
        95 39
        79 39
        93 96
        96 41
        74 41
        80 41
        91 70
        72 70
        75 84
        76 85
        77 86
        70 97
        97 13
        75 13
        78 13
        84 16
        79 16
        78 27
        26 27
        85 34
        32 34
        74 98
        98 40
        93 40
        39 40
        39 99
        99 42
        77 42
        41 42
        20 87
        91 100
        100 14
        70 14
        13 14
        92 101
        101 17
        16 17
        92 102
        102 18
        73 18
        16 18
        72 28
        76 28
        27 28
        38 103
        103 43
        40 43
        42 43
        70 15
        14 15
        17 104
        104 19
        18 19
        28 105
        105 29
        25 29
        26 29
        15 106
        106 21
        75 21
        15 71
        19 82
        21 107
        107 22
        5 22
        6 22
        85 33
        71 33
        84 108
        108 23
        21 23
        22 23
        33 109
        109 35
        34 35
        21 24
        23 24
        20 110
        110 36
        29 36
        35 36
        43 111
        111 44
        35 44
        20 112
        112 30
        24 30
        29 30
        82 37
        36 37
        19 31
        30 31
        31 88
        31 89
        31 90
        43 113
        113 45
        89 45
        35 45
        89 114
        114 46
        29 46
        88 115
        115 48
        81 48
        81 116
        116 52
        88 52
        15 57
        88 57
        89 58
        32 58
        36 117
        117 64
        90 64
        37 118
        118 68
        90 68
        44 119
        119 47
        45 47
        46 47
        48 120
        120 49
        7 49
        8 49
        83 121
        121 53
        52 53
        58 122
        122 59
        86 59
        57 59
        64 123
        123 65
        19 65
        81 124
        124 50
        48 50
        49 50
        83 54
        53 54
        86 125
        125 60
        58 60
        59 60
        48 51
        50 51
        52 126
        126 55
        53 55
        54 55
        57 127
        127 61
        59 61
        60 61
        71 128
        128 56
        51 56
        55 56
        87 129
        129 62
        56 62
        61 62
        47 63
        62 63
        82 130
        130 66
        63 66
        64 66
        65 67
        66 67
        67 69
        68 69
        87 9
        71 10
        90 11
        69 12
    ]
]
