circuit_name:squar5new_processed
[
    node:
    [
        1 x0 0 PI
        2 x1 0 PI
        3 x2 0 PI
        4 x3 0 PI
        5 x4 0 PI
        6 y0 13 PO
        7 y1 14 PO
        8 y2 13 PO
        9 y3 6 PO
        10 y4 14 PO
        11 y5 14 PO
        12 y6 14 PO
        13 y7 13 PO
        14 n10 3 OR
        15 n100 11 AND
        16 n101 7 AND
        17 n102 8 AND
        18 n103 9 MAJ
        19 n104 9 OR
        20 n105 12 MAJ
        21 n106 13 OR
        22 n107 5 OR
        23 n108 7 AND
        24 n109 8 MAJ
        25 n11 5 AND
        26 n110 6 AND
        27 n111 6 MAJ
        28 n112 6 OR
        29 n113 7 MAJ
        30 n114 6 OR
        31 n115 8 AND
        32 n116 9 MAJ
        33 n117 8 AND
        34 n118 9 MAJ
        35 n119 9 OR
        36 n12 5 AND
        37 n120 11 MAJ
        38 n121 12 OR
        39 n13 6 AND
        40 n14 3 AND
        41 n15 4 AND
        42 n16 6 MAJ
        43 n17 7 MAJ
        44 n18 6 AND
        45 n19 7 MAJ
        46 n20 8 MAJ
        47 n21 9 AND
        48 n22 7 OR
        49 n23 10 MAJ
        50 n24 11 OR
        51 n25 6 AND
        52 n26 12 OR
        53 n27 3 AND
        54 n28 4 AND
        55 n29 4 AND
        56 n30 6 AND
        57 n31 7 AND
        58 n32 8 MAJ
        59 n33 3 AND
        60 n34 6 MAJ
        61 n35 7 AND
        62 n36 6 AND
        63 n37 7 MAJ
        64 n38 8 MAJ
        65 n39 9 AND
        66 n40 9 OR
        67 n41 11 MAJ
        68 n42 12 OR
        69 n43 6 AND
        70 n44 13 OR
        71 n45 6 AND
        72 n46 7 MAJ
        73 n47 8 MAJ
        74 n48 9 AND
        75 n49 6 OR
        76 n50 8 MAJ
        77 n51 9 MAJ
        78 n52 10 AND
        79 n53 11 OR
        80 n54 12 OR
        81 n55 4 AND
        82 n56 4 AND
        83 n57 5 MAJ
        84 n58 6 AND
        85 n59 4 AND
        86 n6 3 AND
        87 n60 6 MAJ
        88 n61 7 AND
        89 n62 2 OR
        90 n63 4 AND
        91 n64 6 AND
        92 n65 7 MAJ
        93 n66 8 MAJ
        94 n67 9 AND
        95 n68 6 AND
        96 n69 7 AND
        97 n7 4 AND
        98 n70 10 MAJ
        99 n71 7 OR
        100 n72 11 MAJ
        101 n73 12 OR
        102 n74 6 AND
        103 n75 7 AND
        104 n76 13 MAJ
        105 n77 2 OR
        106 n78 5 MAJ
        107 n79 6 AND
        108 n8 2 AND
        109 n80 6 AND
        110 n81 7 AND
        111 n82 9 MAJ
        112 n83 6 MAJ
        113 n84 6 MAJ
        114 n85 7 AND
        115 n86 3 OR
        116 n87 5 MAJ
        117 n88 4 MAJ
        118 n89 6 AND
        119 n9 3 AND
        120 n90 10 OR
        121 n91 12 MAJ
        122 n92 13 OR
        123 n93 6 OR
        124 n94 7 MAJ
        125 n95 6 AND
        126 n96 7 AND
        127 n97 8 MAJ
        128 n98 8 MAJ
        129 n99 9 MAJ
        130 v1 4 VIR
        131 v10 4 VIR
        132 v11 4 VIR
        133 v12 7 VIR
        134 v13 7 VIR
        135 v14 7 VIR
        136 v15 5 VIR
        137 v16 5 VIR
        138 v17 5 VIR
        139 v18 5 VIR
        140 v19 5 VIR
        141 v2 4 VIR
        142 v20 4 VIR
        143 v21 4 VIR
        144 v22 4 VIR
        145 v23 1 VIR
        146 v24 1 VIR
        147 v25 1 VIR
        148 v26 1 VIR
        149 v27 1 VIR
        150 v28 1 VIR
        151 v29 1 VIR
        152 v3 4 VIR
        153 v30 1 VIR
        154 v31 1 VIR
        155 v32 1 VIR
        156 v33 1 VIR
        157 v34 1 VIR
        158 v35 1 VIR
        159 v36 1 VIR
        160 v37 5 VIR
        161 v38 2 VIR
        162 v39 2 VIR
        163 v4 5 VIR
        164 v40 2 VIR
        165 v41 2 VIR
        166 v42 2 VIR
        167 v43 2 VIR
        168 v44 2 VIR
        169 v45 2 VIR
        170 v46 2 VIR
        171 v47 2 VIR
        172 v48 2 VIR
        173 v49 2 VIR
        174 v5 5 VIR
        175 v50 2 VIR
        176 v51 2 VIR
        177 v52 2 VIR
        178 v53 2 VIR
        179 v54 2 VIR
        180 v55 2 VIR
        181 v56 2 VIR
        182 v57 3 VIR
        183 v58 3 VIR
        184 v59 3 VIR
        185 v6 5 VIR
        186 v7 5 VIR
        187 v8 5 VIR
        188 v9 5 VIR
        189 not1 2 INV
        190 not2 2 INV
        191 not3 2 INV
        192 not4 2 INV
        193 not5 3 INV
        194 not6 2 INV
        195 not7 3 INV
        196 not8 3 INV
        197 not9 3 INV
        198 not10 5 INV
        199 not11 5 INV
        200 not12 5 INV
        201 not13 5 INV
        202 not14 5 INV
        203 not15 3 INV
        204 not16 6 INV
        205 not17 6 INV
        206 not18 3 INV
        207 not19 3 INV
        208 not20 3 INV
        209 not21 3 INV
        210 not22 5 INV
        211 not23 5 INV
        212 not24 3 INV
        213 not25 3 INV
        214 not26 4 INV
        215 not27 3 INV
        216 not28 3 INV
        217 not29 5 INV
        218 not30 3 INV
        219 not31 5 INV
        220 not32 5 INV
        221 not33 7 INV
        222 not34 3 INV
        223 not35 3 INV
        224 not36 7 INV
        225 not37 3 INV
        226 not38 7 INV
        227 not39 7 INV
        228 not40 7 INV
        229 not41 3 INV
        230 not42 3 INV
        231 not43 5 INV
        232 not44 7 INV
        233 not45 7 INV
        234 not46 7 INV
        235 not47 3 INV
        236 not48 7 INV
        237 not49 8 INV
        238 not50 5 INV
        239 not51 10 INV
        240 not52 8 INV
        241 not53 8 INV
        242 not54 8 INV
        243 not55 8 INV
        244 not56 10 INV
        245 not57 10 INV
        246 not58 8 INV
        247 not59 11 INV
        248 not60 10 INV
        249 not61 8 INV
    ]
    edge:
    [
        1 145
        1 146
        1 147
        2 148
        2 149
        2 150
        3 151
        3 153
        3 154
        4 155
        4 156
        5 157
        5 158
        5 159
        158 189
        189 53
        155 53
        156 190
        190 59
        153 59
        155 191
        191 86
        157 86
        4 89
        157 89
        154 105
        156 105
        155 108
        157 108
        145 161
        145 162
        145 164
        146 165
        146 166
        146 167
        147 168
        147 169
        147 170
        148 171
        148 172
        148 173
        149 175
        149 176
        149 177
        150 178
        150 179
        150 180
        151 181
        164 14
        172 14
        153 192
        192 40
        108 40
        171 193
        193 41
        161 41
        153 54
        53 54
        181 55
        86 55
        154 194
        194 81
        53 81
        162 195
        195 85
        172 85
        89 196
        196 90
        151 90
        181 197
        197 97
        86 97
        154 115
        89 115
        151 119
        108 119
        59 131
        59 132
        161 182
        165 183
        168 184
        176 22
        81 22
        97 198
        198 44
        161 44
        54 199
        199 62
        182 62
        55 200
        200 71
        164 71
        182 82
        171 82
        131 201
        201 87
        159 87
        85 87
        90 202
        202 91
        171 91
        184 116
        178 116
        81 116
        178 203
        203 117
        184 117
        115 117
        40 130
        81 136
        90 137
        90 138
        97 139
        97 140
        40 141
        119 142
        119 143
        119 144
        40 152
        41 163
        41 174
        41 185
        54 186
        54 187
        55 188
        139 204
        204 16
        186 16
        22 205
        205 23
        137 23
        143 25
        14 25
        152 26
        174 26
        166 206
        206 27
        174 27
        188 27
        177 28
        174 28
        167 30
        139 30
        172 207
        207 36
        142 36
        173 42
        130 42
        163 42
        173 208
        208 45
        130 45
        44 45
        170 209
        209 51
        140 51
        142 210
        210 56
        55 56
        131 211
        211 60
        158 60
        163 60
        170 212
        212 69
        187 69
        176 213
        213 72
        144 72
        71 72
        162 75
        188 75
        59 214
        214 83
        158 83
        82 83
        132 88
        87 88
        162 215
        215 92
        186 92
        91 92
        179 216
        216 102
        136 102
        159 106
        82 106
        105 106
        142 217
        217 109
        85 109
        168 112
        177 112
        187 112
        168 218
        218 113
        178 113
        137 113
        117 219
        219 118
        116 118
        186 123
        137 123
        143 220
        220 125
        164 125
        62 133
        130 160
        179 17
        16 17
        169 24
        136 24
        23 24
        26 29
        27 29
        28 29
        30 221
        221 31
        152 31
        133 33
        138 33
        165 222
        222 39
        36 39
        165 223
        223 43
        163 43
        42 43
        44 224
        224 46
        183 46
        45 46
        173 57
        56 57
        132 61
        60 61
        175 225
        225 63
        160 63
        62 63
        71 226
        226 73
        167 73
        72 73
        75 227
        227 76
        176 76
        141 76
        131 84
        83 84
        91 228
        228 93
        175 93
        92 93
        175 229
        229 95
        160 95
        170 103
        102 103
        105 230
        230 107
        106 107
        141 231
        231 110
        109 110
        112 114
        113 114
        185 124
        138 124
        123 124
        188 126
        125 126
        75 134
        75 135
        169 18
        139 18
        17 18
        180 32
        140 32
        31 32
        180 34
        187 34
        33 34
        24 35
        29 35
        44 232
        232 47
        46 47
        25 48
        39 48
        183 58
        143 58
        57 58
        62 233
        233 64
        166 64
        63 64
        71 234
        234 74
        73 74
        167 235
        235 77
        134 77
        76 77
        91 236
        236 94
        93 94
        166 96
        95 96
        39 99
        84 99
        110 237
        237 111
        84 111
        85 111
        179 127
        144 127
        126 127
        141 238
        238 128
        177 128
        134 128
        124 19
        127 19
        35 239
        239 37
        32 37
        34 37
        48 240
        240 49
        43 49
        47 49
        133 241
        241 65
        64 65
        43 66
        58 66
        135 78
        77 78
        96 242
        242 98
        152 98
        94 98
        107 120
        111 120
        134 243
        243 129
        169 129
        128 129
        129 244
        244 15
        135 15
        35 38
        37 38
        48 50
        49 50
        66 245
        245 67
        61 67
        65 67
        74 79
        78 79
        99 246
        246 100
        88 100
        98 100
        120 247
        247 121
        114 121
        118 121
        19 248
        248 20
        15 20
        18 20
        50 52
        51 52
        66 68
        67 68
        25 80
        79 80
        99 101
        100 101
        120 122
        121 122
        19 21
        20 21
        68 70
        69 70
        103 249
        249 104
        136 104
        101 104
        52 6
        70 7
        80 8
        185 9
        104 10
        122 11
        21 12
        38 13
    ]
]
