circuit_name:unregnew_processed
[
    node:
    [
        1 x0 0 PI
        2 x1 0 PI
        3 x2 0 PI
        4 x3 0 PI
        5 x4 0 PI
        6 x5 0 PI
        7 x6 0 PI
        8 x7 0 PI
        9 x8 0 PI
        10 x9 0 PI
        11 x10 0 PI
        12 x11 0 PI
        13 x12 0 PI
        14 x13 0 PI
        15 x14 0 PI
        16 x15 0 PI
        17 x16 0 PI
        18 x17 0 PI
        19 x18 0 PI
        20 x19 0 PI
        21 x20 0 PI
        22 x21 0 PI
        23 x22 0 PI
        24 x23 0 PI
        25 x24 0 PI
        26 x25 0 PI
        27 x26 0 PI
        28 x27 0 PI
        29 x28 0 PI
        30 x29 0 PI
        31 x30 0 PI
        32 x31 0 PI
        33 x32 0 PI
        34 x33 0 PI
        35 x34 0 PI
        36 x35 0 PI
        37 y0 10 PO
        38 y1 11 PO
        39 y2 10 PO
        40 y3 11 PO
        41 y4 10 PO
        42 y5 10 PO
        43 y6 11 PO
        44 y7 11 PO
        45 y8 11 PO
        46 y9 11 PO
        47 y10 10 PO
        48 y11 10 PO
        49 y12 11 PO
        50 y13 10 PO
        51 y14 10 PO
        52 y15 10 PO
        53 n100 6 AND
        54 n101 3 OR
        55 n102 8 AND
        56 n103 4 MAJ
        57 n104 3 MAJ
        58 n105 5 AND
        59 n106 3 OR
        60 n107 6 AND
        61 n108 8 AND
        62 n109 5 MAJ
        63 n110 4 MAJ
        64 n111 6 AND
        65 n112 4 OR
        66 n113 7 AND
        67 n114 9 AND
        68 n115 3 MAJ
        69 n116 4 MAJ
        70 n117 5 AND
        71 n118 3 OR
        72 n119 6 AND
        73 n120 8 AND
        74 n121 4 MAJ
        75 n122 3 MAJ
        76 n123 5 AND
        77 n124 3 OR
        78 n125 6 AND
        79 n126 8 AND
        80 n127 4 MAJ
        81 n128 3 MAJ
        82 n129 5 AND
        83 n130 3 OR
        84 n131 6 AND
        85 n132 8 AND
        86 n37 4 MAJ
        87 n38 3 MAJ
        88 n39 5 AND
        89 n40 3 OR
        90 n41 6 AND
        91 n42 8 AND
        92 n43 5 MAJ
        93 n44 4 MAJ
        94 n45 6 AND
        95 n46 4 OR
        96 n47 7 AND
        97 n48 9 AND
        98 n49 4 MAJ
        99 n50 3 MAJ
        100 n51 5 AND
        101 n52 3 OR
        102 n53 6 AND
        103 n54 8 AND
        104 n55 5 MAJ
        105 n56 4 MAJ
        106 n57 6 AND
        107 n58 4 OR
        108 n59 7 AND
        109 n60 9 AND
        110 n61 4 MAJ
        111 n62 3 MAJ
        112 n63 5 AND
        113 n64 3 OR
        114 n65 6 AND
        115 n66 8 AND
        116 n67 4 MAJ
        117 n68 3 MAJ
        118 n69 5 AND
        119 n70 3 OR
        120 n71 6 AND
        121 n72 8 AND
        122 n73 4 MAJ
        123 n74 4 MAJ
        124 n75 6 AND
        125 n76 7 AND
        126 n77 4 OR
        127 n78 9 AND
        128 n79 5 MAJ
        129 n80 3 MAJ
        130 n81 6 AND
        131 n82 7 AND
        132 n83 3 OR
        133 n84 9 AND
        134 n85 4 MAJ
        135 n86 4 MAJ
        136 n87 6 AND
        137 n88 7 AND
        138 n89 4 OR
        139 n90 9 AND
        140 n91 5 MAJ
        141 n92 3 MAJ
        142 n93 6 AND
        143 n94 7 AND
        144 n95 3 OR
        145 n96 9 AND
        146 n97 4 MAJ
        147 n98 3 MAJ
        148 n99 5 AND
        149 v1 1 VIR
        150 v10 2 VIR
        151 v11 2 VIR
        152 v12 2 VIR
        153 v13 2 VIR
        154 v14 2 VIR
        155 v15 2 VIR
        156 v16 2 VIR
        157 v17 2 VIR
        158 v18 2 VIR
        159 v19 2 VIR
        160 v2 1 VIR
        161 v20 2 VIR
        162 v21 2 VIR
        163 v22 2 VIR
        164 v23 2 VIR
        165 v24 2 VIR
        166 v25 2 VIR
        167 v26 2 VIR
        168 v27 2 VIR
        169 v28 2 VIR
        170 v29 2 VIR
        171 v3 1 VIR
        172 v30 2 VIR
        173 v31 2 VIR
        174 v32 2 VIR
        175 v33 2 VIR
        176 v34 2 VIR
        177 v35 2 VIR
        178 v36 2 VIR
        179 v37 3 VIR
        180 v38 3 VIR
        181 v39 3 VIR
        182 v4 1 VIR
        183 v40 3 VIR
        184 v41 3 VIR
        185 v42 3 VIR
        186 v43 3 VIR
        187 v44 3 VIR
        188 v45 3 VIR
        189 v46 3 VIR
        190 v47 3 VIR
        191 v48 3 VIR
        192 v49 3 VIR
        193 v5 1 VIR
        194 v50 3 VIR
        195 v51 3 VIR
        196 v6 1 VIR
        197 v7 1 VIR
        198 v8 1 VIR
        199 v9 1 VIR
        200 not1 3 INV
        201 not2 3 INV
        202 not3 3 INV
        203 not4 3 INV
        204 not5 3 INV
        205 not6 3 INV
        206 not7 3 INV
        207 not8 1 INV
        208 not9 3 INV
        209 not10 3 INV
        210 not11 3 INV
        211 not12 3 INV
        212 not13 4 INV
        213 not14 4 INV
        214 not15 4 INV
        215 not16 4 INV
        216 not17 4 INV
        217 not18 4 INV
        218 not19 4 INV
        219 not20 4 INV
        220 not21 4 INV
        221 not22 4 INV
        222 not23 4 INV
        223 not24 4 INV
        224 not25 4 INV
        225 not26 4 INV
        226 not27 5 INV
        227 not28 5 INV
        228 not29 5 INV
        229 not30 5 INV
        230 not31 4 INV
        231 not32 5 INV
        232 not33 4 INV
        233 not34 7 INV
        234 not35 7 INV
        235 not36 7 INV
        236 not37 7 INV
        237 not38 7 INV
        238 not39 7 INV
        239 not40 7 INV
        240 not41 7 INV
        241 not42 7 INV
        242 not43 8 INV
        243 not44 8 INV
        244 not45 8 INV
        245 not46 8 INV
        246 not47 8 INV
        247 not48 8 INV
        248 not49 8 INV
        249 not50 9 INV
        250 not51 10 INV
        251 not52 9 INV
        252 not53 10 INV
        253 not54 9 INV
        254 not55 9 INV
        255 not56 10 INV
        256 not57 10 INV
        257 not58 10 INV
        258 not59 10 INV
        259 not60 9 INV
        260 not61 9 INV
        261 not62 10 INV
        262 not63 9 INV
        263 not64 9 INV
        264 not65 9 INV
    ]
    edge:
    [
        6 149
        6 160
        6 171
        8 182
        8 193
        8 196
        10 197
        10 198
        10 199
        149 150
        149 151
        149 152
        160 153
        160 154
        160 155
        171 156
        171 157
        171 158
        182 159
        182 161
        182 162
        193 163
        193 164
        193 165
        196 166
        196 167
        196 168
        197 169
        197 170
        197 172
        198 173
        198 174
        198 175
        199 176
        199 177
        199 178
        9 54
        175 54
        156 200
        200 56
        166 56
        31 56
        156 57
        166 57
        13 57
        176 59
        11 59
        157 68
        167 68
        17 68
        157 201
        201 69
        1 69
        167 69
        177 71
        15 71
        157 202
        202 74
        167 74
        36 74
        158 75
        168 75
        19 75
        177 77
        17 77
        158 203
        203 80
        168 80
        35 80
        158 81
        168 81
        21 81
        178 83
        19 83
        150 204
        204 86
        159 86
        34 86
        150 87
        7 87
        159 87
        169 89
        21 89
        151 205
        205 98
        161 98
        24 98
        151 99
        161 99
        16 99
        170 101
        14 101
        152 206
        206 110
        162 110
        22 110
        3 207
        207 111
        152 111
        162 111
        172 113
        18 113
        152 208
        208 116
        162 116
        29 116
        2 117
        153 117
        163 117
        172 119
        20 119
        153 209
        209 122
        163 122
        28 122
        5 129
        154 129
        164 129
        4 132
        174 132
        154 210
        210 134
        164 134
        26 134
        155 141
        165 141
        9 141
        7 144
        175 144
        155 211
        211 146
        165 146
        32 146
        155 147
        165 147
        11 147
        150 179
        151 180
        153 181
        154 183
        156 184
        159 185
        161 186
        163 187
        164 188
        166 189
        169 190
        170 191
        173 192
        174 194
        176 195
        57 212
        212 58
        56 58
        184 213
        213 62
        189 62
        30 62
        184 63
        189 63
        20 63
        195 65
        13 65
        68 214
        214 70
        69 70
        75 215
        215 76
        74 76
        81 216
        216 82
        80 82
        87 217
        217 88
        86 88
        179 218
        218 92
        185 92
        25 92
        179 93
        185 93
        14 93
        190 95
        12 95
        99 219
        219 100
        98 100
        180 220
        220 104
        186 104
        23 104
        180 105
        186 105
        18 105
        191 107
        16 107
        111 221
        221 112
        110 112
        117 222
        222 118
        116 118
        4 123
        181 123
        187 123
        2 126
        192 126
        181 223
        223 128
        187 128
        27 128
        183 135
        188 135
        12 135
        5 138
        194 138
        183 224
        224 140
        188 140
        33 140
        147 225
        225 148
        146 148
        175 53
        148 53
        176 60
        58 60
        63 226
        226 64
        62 64
        177 72
        70 72
        178 78
        76 78
        178 84
        82 84
        169 90
        88 90
        93 227
        227 94
        92 94
        170 102
        100 102
        105 228
        228 106
        104 106
        172 114
        112 114
        173 120
        118 120
        123 229
        229 124
        122 124
        129 230
        230 130
        128 130
        135 231
        231 136
        134 136
        141 232
        232 142
        140 142
        53 233
        233 55
        54 55
        60 234
        234 61
        59 61
        195 66
        64 66
        72 235
        235 73
        71 73
        78 236
        236 79
        77 79
        84 237
        237 85
        83 85
        90 238
        238 91
        89 91
        190 96
        94 96
        102 239
        239 103
        101 103
        191 108
        106 108
        114 240
        240 115
        113 115
        120 241
        241 121
        119 121
        173 125
        124 125
        192 131
        130 131
        174 137
        136 137
        194 143
        142 143
        66 242
        242 67
        65 67
        96 243
        243 97
        95 97
        108 244
        244 109
        107 109
        125 245
        245 127
        126 127
        131 246
        246 133
        132 133
        137 247
        247 139
        138 139
        143 248
        248 145
        144 145
        91 249
        249 37
        97 250
        250 38
        103 251
        251 39
        109 252
        252 40
        115 253
        253 41
        121 254
        254 42
        127 255
        255 43
        133 256
        256 44
        139 257
        257 45
        145 258
        258 46
        55 259
        259 47
        61 260
        260 48
        67 261
        261 49
        73 262
        262 50
        79 263
        263 51
        85 264
        264 52
    ]
]
