circuit_name:x2new_processed
[
    node:
    [
        1 x0 0 PI
        2 x1 0 PI
        3 x2 0 PI
        4 x3 0 PI
        5 x4 0 PI
        6 x5 0 PI
        7 x6 0 PI
        8 x7 0 PI
        9 x8 0 PI
        10 x9 0 PI
        11 y0 13 PO
        12 y1 13 PO
        13 y2 6 PO
        14 y3 7 PO
        15 y4 5 PO
        16 y5 8 PO
        17 y6 8 PO
        18 n11 2 AND
        19 n12 4 MAJ
        20 n13 6 AND
        21 n14 1 OR
        22 n15 4 MAJ
        23 n16 5 AND
        24 n17 8 AND
        25 n18 9 MAJ
        26 n19 10 AND
        27 n20 3 MAJ
        28 n21 4 AND
        29 n22 2 OR
        30 n23 2 AND
        31 n24 3 MAJ
        32 n25 4 MAJ
        33 n26 5 MAJ
        34 n27 3 AND
        35 n28 6 AND
        36 n29 7 MAJ
        37 n30 11 AND
        38 n31 3 OR
        39 n32 1 OR
        40 n33 2 MAJ
        41 n34 3 AND
        42 n35 4 AND
        43 n36 5 MAJ
        44 n37 6 AND
        45 n38 1 AND
        46 n39 4 MAJ
        47 n40 6 AND
        48 n41 3 AND
        49 n42 3 AND
        50 n43 4 MAJ
        51 n44 5 MAJ
        52 n45 7 AND
        53 n46 9 MAJ
        54 n47 11 AND
        55 n48 3 AND
        56 n49 4 AND
        57 n50 3 AND
        58 n51 5 MAJ
        59 n52 6 MAJ
        60 n53 4 OR
        61 n54 2 OR
        62 n55 5 MAJ
        63 n56 6 AND
        64 n57 2 AND
        65 n58 4 MAJ
        66 n59 6 AND
        67 v1 2 VIR
        68 v10 1 VIR
        69 v11 1 VIR
        70 v12 1 VIR
        71 v13 2 VIR
        72 v14 2 VIR
        73 v15 2 VIR
        74 v16 2 VIR
        75 v17 2 VIR
        76 v18 2 VIR
        77 v19 2 VIR
        78 v2 2 VIR
        79 v20 2 VIR
        80 v21 2 VIR
        81 v3 1 VIR
        82 v4 1 VIR
        83 v5 1 VIR
        84 v6 1 VIR
        85 v7 1 VIR
        86 v8 1 VIR
        87 v9 1 VIR
        88 not1 1 INV
        89 not2 1 INV
        90 not3 2 INV
        91 not4 2 INV
        92 not5 3 INV
        93 not6 3 INV
        94 not7 2 INV
        95 not8 3 INV
        96 not9 3 INV
        97 not10 5 INV
        98 not11 3 INV
        99 not12 3 INV
        100 not13 3 INV
        101 not14 5 INV
        102 not15 4 INV
        103 not16 3 INV
        104 not17 5 INV
        105 not18 7 INV
        106 not19 2 INV
        107 not20 4 INV
        108 not21 2 INV
        109 not22 4 INV
        110 not23 3 INV
        111 not24 6 INV
        112 not25 5 INV
        113 not26 4 INV
        114 not27 6 INV
        115 not28 8 INV
        116 not29 10 INV
        117 not30 12 INV
        118 not31 12 INV
        119 not32 5 INV
        120 not33 4 INV
        121 not34 7 INV
        122 not35 7 INV
    ]
    edge:
    [
        5 88
        88 18
        4 18
        1 21
        2 21
        2 39
        3 39
        4 45
        5 45
        10 68
        10 69
        10 70
        3 81
        8 82
        8 83
        8 84
        9 85
        9 86
        9 87
        85 29
        68 29
        6 89
        89 30
        85 30
        82 40
        68 40
        39 40
        83 90
        90 48
        86 48
        70 91
        91 55
        87 55
        81 61
        70 61
        7 64
        84 64
        21 67
        68 71
        69 72
        70 73
        82 74
        83 75
        84 76
        85 77
        21 78
        86 79
        87 80
        74 92
        92 19
        71 19
        18 19
        74 93
        93 22
        3 22
        21 22
        81 27
        71 27
        67 27
        74 31
        77 31
        30 31
        75 34
        87 34
        82 38
        29 38
        39 94
        94 41
        40 41
        79 95
        95 46
        72 46
        45 46
        6 49
        77 49
        76 56
        55 56
        75 57
        72 57
        72 60
        48 60
        64 96
        96 65
        80 65
        73 65
        19 97
        97 20
        18 20
        67 98
        98 23
        22 23
        67 99
        99 28
        27 28
        77 100
        100 32
        71 32
        31 32
        7 42
        38 42
        46 101
        101 47
        45 47
        83 50
        69 50
        49 50
        57 102
        102 58
        80 58
        73 58
        61 103
        103 62
        78 62
        60 62
        65 104
        104 66
        64 66
        20 105
        105 24
        7 24
        69 106
        106 33
        29 33
        32 33
        41 107
        107 43
        1 43
        42 43
        86 108
        108 51
        48 51
        50 51
        57 109
        109 59
        76 59
        58 59
        78 110
        110 63
        62 63
        23 111
        111 25
        79 25
        24 25
        28 112
        112 35
        33 35
        42 44
        43 44
        24 26
        25 26
        34 113
        113 36
        33 36
        35 36
        51 114
        114 52
        44 52
        26 37
        36 37
        52 115
        115 53
        84 53
        47 53
        53 116
        116 54
        52 54
        37 117
        117 11
        54 118
        118 12
        56 119
        119 13
        59 14
        38 120
        120 15
        63 121
        121 16
        66 122
        122 17
    ]
]
