circuit_name:z4mlnew_processed
[
    node:
    [
        1 x0 0 PI
        2 x1 0 PI
        3 x2 0 PI
        4 x3 0 PI
        5 x4 0 PI
        6 x5 0 PI
        7 x6 0 PI
        8 y0 20 PO
        9 y1 16 PO
        10 y2 14 PO
        11 y3 7 PO
        12 n10 7 AND
        13 n100 6 MAJ
        14 n101 5 MAJ
        15 n102 7 AND
        16 n103 4 MAJ
        17 n104 5 AND
        18 n105 5 MAJ
        19 n106 6 MAJ
        20 n107 4 MAJ
        21 n108 6 AND
        22 n109 3 AND
        23 n11 3 AND
        24 n110 5 MAJ
        25 n111 6 AND
        26 n112 7 OR
        27 n113 8 MAJ
        28 n114 9 OR
        29 n115 14 OR
        30 n116 16 MAJ
        31 n117 17 OR
        32 n118 13 OR
        33 n119 18 MAJ
        34 n12 5 MAJ
        35 n120 19 OR
        36 n121 4 AND
        37 n122 5 MAJ
        38 n123 7 AND
        39 n124 4 AND
        40 n125 5 MAJ
        41 n126 7 AND
        42 n127 6 MAJ
        43 n128 7 AND
        44 n129 5 AND
        45 n13 6 AND
        46 n130 3 MAJ
        47 n131 4 MAJ
        48 n132 6 MAJ
        49 n133 8 OR
        50 n134 10 MAJ
        51 n135 11 OR
        52 n136 5 MAJ
        53 n137 6 AND
        54 n138 4 MAJ
        55 n139 4 MAJ
        56 n14 4 AND
        57 n140 5 AND
        58 n141 4 AND
        59 n142 5 MAJ
        60 n143 7 AND
        61 n144 4 MAJ
        62 n145 5 AND
        63 n146 7 MAJ
        64 n147 8 AND
        65 n148 9 OR
        66 n149 10 OR
        67 n15 5 MAJ
        68 n150 12 OR
        69 n151 14 MAJ
        70 n152 15 OR
        71 n153 6 MAJ
        72 n154 7 AND
        73 n155 4 AND
        74 n156 3 AND
        75 n157 5 MAJ
        76 n158 6 AND
        77 n159 3 AND
        78 n16 7 AND
        79 n160 7 OR
        80 n161 8 MAJ
        81 n162 6 MAJ
        82 n163 7 AND
        83 n164 6 MAJ
        84 n165 7 AND
        85 n166 6 MAJ
        86 n167 7 AND
        87 n168 8 OR
        88 n169 10 MAJ
        89 n17 8 AND
        90 n170 11 OR
        91 n171 5 MAJ
        92 n172 6 AND
        93 n173 3 AND
        94 n174 5 MAJ
        95 n175 6 AND
        96 n176 6 MAJ
        97 n177 7 AND
        98 n178 3 AND
        99 n179 4 AND
        100 n18 10 MAJ
        101 n180 5 AND
        102 n181 6 MAJ
        103 n182 4 AND
        104 n183 5 AND
        105 n184 6 AND
        106 n185 8 MAJ
        107 n186 7 OR
        108 n187 9 MAJ
        109 n188 10 OR
        110 n189 9 OR
        111 n19 11 MAJ
        112 n190 12 MAJ
        113 n191 13 OR
        114 n192 4 MAJ
        115 n193 5 MAJ
        116 n194 6 MAJ
        117 n20 12 OR
        118 n21 4 AND
        119 n22 5 MAJ
        120 n23 7 AND
        121 n24 3 OR
        122 n25 5 MAJ
        123 n26 6 AND
        124 n27 8 AND
        125 n28 7 AND
        126 n29 9 OR
        127 n30 3 AND
        128 n31 5 MAJ
        129 n32 7 AND
        130 n33 3 OR
        131 n34 4 MAJ
        132 n35 6 AND
        133 n36 7 OR
        134 n37 8 OR
        135 n38 10 MAJ
        136 n39 4 AND
        137 n40 5 MAJ
        138 n41 7 AND
        139 n42 4 AND
        140 n43 6 MAJ
        141 n44 7 AND
        142 n45 4 MAJ
        143 n46 6 AND
        144 n47 8 OR
        145 n48 9 AND
        146 n49 5 MAJ
        147 n50 7 AND
        148 n51 2 OR
        149 n52 5 MAJ
        150 n53 6 AND
        151 n54 3 AND
        152 n55 5 MAJ
        153 n56 6 AND
        154 n57 3 OR
        155 n58 4 OR
        156 n59 8 AND
        157 n60 9 MAJ
        158 n61 10 MAJ
        159 n62 11 AND
        160 n63 12 MAJ
        161 n64 12 MAJ
        162 n65 13 OR
        163 n66 14 OR
        164 n67 15 MAJ
        165 n68 16 OR
        166 n69 3 OR
        167 n70 5 MAJ
        168 n71 6 AND
        169 n72 3 OR
        170 n73 5 MAJ
        171 n74 6 AND
        172 n75 6 MAJ
        173 n76 7 AND
        174 n77 8 MAJ
        175 n78 7 MAJ
        176 n79 9 OR
        177 n8 4 AND
        178 n80 3 AND
        179 n81 3 OR
        180 n82 5 MAJ
        181 n83 6 AND
        182 n84 7 MAJ
        183 n85 9 AND
        184 n86 4 MAJ
        185 n87 5 AND
        186 n88 6 MAJ
        187 n89 7 AND
        188 n9 5 MAJ
        189 n90 6 AND
        190 n91 7 OR
        191 n92 8 MAJ
        192 n93 10 OR
        193 n94 12 MAJ
        194 n95 13 OR
        195 n96 3 AND
        196 n97 5 MAJ
        197 n98 6 AND
        198 n99 4 AND
        199 v1 4 VIR
        200 v10 5 VIR
        201 v100 3 VIR
        202 v101 3 VIR
        203 v102 3 VIR
        204 v103 3 VIR
        205 v104 3 VIR
        206 v105 3 VIR
        207 v106 3 VIR
        208 v11 4 VIR
        209 v12 4 VIR
        210 v13 4 VIR
        211 v14 1 VIR
        212 v15 1 VIR
        213 v16 1 VIR
        214 v17 1 VIR
        215 v18 1 VIR
        216 v19 1 VIR
        217 v2 4 VIR
        218 v20 1 VIR
        219 v21 1 VIR
        220 v22 1 VIR
        221 v23 1 VIR
        222 v24 1 VIR
        223 v25 1 VIR
        224 v26 1 VIR
        225 v27 1 VIR
        226 v28 1 VIR
        227 v29 1 VIR
        228 v3 4 VIR
        229 v30 1 VIR
        230 v31 1 VIR
        231 v32 1 VIR
        232 v33 1 VIR
        233 v34 1 VIR
        234 v35 5 VIR
        235 v36 5 VIR
        236 v37 2 VIR
        237 v38 2 VIR
        238 v39 2 VIR
        239 v4 4 VIR
        240 v40 2 VIR
        241 v41 2 VIR
        242 v42 2 VIR
        243 v43 2 VIR
        244 v44 2 VIR
        245 v45 2 VIR
        246 v46 2 VIR
        247 v47 2 VIR
        248 v48 2 VIR
        249 v49 2 VIR
        250 v5 5 VIR
        251 v50 2 VIR
        252 v51 2 VIR
        253 v52 2 VIR
        254 v53 2 VIR
        255 v54 2 VIR
        256 v55 2 VIR
        257 v56 2 VIR
        258 v57 2 VIR
        259 v58 2 VIR
        260 v59 2 VIR
        261 v6 3 VIR
        262 v60 2 VIR
        263 v61 2 VIR
        264 v62 2 VIR
        265 v63 2 VIR
        266 v64 2 VIR
        267 v65 2 VIR
        268 v66 2 VIR
        269 v67 2 VIR
        270 v68 2 VIR
        271 v69 2 VIR
        272 v7 3 VIR
        273 v70 2 VIR
        274 v71 2 VIR
        275 v72 2 VIR
        276 v73 2 VIR
        277 v74 2 VIR
        278 v75 2 VIR
        279 v76 2 VIR
        280 v77 2 VIR
        281 v78 2 VIR
        282 v79 2 VIR
        283 v8 4 VIR
        284 v80 2 VIR
        285 v81 2 VIR
        286 v82 2 VIR
        287 v83 2 VIR
        288 v84 2 VIR
        289 v85 2 VIR
        290 v86 2 VIR
        291 v87 2 VIR
        292 v88 2 VIR
        293 v89 2 VIR
        294 v9 4 VIR
        295 v90 2 VIR
        296 v91 3 VIR
        297 v92 3 VIR
        298 v93 3 VIR
        299 v94 3 VIR
        300 v95 3 VIR
        301 v96 3 VIR
        302 v97 3 VIR
        303 v98 3 VIR
        304 v99 3 VIR
        305 not1 3 INV
        306 not2 3 INV
        307 not3 3 INV
        308 not4 3 INV
        309 not5 3 INV
        310 not6 3 INV
        311 not7 3 INV
        312 not8 3 INV
        313 not9 3 INV
        314 not10 3 INV
        315 not11 2 INV
        316 not12 3 INV
        317 not13 3 INV
        318 not14 3 INV
        319 not15 3 INV
        320 not16 3 INV
        321 not17 3 INV
        322 not18 3 INV
        323 not19 4 INV
        324 not20 4 INV
        325 not21 3 INV
        326 not22 4 INV
        327 not23 3 INV
        328 not24 4 INV
        329 not25 4 INV
        330 not26 3 INV
        331 not27 3 INV
        332 not28 3 INV
        333 not29 4 INV
        334 not30 3 INV
        335 not31 5 INV
        336 not32 3 INV
        337 not33 4 INV
        338 not34 4 INV
        339 not35 4 INV
        340 not36 4 INV
        341 not37 4 INV
        342 not38 3 INV
        343 not39 6 INV
        344 not40 5 INV
        345 not41 3 INV
        346 not42 5 INV
        347 not43 5 INV
        348 not44 6 INV
        349 not45 6 INV
        350 not46 5 INV
        351 not47 4 INV
        352 not48 4 INV
        353 not49 6 INV
        354 not50 4 INV
        355 not51 5 INV
        356 not52 6 INV
        357 not53 5 INV
        358 not54 5 INV
        359 not55 5 INV
        360 not56 5 INV
        361 not57 4 INV
        362 not58 3 INV
        363 not59 6 INV
        364 not60 4 INV
        365 not61 5 INV
        366 not62 6 INV
        367 not63 5 INV
        368 not64 6 INV
        369 not65 4 INV
        370 not66 4 INV
        371 not67 4 INV
        372 not68 5 INV
        373 not69 5 INV
        374 not70 4 INV
        375 not71 4 INV
        376 not72 6 INV
        377 not73 4 INV
        378 not74 3 INV
        379 not75 3 INV
        380 not76 6 INV
        381 not77 7 INV
        382 not78 3 INV
        383 not79 4 INV
        384 not80 6 INV
        385 not81 9 INV
        386 not82 9 INV
        387 not83 7 INV
        388 not84 3 INV
        389 not85 5 INV
        390 not86 8 INV
        391 not87 9 INV
        392 not88 8 INV
        393 not89 3 INV
        394 not90 9 INV
        395 not91 9 INV
        396 not92 13 INV
        397 not93 10 INV
        398 not94 4 INV
        399 not95 11 INV
        400 not96 15 INV
        401 not97 3 INV
        402 not98 14 INV
    ]
    edge:
    [
        1 211
        1 212
        1 213
        2 214
        2 215
        2 216
        3 218
        3 219
        3 220
        4 221
        4 222
        4 223
        5 224
        5 225
        5 226
        6 227
        6 229
        6 230
        7 231
        7 232
        7 233
        211 148
        214 148
        211 236
        212 237
        213 238
        214 240
        214 241
        215 242
        215 243
        216 244
        216 245
        218 246
        218 247
        218 248
        219 249
        219 251
        219 252
        220 253
        220 254
        220 255
        221 256
        221 257
        221 258
        222 259
        222 260
        222 262
        223 263
        223 264
        223 265
        224 266
        224 267
        224 268
        225 269
        225 270
        225 271
        226 273
        226 274
        226 275
        227 276
        227 277
        227 278
        229 279
        229 280
        229 281
        230 282
        230 284
        230 285
        231 286
        231 287
        231 288
        232 289
        232 290
        232 291
        233 292
        233 293
        233 295
        241 305
        305 16
        251 16
        267 16
        253 22
        259 22
        241 23
        251 23
        242 306
        306 36
        237 36
        237 307
        307 39
        242 39
        216 46
        263 46
        273 46
        238 308
        308 47
        244 47
        273 47
        245 309
        309 54
        275 54
        295 54
        275 310
        310 55
        245 55
        265 55
        257 311
        311 56
        247 56
        263 312
        312 58
        244 58
        243 74
        260 74
        264 77
        285 77
        262 93
        271 93
        237 98
        259 98
        265 313
        313 114
        238 114
        295 114
        251 314
        314 118
        215 118
        252 121
        258 121
        212 315
        315 127
        248 127
        240 130
        248 130
        243 316
        316 136
        254 136
        249 317
        317 139
        212 139
        211 151
        246 151
        240 154
        256 154
        236 166
        246 166
        256 169
        266 169
        247 318
        318 177
        257 177
        236 178
        240 178
        247 179
        277 179
        246 319
        319 184
        276 184
        148 184
        253 195
        281 195
        282 201
        284 202
        286 203
        287 204
        289 205
        290 206
        292 207
        148 261
        148 272
        266 296
        267 297
        269 298
        270 299
        273 300
        276 301
        277 302
        279 303
        280 304
        268 320
        320 17
        16 17
        279 321
        321 18
        268 18
        16 18
        269 322
        322 20
        279 20
        130 20
        22 323
        323 24
        270 24
        281 24
        23 324
        324 34
        259 34
        280 34
        287 325
        325 37
        270 37
        36 37
        299 40
        287 40
        39 40
        262 44
        36 44
        207 326
        326 52
        274 52
        272 52
        54 57
        55 57
        275 59
        207 59
        58 59
        291 327
        327 61
        300 61
        154 61
        267 67
        278 67
        56 67
        213 73
        299 73
        74 328
        328 75
        282 75
        288 75
        93 329
        329 94
        201 94
        205 94
        253 330
        330 99
        98 99
        213 103
        23 103
        238 331
        331 115
        265 115
        114 115
        260 332
        332 119
        280 119
        118 119
        298 333
        333 122
        304 122
        121 122
        260 334
        334 131
        304 131
        130 131
        263 137
        202 137
        136 137
        139 335
        335 140
        258 140
        297 140
        258 142
        297 142
        127 142
        268 336
        336 146
        302 146
        139 146
        303 337
        337 149
        252 149
        261 149
        151 338
        338 152
        256 152
        266 152
        236 155
        154 155
        296 339
        339 167
        276 167
        166 167
        166 340
        340 170
        301 170
        169 170
        261 341
        341 185
        184 185
        269 342
        342 188
        303 188
        177 188
        242 198
        298 198
        22 199
        177 200
        178 208
        178 209
        178 210
        23 217
        127 228
        130 239
        139 250
        151 283
        151 294
        188 343
        343 12
        200 12
        155 344
        344 13
        254 13
        284 13
        255 345
        345 14
        202 14
        198 14
        16 346
        346 19
        17 19
        18 19
        239 347
        347 21
        20 21
        22 25
        24 25
        37 348
        348 38
        36 38
        40 349
        349 41
        39 41
        209 350
        350 42
        262 42
        271 42
        217 45
        34 45
        46 351
        351 48
        44 48
        47 48
        272 352
        352 53
        52 53
        59 353
        353 60
        58 60
        154 354
        354 62
        61 62
        217 355
        355 71
        264 71
        293 71
        74 76
        75 76
        67 356
        356 78
        56 78
        294 357
        357 81
        300 81
        289 81
        73 358
        358 83
        282 83
        289 83
        210 359
        359 85
        285 85
        291 85
        254 91
        201 91
        198 91
        93 95
        94 95
        199 360
        360 96
        274 96
        292 96
        244 101
        99 101
        205 361
        361 104
        103 104
        295 362
        362 116
        114 116
        115 116
        119 363
        363 120
        118 120
        121 364
        364 123
        122 123
        271 128
        281 128
        228 128
        239 365
        365 132
        131 132
        137 366
        366 138
        136 138
        250 141
        140 141
        142 367
        367 143
        127 143
        146 368
        368 147
        250 147
        261 369
        369 150
        149 150
        283 153
        152 153
        166 370
        370 168
        167 168
        169 371
        371 171
        170 171
        283 372
        372 172
        296 172
        301 172
        203 180
        208 180
        179 180
        208 373
        373 186
        249 186
        257 186
        203 374
        374 189
        185 189
        195 375
        375 196
        288 196
        209 196
        208 234
        209 235
        13 15
        14 15
        19 26
        21 26
        235 43
        42 43
        38 49
        41 49
        235 376
        376 63
        274 63
        291 63
        217 72
        71 72
        73 79
        76 79
        294 82
        81 82
        73 84
        83 84
        210 86
        85 86
        204 377
        377 89
        78 89
        198 92
        91 92
        199 97
        96 97
        255 102
        285 102
        101 102
        264 378
        378 105
        104 105
        290 124
        120 124
        290 379
        379 125
        123 125
        128 380
        380 129
        228 129
        206 133
        132 133
        141 144
        143 144
        153 381
        381 156
        277 156
        283 173
        172 173
        286 382
        382 175
        168 175
        171 175
        179 383
        383 181
        180 181
        234 384
        384 182
        278 182
        177 182
        234 187
        186 187
        278 190
        189 190
        195 197
        196 197
        206 27
        25 27
        26 27
        49 385
        385 50
        43 50
        48 50
        210 64
        63 64
        76 80
        77 80
        79 80
        82 87
        84 87
        89 386
        386 100
        12 100
        45 100
        105 387
        387 106
        102 106
        103 106
        92 107
        95 107
        124 126
        125 126
        129 134
        133 134
        284 388
        388 145
        144 145
        155 389
        389 157
        249 157
        156 157
        286 174
        171 174
        173 174
        182 390
        390 183
        200 183
        187 191
        189 191
        190 191
        26 28
        27 28
        49 51
        50 51
        62 65
        64 65
        87 391
        391 88
        153 88
        86 88
        107 392
        392 108
        97 108
        106 108
        72 110
        80 110
        292 111
        89 111
        100 111
        293 393
        393 135
        126 135
        134 135
        156 394
        394 158
        302 158
        157 158
        174 176
        175 176
        60 66
        65 66
        51 68
        53 68
        87 90
        88 90
        107 109
        108 109
        89 117
        111 117
        156 395
        395 159
        158 159
        176 192
        181 192
        117 32
        135 32
        68 396
        396 69
        57 69
        66 69
        110 397
        397 112
        90 112
        109 112
        204 398
        398 160
        150 160
        159 160
        288 161
        147 161
        159 161
        192 399
        399 193
        183 193
        191 193
        68 70
        69 70
        110 113
        112 113
        160 162
        161 162
        192 194
        193 194
        194 29
        197 29
        145 163
        162 163
        29 400
        400 30
        15 30
        28 30
        293 401
        401 164
        138 164
        163 164
        29 31
        30 31
        163 165
        164 165
        32 402
        402 33
        165 33
        31 33
        32 35
        33 35
        35 8
        70 9
        113 10
        116 11
    ]
]
