circuit_name:9symnew_processed
[
    node:
    [
        1 x0 0 PI
        2 x1 0 PI
        3 x2 0 PI
        4 x3 0 PI
        5 x4 0 PI
        6 x5 0 PI
        7 x6 0 PI
        8 x7 0 PI
        9 x8 0 PI
        10 y0 21 PO_0
        11 n10 4 OR_0
        12 n100 5 MAJ_1
        13 n101 6 AND_0
        14 n102 7 OR_0
        15 n103 8 MAJ_0
        16 n104 9 OR_0
        17 n105 3 AND_1
        18 n106 4 AND_1
        19 n107 4 AND_1
        20 n108 4 AND_0
        21 n109 5 MAJ_1
        22 n11 5 OR_0
        23 n110 6 AND_1
        24 n111 5 MAJ_0
        25 n112 6 AND_1
        26 n113 7 OR_0
        27 n114 8 MAJ_0
        28 n115 9 OR_0
        29 n116 8 OR_0
        30 n117 10 MAJ_1
        31 n118 11 OR_0
        32 n119 3 AND_1
        33 n12 3 AND_0
        34 n120 4 AND_1
        35 n121 5 MAJ_1
        36 n122 6 AND_0
        37 n123 4 AND_0
        38 n124 5 AND_0
        39 n125 3 OR_0
        40 n126 6 MAJ_1
        41 n127 7 AND_1
        42 n128 3 OR_0
        43 n129 4 AND_1
        44 n13 6 MAJ_1
        45 n130 5 AND_0
        46 n131 8 OR_0
        47 n132 9 MAJ_0
        48 n133 4 AND_0
        49 n134 4 AND_1
        50 n135 5 MAJ_1
        51 n136 6 AND_1
        52 n137 4 AND_1
        53 n138 5 AND_1
        54 n139 4 AND_1
        55 n14 7 AND_1
        56 n140 4 AND_1
        57 n141 4 AND_0
        58 n142 6 AND_0
        59 n143 7 OR_0
        60 n144 8 MAJ_0
        61 n145 5 AND_0
        62 n146 4 AND_1
        63 n147 6 MAJ_1
        64 n148 7 AND_1
        65 n149 4 OR_0
        66 n15 3 AND_1
        67 n150 5 MAJ_0
        68 n151 6 AND_1
        69 n152 3 AND_0
        70 n153 5 AND_1
        71 n154 7 OR_0
        72 n155 8 MAJ_0
        73 n156 9 OR_0
        74 n157 10 MAJ_1
        75 n158 11 OR_0
        76 n159 12 OR_0
        77 n16 4 AND_0
        78 n160 13 MAJ_1
        79 n161 14 OR_0
        80 n162 9 OR_0
        81 n163 15 MAJ_1
        82 n164 16 OR_0
        83 n165 5 MAJ_1
        84 n166 6 AND_1
        85 n167 6 MAJ_1
        86 n168 7 AND_0
        87 n169 8 OR_0
        88 n17 3 OR_0
        89 n170 9 MAJ_0
        90 n171 10 OR_0
        91 n172 3 AND_1
        92 n173 5 MAJ_1
        93 n174 6 AND_0
        94 n175 5 AND_0
        95 n176 4 OR_0
        96 n177 5 OR_0
        97 n178 6 MAJ_1
        98 n179 7 AND_1
        99 n18 5 MAJ_0
        100 n180 8 OR_0
        101 n181 9 MAJ_0
        102 n182 10 OR_0
        103 n183 3 OR_0
        104 n184 4 AND_1
        105 n185 4 AND_1
        106 n186 5 AND_1
        107 n187 4 AND_1
        108 n188 6 MAJ_1
        109 n189 7 AND_1
        110 n19 6 AND_1
        111 n190 6 AND_1
        112 n191 7 AND_1
        113 n192 8 MAJ_1
        114 n193 4 AND_1
        115 n194 4 AND_0
        116 n195 4 AND_1
        117 n196 5 MAJ_1
        118 n197 6 AND_1
        119 n198 4 AND_0
        120 n199 5 MAJ_1
        121 n20 3 OR_0
        122 n200 6 AND_1
        123 n201 7 OR_0
        124 n202 8 MAJ_0
        125 n203 9 OR_0
        126 n204 5 AND_1
        127 n205 4 AND_1
        128 n206 6 AND_0
        129 n207 7 OR_0
        130 n208 8 MAJ_0
        131 n209 5 AND_0
        132 n21 3 AND_1
        133 n210 9 OR_0
        134 n211 10 MAJ_0
        135 n212 3 AND_1
        136 n213 5 MAJ_1
        137 n214 6 AND_0
        138 n215 5 AND_1
        139 n216 3 OR_0
        140 n217 6 MAJ_0
        141 n218 7 AND_1
        142 n219 3 AND_1
        143 n22 4 AND_0
        144 n220 4 AND_0
        145 n221 8 OR_0
        146 n222 9 MAJ_0
        147 n223 10 OR_0
        148 n224 3 AND_0
        149 n225 3 AND_1
        150 n226 5 MAJ_1
        151 n227 6 AND_1
        152 n228 5 MAJ_1
        153 n229 6 AND_0
        154 n23 5 AND_0
        155 n230 3 AND_0
        156 n231 4 AND_0
        157 n232 3 OR_0
        158 n233 5 MAJ_1
        159 n234 6 AND_1
        160 n235 3 AND_0
        161 n236 4 AND_1
        162 n237 4 AND_0
        163 n238 5 AND_1
        164 n239 6 AND_1
        165 n24 7 AND_1
        166 n240 7 MAJ_0
        167 n241 4 AND_1
        168 n242 8 OR_0
        169 n243 9 MAJ_0
        170 n244 4 AND_1
        171 n245 5 MAJ_0
        172 n246 6 AND_1
        173 n247 6 MAJ_1
        174 n248 7 AND_0
        175 n249 3 AND_1
        176 n25 8 MAJ_1
        177 n250 6 MAJ_1
        178 n251 7 AND_1
        179 n252 10 OR_0
        180 n253 11 MAJ_1
        181 n254 12 OR_0
        182 n255 7 OR_0
        183 n256 13 MAJ_1
        184 n257 14 OR_0
        185 n258 11 OR_0
        186 n259 15 MAJ_1
        187 n26 3 AND_1
        188 n260 16 OR_0
        189 n261 11 OR_0
        190 n262 17 MAJ_1
        191 n263 18 OR_0
        192 n264 3 AND_1
        193 n265 4 AND_0
        194 n266 5 AND_0
        195 n267 6 OR_0
        196 n268 7 MAJ_0
        197 n269 5 AND_1
        198 n27 3 AND_1
        199 n270 8 OR_0
        200 n271 9 MAJ_0
        201 n272 4 AND_1
        202 n273 5 AND_1
        203 n274 5 AND_0
        204 n275 6 OR_0
        205 n276 7 MAJ_0
        206 n277 4 AND_1
        207 n278 8 OR_0
        208 n279 9 MAJ_0
        209 n28 3 AND_1
        210 n280 3 AND_1
        211 n281 4 MAJ_1
        212 n282 5 AND_1
        213 n283 5 AND_0
        214 n284 6 OR_0
        215 n285 7 MAJ_0
        216 n286 10 OR_0
        217 n287 11 MAJ_1
        218 n288 12 OR_0
        219 n289 3 AND_1
        220 n29 5 MAJ_1
        221 n290 5 MAJ_1
        222 n291 6 AND_1
        223 n292 3 OR_0
        224 n293 4 AND_1
        225 n294 3 OR_0
        226 n295 5 MAJ_0
        227 n296 6 AND_1
        228 n297 7 OR_0
        229 n298 8 MAJ_0
        230 n299 9 OR_0
        231 n30 6 AND_0
        232 n300 3 AND_0
        233 n301 5 MAJ_1
        234 n302 6 AND_1
        235 n303 5 MAJ_1
        236 n304 6 AND_1
        237 n305 5 AND_1
        238 n306 7 OR_0
        239 n307 8 MAJ_0
        240 n308 3 AND_1
        241 n309 5 MAJ_1
        242 n31 3 AND_0
        243 n310 6 AND_0
        244 n311 5 AND_1
        245 n312 5 MAJ_1
        246 n313 6 AND_0
        247 n314 7 OR_0
        248 n315 8 MAJ_0
        249 n316 9 OR_0
        250 n317 10 OR_0
        251 n318 11 MAJ_1
        252 n319 12 OR_0
        253 n32 4 AND_1
        254 n320 5 MAJ_1
        255 n321 6 AND_1
        256 n322 4 AND_0
        257 n323 7 OR_0
        258 n324 8 MAJ_0
        259 n325 5 AND_0
        260 n326 9 AND_1
        261 n327 10 MAJ_1
        262 n328 5 MAJ_1
        263 n329 6 AND_0
        264 n33 3 OR_0
        265 n330 5 MAJ_1
        266 n331 6 AND_0
        267 n332 7 OR_0
        268 n333 8 MAJ_0
        269 n334 9 OR_0
        270 n335 5 MAJ_1
        271 n336 6 AND_1
        272 n337 5 AND_0
        273 n338 3 AND_1
        274 n339 6 MAJ_1
        275 n34 4 AND_1
        276 n340 7 AND_1
        277 n341 5 MAJ_1
        278 n342 6 AND_1
        279 n343 10 OR_0
        280 n344 11 MAJ_1
        281 n345 12 OR_0
        282 n346 13 OR_0
        283 n347 14 MAJ_1
        284 n348 15 OR_0
        285 n349 17 OR_0
        286 n35 4 AND_1
        287 n350 19 MAJ_1
        288 n351 20 OR_0
        289 n36 5 AND_1
        290 n37 5 AND_0
        291 n38 6 OR_0
        292 n39 7 MAJ_0
        293 n40 9 OR_0
        294 n41 10 MAJ_1
        295 n42 11 OR_0
        296 n43 4 AND_1
        297 n44 3 AND_1
        298 n45 5 MAJ_1
        299 n46 6 AND_0
        300 n47 3 AND_1
        301 n48 3 AND_1
        302 n49 4 AND_1
        303 n50 3 AND_0
        304 n51 5 MAJ_1
        305 n52 6 AND_1
        306 n53 5 AND_0
        307 n54 7 OR_0
        308 n55 8 MAJ_0
        309 n56 3 AND_1
        310 n57 4 AND_0
        311 n58 3 AND_1
        312 n59 4 AND_1
        313 n60 3 AND_0
        314 n61 4 AND_1
        315 n62 5 OR_0
        316 n63 5 AND_0
        317 n64 6 MAJ_0
        318 n65 3 AND_1
        319 n66 4 AND_0
        320 n67 3 AND_1
        321 n68 4 AND_1
        322 n69 3 OR_0
        323 n70 3 AND_0
        324 n71 4 AND_0
        325 n72 4 AND_0
        326 n73 5 AND_1
        327 n74 5 MAJ_1
        328 n75 6 MAJ_1
        329 n76 7 AND_1
        330 n77 8 OR_0
        331 n78 9 MAJ_0
        332 n79 10 OR_0
        333 n80 3 AND_1
        334 n81 4 AND_0
        335 n82 3 AND_1
        336 n83 5 MAJ_1
        337 n84 6 AND_1
        338 n85 3 OR_0
        339 n86 3 AND_0
        340 n87 3 AND_1
        341 n88 4 MAJ_1
        342 n89 5 AND_1
        343 n90 4 AND_1
        344 n91 5 AND_1
        345 n92 6 OR_0
        346 n93 7 MAJ_0
        347 n94 4 OR_0
        348 n95 5 MAJ_0
        349 n96 6 AND_1
        350 n97 4 AND_1
        351 n98 4 AND_1
        352 n99 3 AND_1
        353 v1 4 VIR
        354 v10 4 VIR
        355 v100 2 VIR
        356 v101 2 VIR
        357 v102 2 VIR
        358 v103 2 VIR
        359 v104 2 VIR
        360 v105 2 VIR
        361 v106 2 VIR
        362 v107 2 VIR
        363 v108 2 VIR
        364 v109 2 VIR
        365 v11 4 VIR
        366 v110 2 VIR
        367 v111 2 VIR
        368 v112 2 VIR
        369 v113 2 VIR
        370 v114 2 VIR
        371 v115 2 VIR
        372 v116 2 VIR
        373 v117 2 VIR
        374 v118 2 VIR
        375 v119 2 VIR
        376 v12 5 VIR
        377 v120 3 VIR
        378 v121 3 VIR
        379 v122 3 VIR
        380 v123 3 VIR
        381 v124 3 VIR
        382 v125 3 VIR
        383 v126 3 VIR
        384 v127 3 VIR
        385 v128 3 VIR
        386 v129 3 VIR
        387 v13 4 VIR
        388 v130 3 VIR
        389 v131 3 VIR
        390 v14 4 VIR
        391 v15 4 VIR
        392 v16 4 VIR
        393 v17 4 VIR
        394 v18 4 VIR
        395 v19 5 VIR
        396 v2 5 VIR
        397 v20 1 VIR
        398 v21 1 VIR
        399 v22 1 VIR
        400 v23 1 VIR
        401 v24 1 VIR
        402 v25 1 VIR
        403 v26 1 VIR
        404 v27 1 VIR
        405 v28 1 VIR
        406 v29 1 VIR
        407 v3 5 VIR
        408 v30 1 VIR
        409 v31 1 VIR
        410 v32 1 VIR
        411 v33 1 VIR
        412 v34 1 VIR
        413 v35 1 VIR
        414 v36 1 VIR
        415 v37 1 VIR
        416 v38 1 VIR
        417 v39 1 VIR
        418 v4 4 VIR
        419 v40 1 VIR
        420 v41 1 VIR
        421 v42 1 VIR
        422 v43 1 VIR
        423 v44 1 VIR
        424 v45 1 VIR
        425 v46 1 VIR
        426 v47 2 VIR
        427 v48 2 VIR
        428 v49 2 VIR
        429 v5 5 VIR
        430 v50 2 VIR
        431 v51 2 VIR
        432 v52 2 VIR
        433 v53 2 VIR
        434 v54 2 VIR
        435 v55 2 VIR
        436 v56 2 VIR
        437 v57 2 VIR
        438 v58 2 VIR
        439 v59 2 VIR
        440 v6 4 VIR
        441 v60 2 VIR
        442 v61 2 VIR
        443 v62 2 VIR
        444 v63 2 VIR
        445 v64 2 VIR
        446 v65 2 VIR
        447 v66 2 VIR
        448 v67 2 VIR
        449 v68 2 VIR
        450 v69 2 VIR
        451 v7 4 VIR
        452 v70 2 VIR
        453 v71 2 VIR
        454 v72 2 VIR
        455 v73 2 VIR
        456 v74 2 VIR
        457 v75 2 VIR
        458 v76 2 VIR
        459 v77 2 VIR
        460 v78 2 VIR
        461 v79 2 VIR
        462 v8 4 VIR
        463 v80 2 VIR
        464 v81 2 VIR
        465 v82 2 VIR
        466 v83 2 VIR
        467 v84 2 VIR
        468 v85 2 VIR
        469 v86 2 VIR
        470 v87 2 VIR
        471 v88 2 VIR
        472 v89 2 VIR
        473 v9 4 VIR
        474 v90 2 VIR
        475 v91 2 VIR
        476 v92 2 VIR
        477 v93 2 VIR
        478 v94 2 VIR
        479 v95 2 VIR
        480 v96 2 VIR
        481 v97 2 VIR
        482 v98 2 VIR
        483 v99 2 VIR
    ]
    edge:
    [
        1 397
        1 398
        1 399
        2 400
        2 401
        2 402
        3 403
        3 404
        3 405
        4 406
        4 408
        4 409
        5 410
        5 411
        5 412
        6 413
        6 414
        6 415
        7 416
        7 417
        7 419
        8 420
        8 421
        8 422
        9 423
        9 424
        9 425
        419 355
        419 356
        419 357
        420 358
        420 359
        420 360
        421 361
        421 362
        421 363
        422 364
        422 366
        423 367
        423 368
        423 369
        424 370
        424 371
        424 372
        425 373
        425 374
        425 375
        397 426
        397 427
        397 428
        398 430
        398 431
        398 432
        399 433
        399 434
        399 435
        400 436
        400 437
        401 438
        401 439
        402 441
        403 442
        403 443
        403 444
        404 445
        404 446
        404 447
        405 448
        405 449
        405 450
        406 452
        406 453
        408 454
        408 455
        409 456
        409 457
        410 458
        410 459
        410 460
        411 461
        411 463
        411 464
        412 465
        412 466
        412 467
        413 468
        413 469
        413 470
        414 471
        414 472
        414 474
        415 475
        415 476
        415 477
        416 478
        416 479
        416 480
        417 481
        417 482
        417 483
        443 17
        454 17
        478 32
        358 32
        467 33
        356 33
        355 39
        422 39
        446 42
        456 42
        480 66
        369 66
        437 69
        454 69
        433 88
        447 88
        448 91
        465 91
        436 103
        453 103
        427 121
        454 121
        359 132
        367 132
        446 135
        355 135
        464 139
        364 139
        469 142
        479 142
        458 148
        468 148
        446 149
        364 149
        447 155
        474 155
        459 157
        481 157
        479 160
        368 160
        472 175
        482 175
        430 187
        438 187
        483 192
        370 192
        460 198
        361 198
        447 209
        371 209
        449 210
        374 210
        460 219
        481 219
        482 223
        369 223
        401 225
        444 225
        476 232
        356 232
        433 240
        445 240
        442 242
        453 242
        361 264
        370 264
        467 273
        477 273
        431 297
        444 297
        431 300
        438 300
        436 301
        408 301
        448 303
        366 303
        480 309
        359 309
        402 311
        445 311
        483 313
        363 313
        442 318
        406 318
        358 320
        367 320
        431 322
        438 322
        360 323
        369 323
        400 333
        452 333
        443 335
        480 335
        468 338
        358 338
        426 339
        436 339
        452 340
        478 340
        427 352
        452 352
        442 377
        458 378
        461 379
        468 380
        469 381
        470 382
        471 383
        472 384
        474 385
        475 386
        476 388
        478 389
        377 11
        382 11
        439 18
        17 18
        471 19
        323 19
        479 20
        320 20
        465 34
        32 34
        455 37
        383 37
        441 43
        42 43
        481 48
        132 48
        409 49
        379 49
        380 52
        368 52
        428 54
        242 54
        463 56
        309 56
        432 57
        17 57
        385 62
        364 62
        455 65
        378 65
        464 77
        66 77
        463 95
        384 95
        427 104
        103 104
        357 105
        323 105
        466 107
        386 107
        443 114
        32 114
        428 115
        301 115
        444 116
        383 116
        379 119
        362 119
        482 127
        132 127
        466 143
        132 143
        459 144
        142 144
        434 156
        155 156
        470 161
        160 161
        458 162
        32 162
        445 167
        121 167
        430 170
        69 170
        464 193
        192 193
        459 201
        160 201
        449 206
        339 206
        121 211
        148 211
        210 211
        463 224
        223 224
        437 253
        242 253
        357 256
        198 256
        483 275
        264 275
        377 286
        470 286
        460 296
        66 296
        428 302
        301 302
        461 310
        309 310
        434 312
        311 312
        465 314
        313 314
        426 319
        318 319
        384 321
        320 321
        475 324
        323 324
        381 325
        360 325
        426 334
        333 334
        338 341
        339 341
        340 341
        382 343
        361 343
        380 347
        389 347
        439 350
        318 350
        389 351
        320 351
        17 353
        297 354
        300 365
        311 387
        318 390
        322 391
        322 392
        333 393
        335 394
        69 418
        135 440
        157 451
        209 462
        240 473
        469 12
        351 12
        352 12
        381 21
        333 21
        20 21
        435 22
        11 22
        367 24
        334 24
        347 24
        388 35
        390 35
        34 35
        433 38
        37 38
        374 45
        343 45
        474 50
        48 50
        49 50
        378 53
        52 53
        402 61
        390 61
        471 67
        48 67
        65 67
        448 70
        321 70
        209 83
        338 83
        418 83
        388 92
        351 92
        91 92
        434 94
        286 94
        441 96
        95 96
        476 99
        77 99
        88 99
        450 106
        65 106
        355 117
        115 117
        116 117
        322 120
        52 120
        119 120
        432 126
        393 126
        356 131
        343 131
        366 136
        104 136
        135 136
        441 138
        37 138
        391 150
        148 150
        149 150
        386 152
        275 152
        353 152
        477 154
        143 154
        373 158
        156 158
        451 158
        148 163
        162 163
        362 171
        157 171
        170 171
        302 194
        144 194
        467 197
        275 197
        432 202
        11 202
        114 203
        115 203
        210 212
        211 212
        314 213
        43 213
        187 220
        198 220
        462 220
        363 221
        170 221
        219 221
        472 226
        201 226
        225 226
        374 233
        43 233
        232 233
        466 235
        311 235
        20 235
        449 237
        143 237
        456 241
        224 241
        240 241
        435 244
        353 244
        385 245
        296 245
        240 245
        366 254
        107 254
        170 254
        450 259
        143 259
        456 262
        297 262
        224 262
        475 265
        300 265
        127 265
        394 270
        339 270
        95 270
        435 272
        387 272
        392 277
        119 277
        440 277
        430 289
        286 289
        253 290
        275 290
        477 298
        296 298
        354 298
        372 304
        302 304
        303 304
        450 306
        296 306
        77 315
        310 315
        312 316
        314 316
        461 326
        325 326
        457 327
        391 327
        324 327
        362 336
        334 336
        335 336
        340 342
        341 342
        370 344
        253 344
        359 348
        319 348
        347 348
        302 376
        347 395
        52 396
        62 407
        107 429
        352 13
        12 13
        393 23
        21 23
        395 25
        24 25
        390 36
        35 36
        371 40
        38 40
        39 40
        375 44
        22 44
        33 44
        49 51
        50 51
        53 58
        54 58
        372 63
        61 63
        62 63
        65 68
        67 68
        209 84
        83 84
        373 85
        376 85
        407 85
        91 93
        92 93
        373 97
        313 97
        96 97
        357 108
        253 108
        429 108
        88 110
        99 110
        105 111
        106 111
        116 118
        117 118
        396 122
        120 122
        310 128
        126 128
        135 137
        136 137
        372 140
        138 140
        139 140
        149 151
        150 151
        353 153
        152 153
        451 159
        158 159
        368 164
        163 164
        157 172
        171 172
        187 173
        198 173
        396 173
        371 177
        61 177
        175 177
        289 195
        194 195
        202 204
        203 204
        202 214
        213 214
        219 222
        221 222
        225 227
        226 227
        462 231
        220 231
        232 234
        233 234
        387 236
        235 236
        473 243
        241 243
        473 246
        245 246
        107 255
        254 255
        297 263
        262 263
        300 266
        265 266
        394 271
        270 271
        375 274
        272 274
        273 274
        440 278
        277 278
        77 291
        290 291
        354 299
        298 299
        303 305
        304 305
        312 317
        315 317
        316 317
        457 328
        391 328
        326 328
        335 337
        336 337
        342 345
        343 345
        395 349
        348 349
        349 14
        13 14
        23 26
        25 26
        39 41
        40 41
        33 55
        44 55
        57 59
        58 59
        62 64
        63 64
        68 71
        69 71
        407 86
        85 86
        313 98
        97 98
        429 109
        108 109
        104 112
        111 112
        118 123
        122 123
        127 129
        128 129
        139 141
        140 141
        110 165
        121 165
        104 166
        162 166
        164 166
        396 174
        173 174
        175 178
        177 178
        151 182
        153 182
        193 196
        194 196
        195 196
        201 205
        203 205
        204 205
        193 215
        213 215
        214 215
        222 228
        227 228
        365 238
        236 238
        243 247
        246 247
        244 257
        255 257
        263 267
        266 267
        273 276
        274 276
        289 292
        290 292
        291 292
        365 307
        305 307
        327 329
        328 329
        342 346
        344 346
        345 346
        326 15
        350 15
        14 15
        18 27
        19 27
        26 27
        337 29
        346 29
        41 46
        43 46
        56 60
        58 60
        59 60
        68 72
        70 72
        71 72
        84 87
        86 87
        93 100
        98 100
        105 113
        109 113
        112 113
        334 124
        114 124
        123 124
        115 130
        128 130
        129 130
        137 145
        141 145
        161 168
        166 168
        110 176
        154 176
        165 176
        418 199
        196 199
        351 207
        205 207
        94 229
        224 229
        228 229
        236 239
        237 239
        238 239
        193 248
        244 248
        247 248
        255 258
        256 258
        257 258
        376 268
        326 268
        267 268
        305 308
        306 308
        307 308
        317 330
        329 330
        14 16
        15 16
        26 28
        27 28
        41 47
        45 47
        46 47
        51 73
        60 73
        299 80
        308 80
        53 89
        61 89
        87 89
        34 101
        94 101
        100 101
        123 125
        124 125
        350 133
        130 133
        18 146
        144 146
        145 146
        166 169
        167 169
        168 169
        196 200
        197 200
        199 200
        205 208
        206 208
        207 208
        228 230
        229 230
        247 249
        248 249
        392 260
        258 260
        267 269
        268 269
        55 293
        176 293
        319 331
        321 331
        330 331
        16 30
        28 30
        29 30
        64 74
        72 74
        73 74
        87 90
        89 90
        100 102
        101 102
        130 134
        131 134
        133 134
        145 147
        146 147
        169 179
        172 179
        200 216
        208 216
        230 250
        234 250
        258 261
        259 261
        260 261
        269 279
        271 279
        231 294
        292 294
        293 294
        330 332
        331 332
        29 31
        30 31
        73 75
        74 75
        174 180
        178 180
        179 180
        125 185
        134 185
        90 189
        102 189
        212 217
        215 217
        216 217
        239 251
        249 251
        250 251
        276 280
        278 280
        279 280
        293 295
        294 295
        31 76
        36 76
        179 181
        180 181
        216 218
        217 218
        250 252
        251 252
        279 281
        280 281
        47 78
        75 78
        76 78
        159 183
        181 183
        182 183
        218 282
        252 282
        76 79
        78 79
        182 184
        183 184
        261 283
        281 283
        282 283
        332 81
        79 81
        80 81
        147 186
        184 186
        185 186
        282 284
        283 284
        80 82
        81 82
        185 188
        186 188
        113 190
        188 190
        189 190
        295 285
        82 285
        189 191
        190 191
        191 287
        284 287
        285 287
        285 288
        287 288
        288 10
    ]
]
