circuit_name:apex7new_processed
[
    node:
    [
        1 x0 0 PI
        2 x1 0 PI
        3 x2 0 PI
        4 x3 0 PI
        5 x4 0 PI
        6 x5 0 PI
        7 x6 0 PI
        8 x7 0 PI
        9 x8 0 PI
        10 x9 0 PI
        11 x10 0 PI
        12 x11 0 PI
        13 x12 0 PI
        14 x13 0 PI
        15 x14 0 PI
        16 x15 0 PI
        17 x16 0 PI
        18 x17 0 PI
        19 x18 0 PI
        20 x19 0 PI
        21 x20 0 PI
        22 x21 0 PI
        23 x22 0 PI
        24 x23 0 PI
        25 x24 0 PI
        26 x25 0 PI
        27 x26 0 PI
        28 x27 0 PI
        29 x28 0 PI
        30 x29 0 PI
        31 x30 0 PI
        32 x31 0 PI
        33 x32 0 PI
        34 x33 0 PI
        35 x34 0 PI
        36 x35 0 PI
        37 x36 0 PI
        38 x37 0 PI
        39 x38 0 PI
        40 x39 0 PI
        41 x40 0 PI
        42 x41 0 PI
        43 x42 0 PI
        44 x43 0 PI
        45 x44 0 PI
        46 x45 0 PI
        47 x46 0 PI
        48 x47 0 PI
        49 x48 0 PI
        50 y0 9 PO_0
        51 y1 18 PO_0
        52 y2 8 PO_0
        53 y3 13 PO_1
        54 y4 7 PO_0
        55 y5 14 PO_0
        56 y6 6 PO_0
        57 y7 12 PO_0
        58 y8 13 PO_0
        59 y9 16 PO_0
        60 y10 5 PO_0
        61 y11 16 PO_0
        62 y12 18 PO_0
        63 y13 4 PO_0
        64 y14 18 PO_0
        65 y15 18 PO_0
        66 y16 5 PO_0
        67 y17 18 PO_0
        68 y18 19 PO_1
        69 y19 10 PO_0
        70 y20 17 PO_0
        71 y21 20 PO_0
        72 y22 3 PO_0
        73 y23 17 PO_0
        74 y24 5 PO_0
        75 y25 6 PO_0
        76 y26 9 PO_0
        77 y27 1 PO_0
        78 y28 5 PO_0
        79 y29 14 PO_0
        80 y30 8 PO_0
        81 y31 14 PO_0
        82 y32 3 PO_0
        83 y33 14 PO_0
        84 y34 6 PO_0
        85 y35 19 PO_1
        86 y36 6 PO_0
        87 n100 1 AND_1
        88 n101 2 MAJ_1
        89 n102 3 AND_1
        90 n103 1 AND_1
        91 n104 4 MAJ_1
        92 n105 5 AND_1
        93 n106 6 AND_0
        94 n107 7 AND_0
        95 n108 1 AND_0
        96 n109 2 AND_0
        97 n110 4 MAJ_1
        98 n111 3 AND_1
        99 n112 4 AND_0
        100 n113 1 OR_0
        101 n114 3 MAJ_0
        102 n115 4 AND_1
        103 n116 8 OR_0
        104 n117 9 MAJ_1
        105 n118 10 OR_0
        106 n119 11 AND_0
        107 n120 12 AND_0
        108 n121 4 AND_0
        109 n122 5 AND_1
        110 n123 13 MAJ_1
        111 n124 3 AND_1
        112 n125 4 AND_1
        113 n126 5 MAJ_0
        114 n127 5 AND_1
        115 n128 2 AND_0
        116 n129 5 MAJ_1
        117 n130 6 AND_0
        118 n131 7 OR_0
        119 n132 8 AND_1
        120 n133 9 MAJ_0
        121 n134 10 MAJ_1
        122 n135 10 MAJ_0
        123 n136 11 OR_0
        124 n137 4 AND_0
        125 n138 5 MAJ_1
        126 n139 6 AND_1
        127 n140 5 AND_0
        128 n141 6 AND_0
        129 n142 7 MAJ_1
        130 n143 2 AND_0
        131 n144 6 MAJ_1
        132 n145 7 AND_0
        133 n146 2 AND_0
        134 n147 5 MAJ_1
        135 n148 6 AND_0
        136 n149 6 AND_1
        137 n150 7 MAJ_0
        138 n151 8 MAJ_1
        139 n152 9 AND_1
        140 n153 10 OR_0
        141 n154 11 MAJ_0
        142 n155 12 OR_0
        143 n156 13 AND_0
        144 n157 14 OR_0
        145 n158 15 MAJ_0
        146 n159 3 MAJ_1
        147 n160 2 MAJ_1
        148 n161 4 AND_1
        149 n162 11 AND_1
        150 n163 12 AND_0
        151 n164 13 AND_0
        152 n165 14 OR_0
        153 n166 15 MAJ_0
        154 n167 11 AND_0
        155 n168 12 AND_0
        156 n169 3 AND_1
        157 n170 13 MAJ_1
        158 n171 14 AND_0
        159 n172 4 AND_0
        160 n173 5 MAJ_1
        161 n174 6 AND_1
        162 n175 15 OR_0
        163 n176 16 MAJ_1
        164 n177 17 OR_0
        165 n178 2 AND_1
        166 n179 3 AND_1
        167 n180 4 AND_1
        168 n181 5 AND_0
        169 n182 5 AND_0
        170 n183 6 AND_1
        171 n184 14 MAJ_1
        172 n185 4 AND_1
        173 n186 5 AND_0
        174 n187 4 AND_0
        175 n188 5 MAJ_1
        176 n189 6 AND_1
        177 n190 7 AND_1
        178 n191 8 AND_1
        179 n192 14 MAJ_0
        180 n193 15 OR_0
        181 n194 16 MAJ_1
        182 n195 17 OR_0
        183 n196 13 AND_1
        184 n197 2 AND_1
        185 n198 14 MAJ_0
        186 n199 15 AND_0
        187 n200 4 AND_1
        188 n201 12 MAJ_1
        189 n202 13 AND_0
        190 n203 14 AND_1
        191 n204 15 AND_1
        192 n205 16 MAJ_0
        193 n206 17 OR_0
        194 n207 2 AND_1
        195 n208 3 AND_0
        196 n209 4 MAJ_0
        197 n210 3 AND_1
        198 n211 16 AND_1
        199 n212 17 MAJ_0
        200 n213 5 AND_1
        201 n214 6 AND_0
        202 n215 3 AND_0
        203 n216 7 AND_1
        204 n217 12 MAJ_1
        205 n218 16 AND_0
        206 n219 17 AND_1
        207 n220 18 MAJ_1
        208 n221 7 AND_1
        209 n222 8 AND_0
        210 n223 9 MAJ_0
        211 n224 14 OR_0
        212 n225 15 AND_1
        213 n226 15 AND_0
        214 n227 16 OR_0
        215 n228 2 AND_1
        216 n229 15 MAJ_1
        217 n230 16 AND_0
        218 n231 15 AND_1
        219 n232 16 MAJ_0
        220 n233 17 OR_0
        221 n234 18 MAJ_0
        222 n235 19 OR_0
        223 n236 2 AND_1
        224 n237 14 MAJ_0
        225 n238 15 AND_0
        226 n239 5 AND_1
        227 n240 15 AND_1
        228 n241 16 MAJ_1
        229 n242 2 MAJ_1
        230 n243 3 MAJ_1
        231 n244 4 AND_1
        232 n245 3 AND_0
        233 n246 4 OR_0
        234 n247 4 MAJ_1
        235 n248 5 AND_1
        236 n249 2 OR_0
        237 n250 3 AND_1
        238 n251 7 AND_0
        239 n252 8 AND_1
        240 n253 3 MAJ_1
        241 n254 3 MAJ_1
        242 n255 4 AND_1
        243 n256 11 AND_0
        244 n257 12 AND_1
        245 n258 4 AND_0
        246 n259 5 OR_0
        247 n260 13 MAJ_0
        248 n261 5 OR_0
        249 n262 6 MAJ_0
        250 n263 7 OR_0
        251 n264 3 AND_0
        252 n265 4 AND_1
        253 n266 13 MAJ_1
        254 n267 2 AND_1
        255 n268 3 AND_0
        256 n269 4 AND_1
        257 n270 13 MAJ_1
        258 n271 3 AND_1
        259 n272 4 MAJ_0
        260 n273 5 MAJ_1
        261 n274 13 AND_1
        262 n275 14 AND_0
        263 n276 3 AND_1
        264 n277 15 AND_1
        265 n278 16 MAJ_1
        266 n279 15 OR_0
        267 n280 16 AND_1
        268 n281 17 OR_0
        269 n282 18 AND_1
        270 n283 4 OR_0
        271 n284 4 MAJ_1
        272 n285 5 AND_1
        273 n50 2 AND_0
        274 n51 3 MAJ_1
        275 n52 4 AND_1
        276 n53 1 AND_0
        277 n54 4 AND_1
        278 n55 5 MAJ_1
        279 n56 6 AND_0
        280 n57 7 OR_0
        281 n58 8 MAJ_0
        282 n59 1 AND_0
        283 n60 2 AND_1
        284 n61 3 AND_1
        285 n62 4 AND_1
        286 n63 2 AND_1
        287 n64 3 MAJ_1
        288 n65 4 AND_1
        289 n66 2 AND_1
        290 n67 3 MAJ_1
        291 n68 4 AND_1
        292 n69 5 OR_0
        293 n70 6 MAJ_1
        294 n71 7 OR_0
        295 n72 2 AND_1
        296 n73 3 MAJ_0
        297 n74 4 AND_1
        298 n75 2 AND_0
        299 n76 3 MAJ_1
        300 n77 4 AND_1
        301 n78 2 OR_0
        302 n79 3 MAJ_0
        303 n80 4 AND_1
        304 n81 8 OR_0
        305 n82 9 MAJ_1
        306 n83 10 OR_0
        307 n84 11 AND_0
        308 n85 3 AND_0
        309 n86 13 MAJ_1
        310 n87 14 AND_0
        311 n88 2 AND_1
        312 n89 16 AND_1
        313 n90 17 MAJ_0
        314 n91 2 MAJ_1
        315 n92 3 AND_0
        316 n93 5 AND_1
        317 n94 6 MAJ_1
        318 n95 7 MAJ_0
        319 n96 4 AND_0
        320 n97 5 OR_0
        321 n98 5 MAJ_1
        322 n99 6 AND_1
        323 v1 6 VIR
        324 v10 4 VIR
        325 v11 4 VIR
        326 v12 15 VIR
        327 v13 4 VIR
        328 v14 4 VIR
        329 v15 1 VIR
        330 v16 1 VIR
        331 v17 1 VIR
        332 v18 1 VIR
        333 v19 1 VIR
        334 v2 5 VIR
        335 v20 1 VIR
        336 v21 1 VIR
        337 v22 1 VIR
        338 v23 1 VIR
        339 v24 1 VIR
        340 v25 1 VIR
        341 v26 1 VIR
        342 v27 1 VIR
        343 v28 1 VIR
        344 v29 1 VIR
        345 v3 13 VIR
        346 v30 1 VIR
        347 v31 1 VIR
        348 v32 1 VIR
        349 v33 1 VIR
        350 v34 1 VIR
        351 v35 1 VIR
        352 v36 1 VIR
        353 v37 1 VIR
        354 v38 1 VIR
        355 v39 1 VIR
        356 v4 14 VIR
        357 v40 1 VIR
        358 v41 1 VIR
        359 v42 1 VIR
        360 v43 1 VIR
        361 v44 1 VIR
        362 v45 1 VIR
        363 v46 1 VIR
        364 v47 1 VIR
        365 v48 1 VIR
        366 v49 1 VIR
        367 v5 3 VIR
        368 v50 1 VIR
        369 v51 1 VIR
        370 v52 1 VIR
        371 v53 1 VIR
        372 v54 1 VIR
        373 v55 1 VIR
        374 v56 1 VIR
        375 v57 1 VIR
        376 v58 1 VIR
        377 v59 1 VIR
        378 v6 2 VIR
        379 v60 2 VIR
        380 v61 2 VIR
        381 v62 2 VIR
        382 v63 2 VIR
        383 v64 2 VIR
        384 v65 2 VIR
        385 v66 2 VIR
        386 v67 2 VIR
        387 v68 2 VIR
        388 v69 2 VIR
        389 v7 3 VIR
        390 v70 2 VIR
        391 v71 2 VIR
        392 v72 2 VIR
        393 v73 2 VIR
        394 v74 2 VIR
        395 v75 2 VIR
        396 v76 2 VIR
        397 v77 2 VIR
        398 v78 2 VIR
        399 v79 2 VIR
        400 v8 3 VIR
        401 v80 3 VIR
        402 v81 3 VIR
        403 v82 3 VIR
        404 v83 3 VIR
        405 v84 3 VIR
        406 v85 3 VIR
        407 v86 3 VIR
        408 v87 3 VIR
        409 v88 3 VIR
        410 v9 12 VIR
    ]
    edge:
    [
        27 87
        30 87
        3 90
        4 90
        23 95
        25 95
        10 100
        20 100
        3 276
        4 276
        37 282
        40 282
        14 329
        3 330
        22 331
        22 332
        22 333
        23 335
        23 336
        25 337
        25 338
        27 339
        27 340
        29 341
        29 342
        30 343
        30 344
        4 346
        33 347
        33 348
        34 349
        34 350
        34 351
        36 352
        36 353
        36 354
        37 355
        37 357
        38 358
        39 359
        39 360
        39 361
        40 362
        5 363
        5 364
        5 365
        42 366
        42 368
        42 369
        43 370
        43 371
        43 372
        45 373
        45 374
        45 375
        47 376
        8 377
        349 88
        47 88
        87 88
        14 96
        95 96
        344 115
        350 115
        339 130
        344 130
        339 133
        349 133
        32 147
        369 147
        373 147
        9 165
        335 165
        355 184
        362 184
        338 194
        26 194
        341 215
        347 215
        15 223
        375 223
        329 229
        369 229
        374 229
        338 236
        373 236
        12 254
        375 254
        346 273
        364 273
        29 283
        282 283
        13 286
        331 286
        16 289
        331 289
        17 295
        332 295
        332 298
        353 298
        18 301
        332 301
        337 311
        368 311
        363 314
        38 314
        276 314
        282 378
        352 379
        353 380
        359 381
        363 382
        364 383
        365 384
        366 385
        366 386
        368 387
        368 388
        369 390
        370 391
        370 392
        370 393
        371 394
        371 395
        371 396
        372 397
        372 398
        372 399
        87 89
        88 89
        35 98
        392 98
        337 101
        392 101
        100 101
        383 111
        6 111
        1 146
        388 146
        373 146
        347 156
        385 156
        399 166
        165 166
        14 195
        194 195
        11 197
        387 197
        33 202
        283 202
        20 230
        390 230
        374 230
        1 232
        388 232
        336 237
        236 237
        32 240
        390 240
        374 240
        329 241
        390 241
        375 241
        41 251
        396 251
        396 255
        46 255
        346 258
        383 258
        383 263
        7 263
        358 274
        395 274
        273 274
        331 284
        379 284
        352 287
        359 287
        286 287
        352 290
        359 290
        289 290
        379 296
        381 296
        295 296
        360 299
        48 299
        298 299
        353 302
        360 302
        301 302
        385 308
        393 308
        276 315
        314 315
        273 367
        283 389
        283 400
        391 401
        392 402
        393 403
        394 404
        395 405
        396 406
        397 407
        398 408
        399 409
        38 91
        89 91
        90 91
        335 97
        401 97
        96 97
        337 99
        98 99
        100 102
        101 102
        405 108
        49 108
        12 112
        111 112
        403 124
        47 124
        146 148
        147 148
        19 159
        403 159
        394 167
        400 167
        404 172
        378 172
        341 174
        402 174
        366 187
        401 187
        26 196
        398 196
        195 196
        229 231
        230 231
        35 233
        232 233
        35 234
        406 234
        232 234
        240 242
        241 242
        405 245
        44 245
        361 252
        251 252
        354 256
        255 256
        384 259
        397 259
        258 259
        330 270
        367 270
        330 271
        407 271
        367 271
        273 275
        274 275
        363 277
        401 277
        21 285
        284 285
        286 288
        287 288
        289 291
        290 291
        295 297
        296 297
        298 300
        299 300
        301 303
        302 303
        349 319
        315 319
        308 324
        308 325
        315 327
        315 328
        90 92
        91 92
        354 109
        108 109
        384 113
        409 113
        112 113
        395 114
        328 114
        404 116
        327 116
        115 116
        339 125
        343 125
        124 125
        358 127
        124 127
        402 134
        327 134
        133 134
        385 160
        389 160
        159 160
        386 168
        167 168
        377 169
        324 169
        387 173
        172 173
        355 175
        40 175
        174 175
        18 200
        285 200
        342 226
        172 226
        233 235
        234 235
        361 246
        245 246
        99 248
        102 248
        346 260
        258 260
        259 260
        270 272
        271 272
        402 278
        276 278
        277 278
        288 292
        291 292
        351 316
        328 316
        343 320
        319 320
        343 321
        393 321
        319 321
        124 334
        391 93
        92 93
        115 117
        116 117
        334 126
        125 126
        350 128
        127 128
        278 131
        327 131
        130 131
        133 135
        134 135
        376 136
        278 136
        159 161
        160 161
        282 170
        169 170
        174 176
        175 176
        382 201
        200 201
        2 249
        397 249
        248 249
        358 279
        278 279
        381 293
        285 293
        292 293
        406 317
        328 317
        316 317
        320 322
        321 322
        92 323
        382 94
        93 94
        350 118
        322 118
        334 129
        126 129
        128 129
        130 132
        131 132
        344 137
        135 137
        136 137
        386 177
        176 177
        201 203
        202 203
        24 208
        323 208
        365 238
        323 238
        248 250
        249 250
        330 280
        279 280
        292 294
        293 294
        351 318
        316 318
        317 318
        94 103
        97 103
        404 119
        118 119
        376 138
        136 138
        137 138
        377 178
        177 178
        365 209
        208 209
        237 239
        238 239
        275 281
        279 281
        280 281
        294 304
        297 304
        99 104
        102 104
        103 104
        340 120
        322 120
        119 120
        136 139
        138 139
        24 210
        408 210
        209 210
        300 305
        303 305
        304 305
        103 105
        104 105
        340 121
        117 121
        120 121
        340 122
        114 122
        120 122
        129 140
        139 140
        304 306
        305 306
        360 106
        105 106
        121 123
        122 123
        351 141
        132 141
        140 141
        361 149
        105 149
        391 154
        306 154
        354 243
        105 243
        382 307
        306 307
        333 107
        106 107
        140 142
        141 142
        333 150
        149 150
        364 155
        154 155
        8 188
        307 188
        187 188
        307 204
        202 204
        203 204
        333 244
        243 244
        307 410
        107 110
        108 110
        109 110
        380 143
        107 143
        380 151
        150 151
        389 157
        155 157
        156 157
        8 183
        155 183
        187 189
        188 189
        244 247
        245 247
        246 247
        244 253
        251 253
        252 253
        150 257
        255 257
        256 257
        92 261
        204 261
        389 309
        410 309
        308 309
        155 345
        31 144
        143 144
        28 152
        151 152
        156 158
        157 158
        377 171
        345 171
        170 171
        387 179
        345 179
        178 179
        325 185
        183 185
        184 185
        394 190
        189 190
        324 211
        183 211
        400 224
        325 224
        183 224
        7 262
        261 262
        324 310
        309 310
        189 356
        399 145
        143 145
        144 145
        407 153
        151 153
        152 153
        158 162
        161 162
        168 180
        171 180
        184 186
        185 186
        355 191
        190 191
        357 212
        211 212
        357 213
        356 213
        378 216
        211 216
        215 216
        341 218
        190 218
        400 225
        224 225
        356 227
        226 227
        310 264
        262 264
        310 266
        323 266
        310 326
        348 163
        159 163
        162 163
        173 181
        179 181
        180 181
        362 192
        356 192
        191 192
        326 198
        197 198
        335 205
        326 205
        212 214
        213 214
        215 217
        216 217
        347 219
        189 219
        218 219
        342 228
        225 228
        227 228
        262 265
        263 265
        264 265
        7 267
        266 267
        326 312
        311 312
        162 164
        163 164
        180 182
        181 182
        186 193
        192 193
        11 199
        398 199
        198 199
        204 206
        205 206
        217 220
        219 220
        265 268
        267 268
        338 313
        407 313
        312 313
        336 207
        408 207
        206 207
        348 221
        172 221
        220 221
        409 269
        268 269
        220 222
        221 222
        281 50
        313 51
        318 52
        410 53
        322 54
        110 55
        113 56
        123 57
        142 58
        145 59
        148 60
        153 61
        164 62
        166 63
        182 64
        193 65
        196 66
        199 67
        207 68
        210 69
        214 70
        222 71
        223 72
        228 73
        231 74
        235 75
        239 76
        20 77
        242 78
        247 79
        250 80
        253 81
        254 82
        257 83
        260 84
        269 85
        272 86
    ]
]
