circuit_name:b9new_processed
[
    node:
    [
        1 x0 0 PI
        2 x1 0 PI
        3 x2 0 PI
        4 x3 0 PI
        5 x4 0 PI
        6 x5 0 PI
        7 x6 0 PI
        8 x7 0 PI
        9 x8 0 PI
        10 x9 0 PI
        11 x10 0 PI
        12 x11 0 PI
        13 x12 0 PI
        14 x13 0 PI
        15 x14 0 PI
        16 x15 0 PI
        17 x16 0 PI
        18 x17 0 PI
        19 x18 0 PI
        20 x19 0 PI
        21 x20 0 PI
        22 x21 0 PI
        23 x22 0 PI
        24 x23 0 PI
        25 x24 0 PI
        26 x25 0 PI
        27 x26 0 PI
        28 x27 0 PI
        29 x28 0 PI
        30 x29 0 PI
        31 x30 0 PI
        32 x31 0 PI
        33 x32 0 PI
        34 x33 0 PI
        35 x34 0 PI
        36 x35 0 PI
        37 x36 0 PI
        38 x37 0 PI
        39 x38 0 PI
        40 x39 0 PI
        41 x40 0 PI
        42 y0 10 PO_1
        43 y1 9 PO_1
        44 y2 7 PO_1
        45 y3 8 PO_1
        46 y4 8 PO_1
        47 y5 4 PO_0
        48 y6 4 PO_1
        49 y7 7 PO_0
        50 y8 3 PO_0
        51 y9 4 PO_0
        52 y10 12 PO_0
        53 y11 9 PO_1
        54 y12 11 PO_0
        55 y13 8 PO_1
        56 y14 5 PO_0
        57 y15 11 PO_1
        58 y16 4 PO_0
        59 y17 3 PO_0
        60 y18 9 PO_1
        61 y19 9 PO_0
        62 y20 9 PO_1
        63 n100 5 AND_0
        64 n101 6 AND_0
        65 n102 7 AND_0
        66 n103 9 MAJ_1
        67 n104 3 AND_0
        68 n105 10 OR_0
        69 n106 11 MAJ_0
        70 n107 2 AND_0
        71 n108 3 AND_0
        72 n109 3 AND_1
        73 n110 4 MAJ_1
        74 n111 5 AND_1
        75 n112 2 AND_1
        76 n113 3 MAJ_1
        77 n114 4 AND_1
        78 n115 2 OR_0
        79 n116 6 MAJ_1
        80 n117 7 OR_0
        81 n118 4 AND_0
        82 n119 8 OR_0
        83 n120 2 AND_0
        84 n121 3 AND_1
        85 n122 4 MAJ_1
        86 n123 5 OR_0
        87 n124 2 OR_0
        88 n125 6 MAJ_0
        89 n126 7 AND_1
        90 n127 2 AND_0
        91 n128 3 OR_0
        92 n129 1 OR_0
        93 n130 4 MAJ_0
        94 n131 5 AND_1
        95 n132 8 AND_0
        96 n133 9 OR_0
        97 n134 10 MAJ_0
        98 n135 1 AND_0
        99 n136 3 MAJ_1
        100 n137 4 AND_0
        101 n138 1 AND_0
        102 n139 2 MAJ_1
        103 n140 3 AND_1
        104 n141 1 AND_1
        105 n142 2 AND_0
        106 n143 3 AND_0
        107 n144 3 AND_1
        108 n145 4 MAJ_1
        109 n146 5 OR_0
        110 n147 6 MAJ_0
        111 n148 7 OR_0
        112 n149 8 OR_0
        113 n42 3 AND_1
        114 n43 4 AND_0
        115 n44 5 MAJ_0
        116 n45 2 AND_1
        117 n46 3 OR_0
        118 n47 2 AND_1
        119 n48 4 AND_0
        120 n49 5 MAJ_1
        121 n50 2 AND_0
        122 n51 6 OR_0
        123 n52 7 MAJ_0
        124 n53 8 AND_1
        125 n54 9 AND_1
        126 n55 3 AND_0
        127 n56 4 MAJ_1
        128 n57 5 AND_1
        129 n58 2 AND_1
        130 n59 3 AND_1
        131 n60 6 MAJ_1
        132 n61 7 OR_0
        133 n62 8 MAJ_0
        134 n63 3 MAJ_0
        135 n64 4 AND_0
        136 n65 2 AND_0
        137 n66 3 OR_0
        138 n67 4 AND_0
        139 n68 5 MAJ_1
        140 n69 6 AND_0
        141 n70 3 OR_0
        142 n71 4 MAJ_1
        143 n72 5 MAJ_1
        144 n73 6 AND_0
        145 n74 7 AND_0
        146 n75 7 AND_1
        147 n76 2 AND_0
        148 n77 3 OR_0
        149 n78 1 OR_0
        150 n79 2 MAJ_1
        151 n80 3 OR_0
        152 n81 4 AND_0
        153 n82 5 AND_1
        154 n83 1 AND_0
        155 n84 1 OR_0
        156 n85 2 AND_1
        157 n86 3 AND_1
        158 n87 6 AND_1
        159 n88 1 AND_0
        160 n89 2 MAJ_1
        161 n90 3 AND_0
        162 n91 1 OR_0
        163 n92 4 AND_1
        164 n93 5 AND_0
        165 n94 6 MAJ_0
        166 n95 2 AND_1
        167 n96 7 MAJ_1
        168 n97 8 AND_0
        169 n98 2 AND_1
        170 n99 4 MAJ_1
        171 v1 2 VIR
        172 v10 1 VIR
        173 v11 1 VIR
        174 v12 1 VIR
        175 v13 1 VIR
        176 v14 1 VIR
        177 v15 1 VIR
        178 v16 1 VIR
        179 v17 1 VIR
        180 v18 1 VIR
        181 v19 1 VIR
        182 v2 1 VIR
        183 v20 2 VIR
        184 v21 2 VIR
        185 v22 2 VIR
        186 v23 2 VIR
        187 v24 2 VIR
        188 v25 2 VIR
        189 v26 2 VIR
        190 v3 1 VIR
        191 v4 1 VIR
        192 v5 1 VIR
        193 v6 1 VIR
        194 v7 1 VIR
        195 v8 1 VIR
        196 v9 1 VIR
    ]
    edge:
    [
        22 92
        24 92
        13 98
        17 98
        2 101
        30 101
        30 104
        32 104
        27 149
        31 149
        15 154
        36 154
        1 155
        36 155
        12 159
        17 159
        25 162
        29 162
        35 172
        35 173
        38 174
        38 175
        40 176
        5 177
        5 178
        5 179
        41 180
        9 181
        19 182
        19 190
        19 191
        21 192
        21 193
        21 194
        25 195
        35 196
        23 70
        180 70
        9 75
        190 75
        10 78
        195 78
        196 83
        37 83
        178 87
        14 87
        194 90
        173 90
        32 102
        34 102
        101 102
        2 105
        104 105
        192 116
        196 116
        11 118
        182 118
        40 121
        180 121
        179 129
        25 129
        181 136
        23 136
        191 147
        194 147
        16 150
        20 150
        149 150
        154 156
        155 156
        191 160
        33 160
        159 160
        177 166
        6 166
        177 169
        8 169
        162 171
        182 183
        182 184
        190 185
        190 186
        191 187
        192 188
        196 189
        7 67
        187 67
        181 71
        70 71
        178 72
        184 72
        193 76
        172 76
        75 76
        192 84
        83 84
        174 91
        90 91
        187 99
        33 99
        98 99
        101 103
        102 103
        9 106
        189 106
        10 107
        188 107
        188 113
        38 113
        37 117
        116 117
        177 126
        184 126
        29 130
        129 130
        181 134
        185 134
        116 134
        3 137
        136 137
        185 141
        174 141
        175 148
        147 148
        149 151
        150 151
        39 157
        156 157
        159 161
        160 161
        193 73
        172 73
        72 73
        75 77
        76 77
        176 81
        71 81
        183 85
        162 85
        84 85
        26 93
        91 93
        92 93
        98 100
        99 100
        10 108
        106 108
        107 108
        189 114
        113 114
        117 119
        118 119
        193 127
        172 127
        126 127
        116 135
        134 135
        121 138
        137 138
        194 142
        173 142
        141 142
        15 152
        151 152
        117 163
        162 163
        183 170
        117 170
        169 170
        169 63
        170 63
        72 74
        73 74
        171 86
        85 86
        92 94
        93 94
        195 109
        108 109
        185 115
        174 115
        114 115
        178 120
        11 120
        119 120
        126 128
        127 128
        179 139
        135 139
        138 139
        186 143
        141 143
        142 143
        4 153
        152 153
        183 164
        163 164
        41 64
        63 64
        74 79
        77 79
        78 79
        180 88
        86 88
        87 88
        186 110
        173 110
        109 110
        115 122
        120 122
        179 131
        128 131
        130 131
        138 140
        139 140
        141 144
        143 144
        153 158
        157 158
        41 165
        171 165
        164 165
        176 65
        64 65
        78 80
        79 80
        87 89
        88 89
        109 111
        110 111
        115 123
        121 123
        122 123
        37 132
        131 132
        28 145
        144 145
        28 146
        144 146
        40 167
        165 167
        166 167
        80 82
        81 82
        176 95
        89 95
        81 112
        111 112
        16 124
        123 124
        126 133
        131 133
        132 133
        166 168
        167 168
        168 66
        63 66
        65 66
        187 96
        95 96
        18 125
        124 125
        175 68
        66 68
        94 97
        95 97
        96 97
        66 69
        67 69
        68 69
        125 42
        133 43
        140 44
        145 45
        146 46
        148 47
        148 48
        158 49
        121 50
        161 51
        69 52
        82 53
        97 54
        123 55
        100 56
        97 57
        103 58
        105 59
        82 60
        82 61
        112 62
    ]
]
