circuit_name:c1355new_processed
[
    node:
    [
        1 x0 0 PI
        2 x1 0 PI
        3 x2 0 PI
        4 x3 0 PI
        5 x4 0 PI
        6 x5 0 PI
        7 x6 0 PI
        8 x7 0 PI
        9 x8 0 PI
        10 x9 0 PI
        11 x10 0 PI
        12 x11 0 PI
        13 x12 0 PI
        14 x13 0 PI
        15 x14 0 PI
        16 x15 0 PI
        17 x16 0 PI
        18 x17 0 PI
        19 x18 0 PI
        20 x19 0 PI
        21 x20 0 PI
        22 x21 0 PI
        23 x22 0 PI
        24 x23 0 PI
        25 x24 0 PI
        26 x25 0 PI
        27 x26 0 PI
        28 x27 0 PI
        29 x28 0 PI
        30 x29 0 PI
        31 x30 0 PI
        32 x31 0 PI
        33 x32 0 PI
        34 x33 0 PI
        35 x34 0 PI
        36 x35 0 PI
        37 x36 0 PI
        38 x37 0 PI
        39 x38 0 PI
        40 x39 0 PI
        41 x40 0 PI
        42 y0 23 PO_0
        43 y1 23 PO_0
        44 y2 24 PO_0
        45 y3 24 PO_0
        46 y4 23 PO_0
        47 y5 23 PO_0
        48 y6 24 PO_0
        49 y7 24 PO_0
        50 y8 23 PO_0
        51 y9 23 PO_0
        52 y10 24 PO_0
        53 y11 24 PO_0
        54 y12 23 PO_0
        55 y13 23 PO_0
        56 y14 24 PO_0
        57 y15 24 PO_0
        58 y16 23 PO_0
        59 y17 23 PO_0
        60 y18 24 PO_0
        61 y19 24 PO_0
        62 y20 23 PO_0
        63 y21 23 PO_0
        64 y22 24 PO_0
        65 y23 24 PO_0
        66 y24 24 PO_0
        67 y25 24 PO_0
        68 y26 25 PO_0
        69 y27 25 PO_0
        70 y28 24 PO_0
        71 y29 24 PO_0
        72 y30 25 PO_0
        73 y31 25 PO_0
        74 n100 7 MAJ_1
        75 n101 8 MAJ_1
        76 n102 9 AND_1
        77 n103 10 OR_0
        78 n104 11 MAJ_1
        79 n105 1 AND_1
        80 n106 2 MAJ_1
        81 n107 3 OR_0
        82 n108 4 MAJ_1
        83 n109 4 MAJ_1
        84 n110 5 MAJ_1
        85 n111 2 AND_0
        86 n112 6 MAJ_1
        87 n113 7 MAJ_1
        88 n114 8 MAJ_1
        89 n115 9 AND_1
        90 n116 10 OR_0
        91 n117 11 MAJ_1
        92 n118 13 MAJ_0
        93 n119 13 MAJ_0
        94 n120 13 MAJ_1
        95 n121 13 MAJ_1
        96 n122 14 MAJ_1
        97 n123 15 AND_1
        98 n124 2 AND_1
        99 n125 3 MAJ_1
        100 n126 4 OR_0
        101 n127 5 MAJ_1
        102 n128 5 MAJ_1
        103 n129 6 MAJ_1
        104 n130 1 AND_1
        105 n131 2 MAJ_1
        106 n132 3 OR_0
        107 n133 4 MAJ_1
        108 n134 4 MAJ_1
        109 n135 5 MAJ_1
        110 n136 1 AND_1
        111 n137 2 MAJ_1
        112 n138 3 OR_0
        113 n139 4 MAJ_1
        114 n140 4 MAJ_1
        115 n141 5 MAJ_1
        116 n142 2 AND_0
        117 n143 6 MAJ_1
        118 n144 7 MAJ_1
        119 n145 8 MAJ_1
        120 n146 9 AND_1
        121 n147 10 OR_0
        122 n148 11 MAJ_1
        123 n149 2 AND_1
        124 n150 3 MAJ_1
        125 n151 4 OR_0
        126 n152 5 MAJ_1
        127 n153 5 MAJ_1
        128 n154 6 MAJ_1
        129 n155 1 AND_1
        130 n156 2 MAJ_1
        131 n157 3 OR_0
        132 n158 4 MAJ_1
        133 n159 4 MAJ_1
        134 n160 5 MAJ_1
        135 n161 1 AND_1
        136 n162 2 MAJ_1
        137 n163 3 OR_0
        138 n164 4 MAJ_1
        139 n165 4 MAJ_1
        140 n166 5 MAJ_1
        141 n167 2 AND_0
        142 n168 6 MAJ_1
        143 n169 7 MAJ_1
        144 n170 8 MAJ_1
        145 n171 9 AND_1
        146 n172 10 OR_0
        147 n173 11 MAJ_1
        148 n174 2 AND_1
        149 n175 3 MAJ_1
        150 n176 4 OR_0
        151 n177 5 MAJ_1
        152 n178 5 MAJ_1
        153 n179 6 MAJ_1
        154 n180 2 AND_0
        155 n181 6 MAJ_1
        156 n182 7 MAJ_1
        157 n183 8 MAJ_1
        158 n184 9 AND_1
        159 n185 10 OR_0
        160 n186 11 MAJ_1
        161 n187 2 AND_1
        162 n188 3 MAJ_1
        163 n189 4 OR_0
        164 n190 5 MAJ_1
        165 n191 5 MAJ_1
        166 n192 6 MAJ_1
        167 n193 2 AND_0
        168 n194 6 MAJ_1
        169 n195 7 MAJ_1
        170 n196 8 MAJ_1
        171 n197 9 AND_1
        172 n198 10 OR_0
        173 n199 11 MAJ_1
        174 n200 13 AND_1
        175 n201 16 AND_1
        176 n202 17 MAJ_1
        177 n203 18 AND_0
        178 n204 19 AND_0
        179 n205 20 AND_0
        180 n206 21 AND_1
        181 n207 22 MAJ_1
        182 n208 19 AND_0
        183 n209 20 AND_0
        184 n210 21 AND_1
        185 n211 22 MAJ_1
        186 n212 20 AND_0
        187 n213 21 AND_0
        188 n214 22 AND_1
        189 n215 23 MAJ_1
        190 n216 20 AND_0
        191 n217 21 AND_0
        192 n218 22 AND_1
        193 n219 23 MAJ_1
        194 n220 16 AND_0
        195 n221 17 MAJ_1
        196 n222 18 AND_1
        197 n223 19 AND_0
        198 n224 20 AND_0
        199 n225 21 AND_1
        200 n226 22 MAJ_1
        201 n227 19 AND_0
        202 n228 20 AND_0
        203 n229 21 AND_1
        204 n230 22 MAJ_1
        205 n231 20 AND_0
        206 n232 21 AND_0
        207 n233 22 AND_1
        208 n234 23 MAJ_1
        209 n235 20 AND_0
        210 n236 21 AND_0
        211 n237 22 AND_1
        212 n238 23 MAJ_1
        213 n239 13 AND_1
        214 n240 17 MAJ_1
        215 n241 18 AND_0
        216 n242 19 AND_0
        217 n243 20 AND_0
        218 n244 21 AND_1
        219 n245 22 MAJ_1
        220 n246 19 AND_0
        221 n247 20 AND_0
        222 n248 21 AND_1
        223 n249 22 MAJ_1
        224 n250 20 AND_0
        225 n251 21 AND_0
        226 n252 22 AND_1
        227 n253 23 MAJ_1
        228 n254 20 AND_0
        229 n255 21 AND_0
        230 n256 22 AND_1
        231 n257 23 MAJ_1
        232 n258 17 MAJ_1
        233 n259 18 AND_1
        234 n260 19 AND_0
        235 n261 20 AND_0
        236 n262 21 AND_1
        237 n263 22 MAJ_1
        238 n264 19 AND_0
        239 n265 20 AND_0
        240 n266 21 AND_1
        241 n267 22 MAJ_1
        242 n268 20 AND_0
        243 n269 21 AND_0
        244 n270 22 AND_1
        245 n271 23 MAJ_1
        246 n272 20 AND_0
        247 n273 21 AND_0
        248 n274 22 AND_1
        249 n275 23 MAJ_1
        250 n276 13 AND_1
        251 n277 13 MAJ_0
        252 n278 13 MAJ_0
        253 n279 13 MAJ_1
        254 n280 14 MAJ_1
        255 n281 15 MAJ_1
        256 n282 16 AND_1
        257 n283 13 AND_1
        258 n284 17 MAJ_1
        259 n285 18 AND_0
        260 n286 19 AND_0
        261 n287 20 AND_0
        262 n288 21 AND_1
        263 n289 22 MAJ_1
        264 n290 19 AND_0
        265 n291 20 AND_0
        266 n292 21 AND_1
        267 n293 22 MAJ_1
        268 n294 20 AND_0
        269 n295 21 AND_0
        270 n296 22 AND_1
        271 n297 23 MAJ_1
        272 n298 20 AND_0
        273 n299 21 AND_0
        274 n300 22 AND_1
        275 n301 23 MAJ_1
        276 n302 13 AND_1
        277 n303 17 MAJ_1
        278 n304 18 AND_0
        279 n305 19 AND_0
        280 n306 20 AND_0
        281 n307 21 AND_1
        282 n308 22 MAJ_1
        283 n309 19 AND_0
        284 n310 20 AND_0
        285 n311 21 AND_1
        286 n312 22 MAJ_1
        287 n313 20 AND_0
        288 n314 21 AND_0
        289 n315 22 AND_1
        290 n316 23 MAJ_1
        291 n317 20 AND_0
        292 n318 21 AND_0
        293 n319 22 AND_1
        294 n320 23 MAJ_1
        295 n321 13 AND_1
        296 n322 18 MAJ_1
        297 n323 19 AND_0
        298 n324 20 AND_0
        299 n325 21 AND_0
        300 n326 22 AND_1
        301 n327 23 MAJ_1
        302 n328 20 AND_0
        303 n329 21 AND_0
        304 n330 22 AND_1
        305 n331 23 MAJ_1
        306 n332 21 AND_0
        307 n333 22 AND_0
        308 n334 23 AND_1
        309 n335 24 MAJ_1
        310 n336 21 AND_0
        311 n337 22 AND_0
        312 n338 23 AND_1
        313 n339 24 MAJ_1
        314 n340 18 MAJ_1
        315 n341 19 AND_0
        316 n342 20 AND_0
        317 n343 21 AND_0
        318 n344 22 AND_1
        319 n345 23 MAJ_1
        320 n346 20 AND_0
        321 n347 21 AND_0
        322 n348 22 AND_1
        323 n349 23 MAJ_1
        324 n350 21 AND_0
        325 n351 22 AND_0
        326 n352 23 AND_1
        327 n353 24 MAJ_1
        328 n354 21 AND_0
        329 n355 22 AND_0
        330 n356 23 AND_1
        331 n357 24 MAJ_1
        332 n42 2 AND_1
        333 n43 3 MAJ_1
        334 n44 4 OR_0
        335 n45 5 MAJ_1
        336 n46 5 MAJ_1
        337 n47 6 MAJ_1
        338 n48 1 AND_1
        339 n49 2 MAJ_1
        340 n50 3 OR_0
        341 n51 4 MAJ_1
        342 n52 4 MAJ_1
        343 n53 5 MAJ_1
        344 n54 1 AND_1
        345 n55 2 MAJ_1
        346 n56 3 OR_0
        347 n57 4 MAJ_1
        348 n58 4 MAJ_1
        349 n59 5 MAJ_1
        350 n60 2 AND_0
        351 n61 6 MAJ_1
        352 n62 7 MAJ_1
        353 n63 8 MAJ_1
        354 n64 9 AND_1
        355 n65 10 OR_0
        356 n66 11 MAJ_1
        357 n67 1 AND_1
        358 n68 2 MAJ_1
        359 n69 3 OR_0
        360 n70 4 MAJ_1
        361 n71 4 MAJ_1
        362 n72 5 MAJ_1
        363 n73 1 AND_1
        364 n74 2 MAJ_1
        365 n75 3 OR_0
        366 n76 4 MAJ_1
        367 n77 4 MAJ_1
        368 n78 5 MAJ_1
        369 n79 2 AND_0
        370 n80 6 MAJ_1
        371 n81 7 MAJ_1
        372 n82 8 MAJ_1
        373 n83 9 AND_1
        374 n84 10 OR_0
        375 n85 11 MAJ_1
        376 n86 2 AND_1
        377 n87 3 MAJ_1
        378 n88 4 OR_0
        379 n89 5 MAJ_1
        380 n90 5 MAJ_1
        381 n91 6 MAJ_1
        382 n92 1 AND_1
        383 n93 2 MAJ_1
        384 n94 3 OR_0
        385 n95 4 MAJ_1
        386 n96 4 MAJ_1
        387 n97 5 MAJ_1
        388 n98 2 AND_0
        389 n99 6 MAJ_1
        390 v1 12 VIR
        391 v10 12 VIR
        392 v100 1 VIR
        393 v101 1 VIR
        394 v102 1 VIR
        395 v103 1 VIR
        396 v104 1 VIR
        397 v105 1 VIR
        398 v106 1 VIR
        399 v107 1 VIR
        400 v108 1 VIR
        401 v109 1 VIR
        402 v11 12 VIR
        403 v110 1 VIR
        404 v111 1 VIR
        405 v112 1 VIR
        406 v113 13 VIR
        407 v114 13 VIR
        408 v12 6 VIR
        409 v13 6 VIR
        410 v14 12 VIR
        411 v15 12 VIR
        412 v16 12 VIR
        413 v17 12 VIR
        414 v18 12 VIR
        415 v19 12 VIR
        416 v2 12 VIR
        417 v20 12 VIR
        418 v21 12 VIR
        419 v22 12 VIR
        420 v23 17 VIR
        421 v24 19 VIR
        422 v25 17 VIR
        423 v26 19 VIR
        424 v27 19 VIR
        425 v28 19 VIR
        426 v29 17 VIR
        427 v3 12 VIR
        428 v30 14 VIR
        429 v31 19 VIR
        430 v32 14 VIR
        431 v33 19 VIR
        432 v34 20 VIR
        433 v35 20 VIR
        434 v36 6 VIR
        435 v37 6 VIR
        436 v38 12 VIR
        437 v39 12 VIR
        438 v4 12 VIR
        439 v40 12 VIR
        440 v41 6 VIR
        441 v42 12 VIR
        442 v43 12 VIR
        443 v44 12 VIR
        444 v45 6 VIR
        445 v46 1 VIR
        446 v47 1 VIR
        447 v48 1 VIR
        448 v49 1 VIR
        449 v5 12 VIR
        450 v50 1 VIR
        451 v51 1 VIR
        452 v52 1 VIR
        453 v53 1 VIR
        454 v54 1 VIR
        455 v55 1 VIR
        456 v56 1 VIR
        457 v57 1 VIR
        458 v58 1 VIR
        459 v59 1 VIR
        460 v6 12 VIR
        461 v60 1 VIR
        462 v61 1 VIR
        463 v62 1 VIR
        464 v63 1 VIR
        465 v64 1 VIR
        466 v65 1 VIR
        467 v66 1 VIR
        468 v67 1 VIR
        469 v68 1 VIR
        470 v69 1 VIR
        471 v7 6 VIR
        472 v70 1 VIR
        473 v71 1 VIR
        474 v72 1 VIR
        475 v73 1 VIR
        476 v74 1 VIR
        477 v75 1 VIR
        478 v76 1 VIR
        479 v77 1 VIR
        480 v78 1 VIR
        481 v79 1 VIR
        482 v8 6 VIR
        483 v80 1 VIR
        484 v81 1 VIR
        485 v82 1 VIR
        486 v83 1 VIR
        487 v84 1 VIR
        488 v85 1 VIR
        489 v86 1 VIR
        490 v87 1 VIR
        491 v88 1 VIR
        492 v89 1 VIR
        493 v9 12 VIR
        494 v90 1 VIR
        495 v91 1 VIR
        496 v92 1 VIR
        497 v93 1 VIR
        498 v94 1 VIR
        499 v95 1 VIR
        500 v96 1 VIR
        501 v97 1 VIR
        502 v98 1 VIR
        503 v99 1 VIR
    ]
    edge:
    [
        2 79
        10 79
        5 104
        7 104
        13 110
        15 110
        1 129
        3 129
        9 135
        11 135
        17 338
        19 338
        21 344
        23 344
        4 357
        12 357
        29 363
        31 363
        25 382
        27 382
        41 392
        41 393
        41 394
        6 395
        6 396
        7 397
        7 398
        8 399
        8 400
        9 401
        9 403
        10 404
        10 405
        1 445
        1 446
        2 447
        2 448
        11 450
        11 451
        12 452
        12 453
        13 454
        13 455
        14 456
        14 457
        15 458
        15 459
        16 461
        16 462
        17 463
        17 464
        18 465
        18 466
        19 467
        19 468
        20 469
        20 470
        3 472
        3 473
        21 474
        21 475
        22 476
        22 477
        23 478
        23 479
        24 480
        24 481
        25 483
        25 484
        26 485
        26 486
        27 487
        27 488
        28 489
        28 490
        29 491
        29 492
        30 494
        30 495
        4 496
        4 497
        31 498
        31 499
        32 500
        32 501
        5 502
        5 503
        447 80
        404 80
        79 80
        34 85
        392 85
        469 98
        489 98
        502 105
        397 105
        104 105
        454 111
        458 111
        110 111
        40 116
        393 116
        467 123
        487 123
        445 130
        472 130
        129 130
        401 136
        450 136
        135 136
        39 141
        393 141
        463 148
        483 148
        37 154
        394 154
        465 161
        485 161
        38 167
        394 167
        445 332
        401 332
        463 339
        467 339
        338 339
        474 345
        478 345
        344 345
        33 350
        392 350
        496 358
        452 358
        357 358
        491 364
        498 364
        363 364
        36 369
        393 369
        472 376
        450 376
        483 383
        487 383
        382 383
        35 388
        392 388
        79 81
        80 81
        469 99
        489 99
        98 99
        104 106
        105 106
        110 112
        111 112
        467 124
        487 124
        123 124
        129 131
        130 131
        135 137
        136 137
        463 149
        483 149
        148 149
        465 162
        485 162
        161 162
        445 333
        401 333
        332 333
        338 340
        339 340
        344 346
        345 346
        357 359
        358 359
        363 365
        364 365
        472 377
        450 377
        376 377
        382 384
        383 384
        395 82
        456 82
        81 82
        395 83
        456 83
        81 83
        98 100
        99 100
        6 107
        8 107
        106 107
        395 108
        399 108
        106 108
        14 113
        16 113
        112 113
        456 114
        461 114
        112 114
        123 125
        124 125
        447 132
        496 132
        131 132
        447 133
        496 133
        131 133
        404 138
        452 138
        137 138
        404 139
        452 139
        137 139
        148 150
        149 150
        161 163
        162 163
        332 334
        333 334
        18 341
        20 341
        340 341
        465 342
        469 342
        340 342
        22 347
        24 347
        346 347
        476 348
        480 348
        346 348
        399 360
        461 360
        359 360
        399 361
        461 361
        359 361
        30 366
        32 366
        365 366
        494 367
        500 367
        365 367
        376 378
        377 378
        26 385
        28 385
        384 385
        485 386
        489 386
        384 386
        81 84
        82 84
        83 84
        480 101
        500 101
        100 101
        480 102
        500 102
        100 102
        106 109
        107 109
        108 109
        112 115
        113 115
        114 115
        478 126
        498 126
        125 126
        478 127
        498 127
        125 127
        131 134
        132 134
        133 134
        137 140
        138 140
        139 140
        474 151
        491 151
        150 151
        474 152
        491 152
        150 152
        476 164
        494 164
        163 164
        476 165
        494 165
        163 165
        502 335
        454 335
        334 335
        502 336
        454 336
        334 336
        340 343
        341 343
        342 343
        346 349
        347 349
        348 349
        359 362
        360 362
        361 362
        365 368
        366 368
        367 368
        397 379
        458 379
        378 379
        397 380
        458 380
        378 380
        384 387
        385 387
        386 387
        368 86
        387 86
        85 86
        100 103
        101 103
        102 103
        109 117
        115 117
        116 117
        125 128
        126 128
        127 128
        134 142
        140 142
        141 142
        150 153
        151 153
        152 153
        109 155
        134 155
        154 155
        163 166
        164 166
        165 166
        115 168
        140 168
        167 168
        334 337
        335 337
        336 337
        343 351
        349 351
        350 351
        349 370
        368 370
        369 370
        378 381
        379 381
        380 381
        343 389
        387 389
        388 389
        134 408
        140 409
        343 434
        349 435
        368 440
        387 444
        109 471
        115 482
        444 74
        388 74
        389 74
        444 87
        85 87
        86 87
        482 118
        116 118
        117 118
        409 143
        141 143
        142 143
        408 156
        154 156
        155 156
        409 169
        167 169
        168 169
        435 352
        350 352
        351 352
        440 371
        369 371
        370 371
        434 75
        389 75
        74 75
        440 88
        86 88
        87 88
        471 119
        117 119
        118 119
        408 144
        142 144
        143 144
        471 157
        155 157
        156 157
        482 170
        168 170
        169 170
        434 353
        351 353
        352 353
        435 372
        370 372
        371 372
        381 76
        75 76
        84 89
        88 89
        103 120
        119 120
        128 145
        144 145
        153 158
        157 158
        166 171
        170 171
        337 354
        353 354
        362 373
        372 373
        75 77
        76 77
        88 90
        89 90
        119 121
        120 121
        144 146
        145 146
        157 159
        158 159
        170 172
        171 172
        353 355
        354 355
        372 374
        373 374
        381 78
        76 78
        77 78
        84 91
        89 91
        90 91
        103 122
        120 122
        121 122
        128 147
        145 147
        146 147
        153 160
        158 160
        159 160
        166 173
        171 173
        172 173
        337 356
        354 356
        355 356
        362 375
        373 375
        374 375
        78 390
        122 391
        122 402
        147 410
        147 411
        147 412
        160 413
        160 414
        160 415
        78 416
        173 417
        173 418
        173 419
        78 427
        356 436
        356 437
        91 438
        356 439
        375 441
        375 442
        375 443
        91 449
        91 460
        122 493
        436 92
        390 92
        438 92
        441 93
        390 93
        438 93
        436 94
        441 94
        438 94
        436 95
        441 95
        390 95
        414 174
        418 174
        414 213
        418 213
        437 250
        449 250
        493 251
        413 251
        417 251
        410 252
        413 252
        417 252
        493 253
        410 253
        417 253
        442 257
        416 257
        442 276
        416 276
        437 295
        449 295
        410 406
        411 407
        93 96
        94 96
        95 96
        493 254
        406 254
        413 254
        257 428
        276 430
        92 97
        96 97
        252 255
        253 255
        254 255
        97 175
        391 175
        97 194
        391 194
        251 256
        255 256
        406 176
        174 176
        175 176
        411 195
        174 195
        194 195
        411 214
        175 214
        213 214
        407 232
        194 232
        213 232
        250 258
        256 258
        257 258
        250 277
        256 277
        276 277
        175 420
        194 422
        256 426
        420 177
        176 177
        422 196
        195 196
        420 215
        214 215
        422 233
        232 233
        428 259
        258 259
        430 278
        277 278
        426 296
        257 296
        295 296
        426 314
        276 314
        295 314
        437 178
        177 178
        449 182
        177 182
        439 197
        196 197
        460 201
        196 201
        439 216
        215 216
        460 220
        215 220
        439 234
        233 234
        460 238
        233 238
        414 260
        259 260
        418 264
        259 264
        415 279
        278 279
        419 283
        278 283
        428 297
        296 297
        430 315
        314 315
        177 421
        196 423
        215 424
        233 425
        259 429
        278 431
        446 179
        178 179
        448 183
        182 183
        416 186
        421 186
        442 190
        421 190
        503 198
        197 198
        396 202
        201 202
        427 205
        423 205
        443 209
        423 209
        403 217
        216 217
        405 221
        220 221
        427 224
        424 224
        443 228
        424 228
        455 235
        234 235
        457 239
        238 239
        427 242
        425 242
        443 246
        425 246
        464 261
        260 261
        466 265
        264 265
        407 268
        429 268
        391 272
        429 272
        475 280
        279 280
        477 284
        283 284
        412 287
        431 287
        402 291
        431 291
        415 298
        297 298
        419 302
        297 302
        415 316
        315 316
        419 320
        315 320
        297 432
        315 433
        446 180
        179 180
        448 184
        183 184
        473 187
        186 187
        497 191
        190 191
        503 199
        198 199
        396 203
        202 203
        398 206
        205 206
        400 210
        209 210
        403 218
        217 218
        405 222
        221 222
        451 225
        224 225
        453 229
        228 229
        455 236
        235 236
        457 240
        239 240
        459 243
        242 243
        462 247
        246 247
        464 262
        261 262
        466 266
        265 266
        468 269
        268 269
        470 273
        272 273
        475 281
        280 281
        477 285
        284 285
        479 288
        287 288
        481 292
        291 292
        484 299
        298 299
        486 303
        302 303
        412 306
        432 306
        402 310
        432 310
        492 317
        316 317
        495 321
        320 321
        412 324
        433 324
        402 328
        433 328
        178 181
        179 181
        180 181
        182 185
        183 185
        184 185
        473 188
        187 188
        497 192
        191 192
        197 200
        198 200
        199 200
        201 204
        202 204
        203 204
        398 207
        206 207
        400 211
        210 211
        216 219
        217 219
        218 219
        220 223
        221 223
        222 223
        451 226
        225 226
        453 230
        229 230
        234 237
        235 237
        236 237
        238 241
        239 241
        240 241
        459 244
        243 244
        462 248
        247 248
        260 263
        261 263
        262 263
        264 267
        265 267
        266 267
        468 270
        269 270
        470 274
        273 274
        279 282
        280 282
        281 282
        283 286
        284 286
        285 286
        479 289
        288 289
        481 293
        292 293
        484 300
        299 300
        486 304
        303 304
        488 307
        306 307
        490 311
        310 311
        492 318
        317 318
        495 322
        321 322
        499 325
        324 325
        501 329
        328 329
        186 189
        187 189
        188 189
        190 193
        191 193
        192 193
        205 208
        206 208
        207 208
        209 212
        210 212
        211 212
        224 227
        225 227
        226 227
        228 231
        229 231
        230 231
        242 245
        243 245
        244 245
        246 249
        247 249
        248 249
        268 271
        269 271
        270 271
        272 275
        273 275
        274 275
        287 290
        288 290
        289 290
        291 294
        292 294
        293 294
        298 301
        299 301
        300 301
        302 305
        303 305
        304 305
        488 308
        307 308
        490 312
        311 312
        316 319
        317 319
        318 319
        320 323
        321 323
        322 323
        499 326
        325 326
        501 330
        329 330
        306 309
        307 309
        308 309
        310 313
        311 313
        312 313
        324 327
        325 327
        326 327
        328 331
        329 331
        330 331
        181 42
        185 43
        189 44
        193 45
        200 46
        204 47
        208 48
        212 49
        219 50
        223 51
        227 52
        231 53
        237 54
        241 55
        245 56
        249 57
        263 58
        267 59
        271 60
        275 61
        282 62
        286 63
        290 64
        294 65
        301 66
        305 67
        309 68
        313 69
        319 70
        323 71
        327 72
        331 73
    ]
]
