circuit_name:c1908new_processed
[
    node:
    [
        1 x0 0 PI
        2 x1 0 PI
        3 x2 0 PI
        4 x3 0 PI
        5 x4 0 PI
        6 x5 0 PI
        7 x6 0 PI
        8 x7 0 PI
        9 x8 0 PI
        10 x9 0 PI
        11 x10 0 PI
        12 x11 0 PI
        13 x12 0 PI
        14 x13 0 PI
        15 x14 0 PI
        16 x15 0 PI
        17 x16 0 PI
        18 x17 0 PI
        19 x18 0 PI
        20 x19 0 PI
        21 x20 0 PI
        22 x21 0 PI
        23 x22 0 PI
        24 x23 0 PI
        25 x24 0 PI
        26 x25 0 PI
        27 x26 0 PI
        28 x27 0 PI
        29 x28 0 PI
        30 x29 0 PI
        31 x30 0 PI
        32 x31 0 PI
        33 x32 0 PI
        34 y0 26 PO_0
        35 y1 26 PO_0
        36 y2 27 PO_0
        37 y3 26 PO_0
        38 y4 26 PO_0
        39 y5 27 PO_0
        40 y6 26 PO_0
        41 y7 24 PO_0
        42 y8 25 PO_0
        43 y9 25 PO_0
        44 y10 26 PO_0
        45 y11 24 PO_0
        46 y12 26 PO_0
        47 y13 26 PO_0
        48 y14 27 PO_0
        49 y15 27 PO_0
        50 y16 34 PO_1
        51 y17 35 PO_0
        52 y18 35 PO_0
        53 y19 35 PO_0
        54 y20 35 PO_0
        55 y21 35 PO_0
        56 y22 34 PO_1
        57 y23 34 PO_1
        58 y24 37 PO_0
        59 n100 12 MAJ_1
        60 n101 3 AND_1
        61 n102 4 AND_0
        62 n103 5 MAJ_1
        63 n104 6 MAJ_1
        64 n105 7 MAJ_1
        65 n106 2 MAJ_1
        66 n107 3 MAJ_1
        67 n108 4 MAJ_1
        68 n109 2 AND_1
        69 n110 3 MAJ_1
        70 n111 4 OR_0
        71 n112 6 MAJ_1
        72 n113 6 MAJ_1
        73 n114 7 MAJ_1
        74 n115 2 AND_1
        75 n116 3 MAJ_1
        76 n117 4 OR_0
        77 n118 8 MAJ_1
        78 n119 8 MAJ_1
        79 n120 9 MAJ_1
        80 n121 10 MAJ_0
        81 n122 11 AND_1
        82 n123 11 MAJ_1
        83 n124 12 AND_1
        84 n125 13 MAJ_1
        85 n126 15 AND_1
        86 n127 3 OR_0
        87 n128 4 AND_0
        88 n129 3 AND_1
        89 n130 5 MAJ_1
        90 n131 6 MAJ_1
        91 n132 7 MAJ_1
        92 n133 2 MAJ_1
        93 n134 3 MAJ_1
        94 n135 4 MAJ_1
        95 n136 1 MAJ_1
        96 n137 2 MAJ_1
        97 n138 3 MAJ_1
        98 n139 5 AND_1
        99 n140 6 MAJ_1
        100 n141 7 OR_0
        101 n142 8 MAJ_1
        102 n143 8 MAJ_1
        103 n144 9 MAJ_1
        104 n145 11 AND_1
        105 n146 12 MAJ_1
        106 n147 13 MAJ_1
        107 n148 3 MAJ_0
        108 n149 14 MAJ_1
        109 n150 15 AND_0
        110 n151 15 AND_1
        111 n152 16 MAJ_1
        112 n153 3 AND_1
        113 n154 4 AND_1
        114 n155 2 MAJ_1
        115 n156 3 MAJ_1
        116 n157 4 MAJ_1
        117 n158 3 AND_1
        118 n159 4 MAJ_1
        119 n160 5 MAJ_1
        120 n161 6 MAJ_1
        121 n162 6 AND_1
        122 n163 7 MAJ_1
        123 n164 8 OR_0
        124 n165 9 MAJ_0
        125 n166 9 MAJ_1
        126 n167 10 MAJ_1
        127 n168 11 AND_1
        128 n169 12 AND_1
        129 n170 13 OR_0
        130 n171 14 MAJ_1
        131 n172 17 AND_1
        132 n173 18 MAJ_1
        133 n174 19 AND_1
        134 n175 17 AND_1
        135 n176 21 MAJ_1
        136 n177 22 AND_0
        137 n178 23 AND_1
        138 n179 24 AND_1
        139 n180 25 MAJ_1
        140 n181 16 AND_1
        141 n182 15 OR_0
        142 n183 20 AND_0
        143 n184 21 MAJ_1
        144 n185 22 AND_1
        145 n186 23 AND_1
        146 n187 24 AND_1
        147 n188 25 MAJ_1
        148 n189 17 AND_1
        149 n190 22 MAJ_1
        150 n191 23 AND_1
        151 n192 24 AND_1
        152 n193 25 AND_1
        153 n194 26 MAJ_1
        154 n195 14 AND_1
        155 n196 21 MAJ_1
        156 n197 22 AND_0
        157 n198 23 AND_1
        158 n199 24 AND_1
        159 n200 25 MAJ_1
        160 n201 4 AND_1
        161 n202 5 AND_0
        162 n203 6 AND_0
        163 n204 7 MAJ_1
        164 n205 14 AND_0
        165 n206 20 AND_0
        166 n207 21 AND_0
        167 n208 22 AND_0
        168 n209 23 AND_1
        169 n210 24 AND_1
        170 n211 25 MAJ_1
        171 n212 21 AND_0
        172 n213 17 AND_0
        173 n214 22 MAJ_1
        174 n215 23 AND_0
        175 n216 24 AND_1
        176 n217 25 AND_1
        177 n218 26 MAJ_1
        178 n219 22 AND_0
        179 n220 23 AND_1
        180 n221 24 AND_1
        181 n222 25 MAJ_1
        182 n223 2 AND_0
        183 n224 3 AND_1
        184 n225 15 MAJ_1
        185 n226 17 AND_1
        186 n227 18 AND_1
        187 n228 17 AND_0
        188 n229 19 MAJ_1
        189 n230 20 AND_0
        190 n231 21 AND_1
        191 n232 22 AND_1
        192 n233 23 MAJ_1
        193 n234 20 MAJ_1
        194 n235 21 AND_0
        195 n236 22 AND_1
        196 n237 23 AND_1
        197 n238 24 MAJ_1
        198 n239 20 MAJ_1
        199 n240 21 AND_0
        200 n241 22 AND_1
        201 n242 23 AND_1
        202 n243 24 MAJ_1
        203 n244 20 AND_1
        204 n245 15 AND_0
        205 n246 21 MAJ_1
        206 n247 22 AND_0
        207 n248 23 AND_1
        208 n249 24 AND_1
        209 n250 25 MAJ_1
        210 n251 17 AND_0
        211 n252 19 MAJ_1
        212 n253 20 AND_0
        213 n254 21 AND_1
        214 n255 22 AND_1
        215 n256 23 MAJ_1
        216 n257 2 AND_1
        217 n258 3 AND_1
        218 n259 18 MAJ_1
        219 n260 19 AND_1
        220 n261 20 AND_1
        221 n262 18 AND_0
        222 n263 21 MAJ_1
        223 n264 22 AND_0
        224 n265 23 AND_1
        225 n266 24 AND_1
        226 n267 25 MAJ_1
        227 n268 18 AND_0
        228 n269 21 MAJ_1
        229 n270 22 AND_0
        230 n271 23 AND_1
        231 n272 24 AND_1
        232 n273 25 MAJ_1
        233 n274 18 AND_1
        234 n275 22 MAJ_1
        235 n276 23 AND_0
        236 n277 24 AND_1
        237 n278 25 AND_1
        238 n279 26 MAJ_1
        239 n280 22 MAJ_1
        240 n281 23 AND_0
        241 n282 24 AND_1
        242 n283 25 AND_1
        243 n284 26 MAJ_1
        244 n285 18 MAJ_1
        245 n286 19 OR_0
        246 n287 18 OR_0
        247 n288 20 MAJ_1
        248 n289 21 OR_0
        249 n290 22 OR_0
        250 n291 23 AND_1
        251 n292 18 AND_1
        252 n293 19 MAJ_0
        253 n294 20 AND_1
        254 n295 16 AND_1
        255 n296 17 MAJ_1
        256 n297 18 AND_0
        257 n298 18 OR_0
        258 n299 19 MAJ_1
        259 n300 20 AND_1
        260 n301 19 OR_0
        261 n302 21 AND_1
        262 n303 22 AND_1
        263 n304 17 AND_1
        264 n305 20 MAJ_1
        265 n306 21 AND_1
        266 n307 18 AND_0
        267 n308 20 MAJ_0
        268 n309 21 AND_1
        269 n310 18 AND_1
        270 n311 21 MAJ_1
        271 n312 22 AND_1
        272 n313 22 AND_1
        273 n314 23 MAJ_0
        274 n315 24 AND_0
        275 n316 22 OR_0
        276 n317 25 MAJ_1
        277 n318 26 OR_0
        278 n319 21 AND_1
        279 n320 23 AND_1
        280 n321 27 MAJ_1
        281 n322 28 OR_0
        282 n323 29 MAJ_0
        283 n324 23 OR_0
        284 n325 24 MAJ_1
        285 n326 25 OR_0
        286 n327 22 OR_0
        287 n328 26 MAJ_1
        288 n329 27 OR_0
        289 n330 28 OR_0
        290 n331 23 OR_0
        291 n332 24 MAJ_1
        292 n333 25 OR_0
        293 n334 24 OR_0
        294 n335 26 MAJ_1
        295 n336 27 OR_0
        296 n337 28 OR_0
        297 n338 29 OR_0
        298 n339 31 AND_1
        299 n34 3 AND_0
        300 n340 32 AND_1
        301 n341 33 MAJ_1
        302 n342 30 AND_0
        303 n343 31 AND_0
        304 n344 2 AND_1
        305 n345 32 MAJ_0
        306 n346 32 MAJ_1
        307 n347 33 MAJ_1
        308 n348 34 AND_1
        309 n349 31 AND_0
        310 n35 4 AND_1
        311 n350 32 AND_0
        312 n351 33 AND_1
        313 n352 33 MAJ_1
        314 n353 34 MAJ_1
        315 n354 32 AND_0
        316 n355 33 AND_1
        317 n356 33 MAJ_1
        318 n357 34 MAJ_1
        319 n358 32 AND_0
        320 n359 33 AND_1
        321 n36 2 AND_1
        322 n360 33 MAJ_1
        323 n361 34 MAJ_1
        324 n362 31 AND_0
        325 n363 32 AND_0
        326 n364 33 AND_1
        327 n365 33 MAJ_1
        328 n366 34 MAJ_1
        329 n367 29 OR_0
        330 n368 11 OR_0
        331 n369 12 MAJ_1
        332 n37 3 MAJ_1
        333 n370 29 MAJ_0
        334 n371 30 MAJ_1
        335 n372 3 MAJ_1
        336 n373 31 MAJ_0
        337 n374 32 AND_1
        338 n375 32 AND_1
        339 n376 33 MAJ_1
        340 n377 9 MAJ_1
        341 n378 10 MAJ_1
        342 n379 11 MAJ_1
        343 n38 4 AND_1
        344 n380 29 OR_0
        345 n381 12 OR_0
        346 n382 13 MAJ_1
        347 n383 29 MAJ_0
        348 n384 30 MAJ_1
        349 n385 3 MAJ_1
        350 n386 31 MAJ_0
        351 n387 32 AND_1
        352 n388 32 AND_1
        353 n389 33 MAJ_1
        354 n39 5 AND_0
        355 n390 30 AND_0
        356 n391 31 AND_1
        357 n392 32 MAJ_0
        358 n393 33 MAJ_1
        359 n394 34 MAJ_1
        360 n395 35 AND_1
        361 n396 35 MAJ_1
        362 n397 36 MAJ_1
        363 n40 6 AND_0
        364 n41 7 MAJ_1
        365 n42 2 MAJ_1
        366 n43 3 MAJ_1
        367 n44 4 MAJ_1
        368 n45 2 AND_1
        369 n46 3 MAJ_1
        370 n47 4 OR_0
        371 n48 5 MAJ_1
        372 n49 5 MAJ_1
        373 n50 6 MAJ_1
        374 n51 3 AND_1
        375 n52 4 AND_1
        376 n53 7 MAJ_1
        377 n54 8 MAJ_1
        378 n55 9 MAJ_1
        379 n56 10 AND_1
        380 n57 11 AND_1
        381 n58 12 OR_0
        382 n59 13 MAJ_1
        383 n60 2 MAJ_1
        384 n61 3 MAJ_1
        385 n62 4 MAJ_1
        386 n63 2 AND_1
        387 n64 3 AND_0
        388 n65 4 MAJ_1
        389 n66 5 MAJ_1
        390 n67 6 MAJ_1
        391 n68 7 MAJ_1
        392 n69 8 MAJ_1
        393 n70 9 MAJ_1
        394 n71 2 AND_1
        395 n72 3 MAJ_1
        396 n73 4 OR_0
        397 n74 10 MAJ_1
        398 n75 10 MAJ_1
        399 n76 11 MAJ_1
        400 n77 12 AND_1
        401 n78 13 AND_1
        402 n79 14 OR_0
        403 n80 15 MAJ_1
        404 n81 16 OR_0
        405 n82 2 AND_1
        406 n83 3 MAJ_1
        407 n84 4 OR_0
        408 n85 6 MAJ_1
        409 n86 6 MAJ_1
        410 n87 7 MAJ_1
        411 n88 3 AND_1
        412 n89 4 AND_1
        413 n90 5 MAJ_0
        414 n91 6 MAJ_1
        415 n92 7 MAJ_1
        416 n93 8 AND_0
        417 n94 9 AND_1
        418 n95 10 MAJ_1
        419 n96 3 AND_1
        420 n97 2 MAJ_1
        421 n98 11 MAJ_1
        422 n99 11 AND_1
        423 v1 13 VIR
        424 v10 5 VIR
        425 v100 1 VIR
        426 v101 1 VIR
        427 v102 1 VIR
        428 v103 1 VIR
        429 v104 1 VIR
        430 v105 1 VIR
        431 v106 1 VIR
        432 v107 1 VIR
        433 v108 1 VIR
        434 v109 1 VIR
        435 v11 8 VIR
        436 v110 1 VIR
        437 v111 1 VIR
        438 v112 1 VIR
        439 v113 2 VIR
        440 v114 2 VIR
        441 v115 2 VIR
        442 v116 2 VIR
        443 v117 2 VIR
        444 v118 2 VIR
        445 v119 2 VIR
        446 v12 4 VIR
        447 v120 2 VIR
        448 v121 2 VIR
        449 v122 2 VIR
        450 v123 2 VIR
        451 v124 2 VIR
        452 v13 10 VIR
        453 v14 10 VIR
        454 v15 10 VIR
        455 v16 17 VIR
        456 v17 11 VIR
        457 v18 15 VIR
        458 v19 20 VIR
        459 v2 8 VIR
        460 v20 18 VIR
        461 v21 18 VIR
        462 v22 17 VIR
        463 v23 17 VIR
        464 v24 16 VIR
        465 v25 16 VIR
        466 v26 16 VIR
        467 v27 21 VIR
        468 v28 18 VIR
        469 v29 8 VIR
        470 v3 5 VIR
        471 v30 8 VIR
        472 v31 19 VIR
        473 v32 18 VIR
        474 v33 18 VIR
        475 v34 21 VIR
        476 v35 20 VIR
        477 v36 19 VIR
        478 v37 30 VIR
        479 v38 3 VIR
        480 v39 3 VIR
        481 v4 5 VIR
        482 v40 12 VIR
        483 v41 5 VIR
        484 v42 5 VIR
        485 v43 8 VIR
        486 v44 10 VIR
        487 v45 14 VIR
        488 v46 5 VIR
        489 v47 12 VIR
        490 v48 16 VIR
        491 v49 17 VIR
        492 v5 8 VIR
        493 v50 17 VIR
        494 v51 11 VIR
        495 v52 1 VIR
        496 v53 1 VIR
        497 v54 1 VIR
        498 v55 1 VIR
        499 v56 1 VIR
        500 v57 1 VIR
        501 v58 1 VIR
        502 v59 1 VIR
        503 v6 10 VIR
        504 v60 1 VIR
        505 v61 1 VIR
        506 v62 1 VIR
        507 v63 1 VIR
        508 v64 1 VIR
        509 v65 1 VIR
        510 v66 1 VIR
        511 v67 1 VIR
        512 v68 1 VIR
        513 v69 1 VIR
        514 v7 14 VIR
        515 v70 1 VIR
        516 v71 1 VIR
        517 v72 1 VIR
        518 v73 1 VIR
        519 v74 1 VIR
        520 v75 1 VIR
        521 v76 1 VIR
        522 v77 1 VIR
        523 v78 1 VIR
        524 v79 1 VIR
        525 v8 16 VIR
        526 v80 1 VIR
        527 v81 1 VIR
        528 v82 1 VIR
        529 v83 1 VIR
        530 v84 1 VIR
        531 v85 1 VIR
        532 v86 1 VIR
        533 v87 1 VIR
        534 v88 1 VIR
        535 v89 1 VIR
        536 v9 16 VIR
        537 v90 1 VIR
        538 v91 1 VIR
        539 v92 1 VIR
        540 v93 1 VIR
        541 v94 1 VIR
        542 v95 1 VIR
        543 v96 1 VIR
        544 v97 1 VIR
        545 v98 1 VIR
        546 v99 1 VIR
    ]
    edge:
    [
        1 95
        2 95
        3 95
        6 425
        7 426
        7 427
        7 428
        8 429
        8 430
        8 431
        9 432
        9 433
        9 434
        10 436
        10 437
        10 438
        1 495
        1 496
        2 497
        2 498
        11 499
        11 500
        11 501
        12 502
        12 504
        12 505
        13 506
        13 507
        13 508
        14 509
        14 510
        14 511
        15 512
        15 513
        15 515
        16 516
        16 517
        17 518
        18 519
        19 520
        20 521
        3 522
        3 523
        23 524
        23 526
        23 527
        24 528
        24 529
        24 530
        4 531
        4 532
        4 533
        31 534
        31 535
        31 537
        32 538
        33 539
        33 540
        33 541
        5 542
        5 543
        5 544
        6 545
        6 546
        436 65
        512 65
        16 65
        499 68
        506 68
        542 74
        426 74
        542 92
        545 92
        426 92
        495 96
        497 96
        95 96
        499 114
        502 114
        506 114
        20 182
        526 182
        519 216
        530 216
        538 304
        541 304
        32 321
        540 321
        436 365
        502 365
        512 365
        522 368
        429 368
        432 383
        509 383
        516 383
        18 386
        539 386
        497 394
        430 394
        531 405
        437 405
        19 420
        524 420
        535 420
        534 439
        534 440
        535 441
        535 442
        537 443
        537 444
        539 445
        539 447
        540 448
        540 449
        541 450
        541 451
        17 60
        447 60
        436 66
        512 66
        65 66
        499 69
        506 69
        68 69
        543 75
        427 75
        74 75
        529 86
        440 86
        21 88
        445 88
        542 93
        545 93
        92 93
        522 97
        95 97
        96 97
        17 107
        528 107
        439 107
        526 112
        441 112
        500 115
        504 115
        114 115
        22 117
        445 117
        442 183
        182 183
        537 217
        216 217
        439 299
        447 299
        526 332
        529 332
        321 332
        21 335
        29 335
        449 335
        22 349
        30 349
        449 349
        437 366
        502 366
        365 366
        522 369
        429 369
        368 369
        19 374
        447 374
        432 384
        509 384
        383 384
        528 387
        386 387
        497 395
        430 395
        394 395
        532 406
        437 406
        405 406
        20 411
        445 411
        520 419
        441 419
        304 479
        304 480
        528 61
        60 61
        516 67
        65 67
        66 67
        68 70
        69 70
        74 76
        75 76
        18 87
        86 87
        426 94
        92 94
        93 94
        521 113
        112 113
        507 116
        114 116
        115 116
        532 118
        509 118
        117 118
        30 160
        299 160
        29 310
        299 310
        321 343
        332 343
        513 367
        365 367
        366 367
        368 370
        369 370
        524 375
        374 375
        516 385
        383 385
        384 385
        513 388
        386 388
        387 388
        394 396
        395 396
        405 407
        406 407
        524 412
        411 412
        97 446
        495 62
        60 62
        61 62
        432 89
        67 89
        88 89
        531 98
        94 98
        510 119
        117 119
        118 119
        530 161
        160 161
        529 354
        310 354
        545 371
        367 371
        370 371
        546 372
        367 372
        370 372
        513 389
        387 389
        388 389
        507 413
        411 413
        412 413
        87 424
        67 470
        67 481
        343 483
        343 484
        385 488
        495 63
        61 63
        62 63
        504 71
        481 71
        70 71
        504 72
        481 72
        70 72
        433 90
        88 90
        89 90
        531 99
        94 99
        98 99
        532 120
        118 120
        119 120
        470 121
        446 121
        527 162
        161 162
        527 363
        354 363
        370 373
        371 373
        372 373
        386 390
        388 390
        389 390
        427 408
        488 408
        407 408
        427 409
        488 409
        407 409
        507 414
        412 414
        413 414
        60 64
        62 64
        63 64
        70 73
        71 73
        72 73
        470 91
        89 91
        90 91
        98 100
        99 100
        470 122
        446 122
        121 122
        483 163
        160 163
        162 163
        310 364
        343 364
        363 364
        373 376
        374 376
        375 376
        500 391
        385 391
        390 391
        407 410
        408 410
        409 410
        411 415
        413 415
        414 415
        546 77
        73 77
        76 77
        546 78
        73 78
        76 78
        429 101
        97 101
        100 101
        430 102
        97 102
        100 102
        121 123
        122 123
        373 377
        375 377
        376 377
        500 392
        385 392
        391 392
        410 416
        415 416
        91 435
        64 459
        163 469
        163 471
        364 485
        73 492
        76 79
        77 79
        78 79
        100 103
        101 103
        102 103
        116 124
        120 124
        123 124
        116 125
        120 125
        123 125
        433 340
        510 340
        492 340
        374 378
        376 378
        377 378
        390 393
        391 393
        392 393
        415 417
        416 417
        26 80
        64 80
        79 80
        123 126
        124 126
        125 126
        433 341
        510 341
        340 341
        440 379
        378 379
        543 397
        393 397
        396 397
        543 398
        393 398
        396 398
        410 418
        416 418
        417 418
        103 452
        103 453
        103 454
        378 486
        79 503
        442 81
        80 81
        64 82
        79 82
        80 82
        91 104
        452 104
        439 127
        126 127
        29 330
        452 330
        492 342
        340 342
        341 342
        28 380
        379 380
        396 399
        397 399
        398 399
        441 421
        418 421
        420 421
        418 422
        420 422
        126 456
        418 494
        419 59
        421 59
        422 59
        442 83
        82 83
        534 105
        91 105
        104 105
        25 128
        127 128
        448 331
        453 331
        330 331
        30 345
        342 345
        28 381
        380 381
        440 400
        399 400
        342 482
        399 489
        26 84
        81 84
        83 84
        452 106
        104 106
        105 106
        25 129
        128 129
        448 346
        482 346
        345 346
        379 382
        380 382
        381 382
        27 401
        400 401
        59 423
        518 108
        106 108
        107 108
        127 130
        128 130
        129 130
        59 154
        84 154
        59 164
        84 164
        27 402
        401 402
        382 487
        84 514
        423 85
        514 85
        107 109
        108 109
        518 110
        108 110
        423 141
        514 141
        521 184
        130 184
        183 184
        485 204
        487 204
        400 403
        401 403
        402 403
        130 457
        106 111
        109 111
        110 111
        382 140
        403 140
        521 254
        457 254
        382 404
        403 404
        141 464
        141 465
        141 466
        403 490
        85 525
        85 536
        87 131
        111 131
        364 134
        404 134
        487 148
        490 148
        487 172
        490 172
        111 185
        184 185
        485 187
        536 187
        140 210
        154 210
        527 255
        443 255
        254 255
        483 263
        465 263
        111 455
        140 462
        140 463
        404 491
        404 493
        113 132
        130 132
        131 132
        87 186
        185 186
        519 218
        455 218
        217 218
        525 221
        462 221
        525 227
        148 227
        491 233
        471 233
        493 244
        423 244
        514 244
        424 246
        455 246
        424 251
        455 251
        254 256
        255 256
        491 257
        466 257
        483 266
        463 266
        484 269
        491 269
        134 460
        134 461
        148 468
        187 473
        210 474
        131 133
        132 133
        462 188
        186 188
        187 188
        469 211
        186 211
        210 211
        457 219
        218 219
        493 245
        244 245
        466 252
        184 252
        251 252
        218 258
        256 258
        257 258
        184 260
        218 260
        186 472
        269 477
        364 142
        133 142
        133 165
        164 165
        473 189
        188 189
        468 193
        472 193
        187 193
        461 198
        164 198
        472 198
        464 203
        472 203
        210 212
        211 212
        113 220
        219 220
        457 247
        245 247
        246 247
        251 253
        252 253
        257 259
        258 259
        468 264
        260 264
        263 264
        465 267
        260 267
        266 267
        133 458
        260 476
        85 135
        458 135
        134 135
        462 143
        464 143
        142 143
        458 155
        460 155
        154 155
        163 166
        165 166
        525 171
        458 171
        544 190
        189 190
        473 194
        193 194
        461 199
        198 199
        490 205
        203 205
        204 205
        434 213
        212 213
        469 222
        220 222
        221 222
        469 228
        220 228
        227 228
        246 248
        247 248
        154 261
        476 261
        263 265
        264 265
        266 268
        267 268
        536 270
        476 270
        269 270
        484 278
        259 278
        142 467
        220 475
        460 136
        135 136
        142 144
        143 144
        464 149
        467 149
        148 149
        460 156
        155 156
        468 167
        166 167
        471 173
        171 173
        172 173
        463 178
        166 178
        189 191
        190 191
        425 195
        194 195
        428 200
        199 200
        204 206
        205 206
        212 214
        213 214
        221 223
        222 223
        227 229
        228 229
        164 234
        475 234
        233 234
        471 239
        474 239
        475 239
        113 249
        248 249
        493 262
        261 262
        477 271
        270 271
        465 272
        475 272
        265 275
        268 275
        189 286
        194 286
        496 137
        136 137
        498 145
        144 145
        467 150
        149 150
        533 157
        156 157
        438 168
        167 168
        172 174
        173 174
        517 179
        178 179
        544 192
        190 192
        191 192
        194 196
        195 196
        199 201
        200 201
        431 207
        206 207
        434 215
        213 215
        214 215
        501 224
        223 224
        505 230
        229 230
        233 235
        234 235
        474 240
        239 240
        450 250
        249 250
        203 273
        269 273
        272 273
        262 279
        278 279
        136 283
        144 283
        167 290
        212 290
        136 138
        137 138
        144 146
        145 146
        523 151
        150 151
        156 158
        157 158
        167 169
        168 169
        515 175
        174 175
        178 180
        179 180
        425 197
        195 197
        196 197
        428 202
        200 202
        201 202
        206 208
        207 208
        223 225
        224 225
        229 231
        230 231
        508 236
        235 236
        511 241
        240 241
        477 274
        273 274
        150 284
        156 284
        283 284
        223 291
        229 291
        290 291
        174 293
        235 293
        496 139
        137 139
        138 139
        498 147
        145 147
        146 147
        150 152
        151 152
        533 159
        157 159
        158 159
        438 170
        168 170
        169 170
        174 176
        175 176
        517 181
        179 181
        180 181
        431 209
        207 209
        208 209
        501 226
        224 226
        225 226
        505 232
        230 232
        231 232
        235 237
        236 237
        240 242
        241 242
        271 276
        274 276
        275 276
        283 285
        284 285
        290 292
        291 292
        523 153
        151 153
        152 153
        515 177
        175 177
        176 177
        508 238
        236 238
        237 238
        511 243
        241 243
        242 243
        275 277
        276 277
        199 287
        285 287
        286 287
        240 294
        292 294
        293 294
        484 280
        277 280
        279 280
        286 288
        287 288
        293 295
        294 295
        253 281
        280 281
        206 289
        288 289
        178 296
        295 296
        477 282
        280 282
        281 282
        289 297
        296 297
        453 329
        289 329
        448 333
        453 333
        289 333
        296 344
        342 344
        449 347
        296 347
        482 347
        518 302
        297 302
        329 334
        331 334
        333 334
        344 348
        346 348
        347 348
        26 355
        297 355
        297 478
        32 298
        478 298
        443 303
        302 303
        444 309
        478 309
        520 324
        478 324
        450 336
        334 336
        335 336
        450 350
        348 350
        349 350
        443 356
        355 356
        282 300
        298 300
        435 305
        454 305
        303 305
        435 306
        454 306
        303 306
        25 311
        309 311
        27 315
        309 315
        28 319
        309 319
        444 325
        324 325
        335 337
        336 337
        451 338
        336 338
        349 351
        350 351
        451 352
        350 352
        503 357
        355 357
        356 357
        538 301
        250 301
        300 301
        303 307
        305 307
        306 307
        126 312
        311 312
        456 313
        304 313
        311 313
        399 316
        315 316
        489 317
        479 317
        315 317
        378 320
        319 320
        486 322
        479 322
        319 322
        494 326
        325 326
        494 327
        479 327
        325 327
        334 339
        337 339
        338 339
        348 353
        351 353
        352 353
        503 358
        356 358
        357 358
        480 308
        307 308
        456 314
        312 314
        313 314
        489 318
        316 318
        317 318
        486 323
        320 323
        322 323
        494 328
        326 328
        327 328
        355 359
        357 359
        358 359
        459 360
        359 360
        459 361
        480 361
        359 361
        459 362
        360 362
        361 362
        139 34
        147 35
        153 36
        159 37
        170 38
        177 39
        181 40
        192 41
        197 42
        202 43
        209 44
        215 45
        226 46
        232 47
        238 48
        243 49
        301 50
        308 51
        314 52
        318 53
        323 54
        328 55
        339 56
        353 57
        362 58
    ]
]
