circuit_name:c880new_processed
[
    node:
    [
        1 x0 0 PI
        2 x1 0 PI
        3 x2 0 PI
        4 x3 0 PI
        5 x4 0 PI
        6 x5 0 PI
        7 x6 0 PI
        8 x7 0 PI
        9 x8 0 PI
        10 x9 0 PI
        11 x10 0 PI
        12 x11 0 PI
        13 x12 0 PI
        14 x13 0 PI
        15 x14 0 PI
        16 x15 0 PI
        17 x16 0 PI
        18 x17 0 PI
        19 x18 0 PI
        20 x19 0 PI
        21 x20 0 PI
        22 x21 0 PI
        23 x22 0 PI
        24 x23 0 PI
        25 x24 0 PI
        26 x25 0 PI
        27 x26 0 PI
        28 x27 0 PI
        29 x28 0 PI
        30 x29 0 PI
        31 x30 0 PI
        32 x31 0 PI
        33 x32 0 PI
        34 x33 0 PI
        35 x34 0 PI
        36 x35 0 PI
        37 x36 0 PI
        38 x37 0 PI
        39 x38 0 PI
        40 x39 0 PI
        41 x40 0 PI
        42 x41 0 PI
        43 x42 0 PI
        44 x43 0 PI
        45 x44 0 PI
        46 x45 0 PI
        47 x46 0 PI
        48 x47 0 PI
        49 x48 0 PI
        50 x49 0 PI
        51 x50 0 PI
        52 x51 0 PI
        53 x52 0 PI
        54 x53 0 PI
        55 x54 0 PI
        56 x55 0 PI
        57 x56 0 PI
        58 x57 0 PI
        59 x58 0 PI
        60 x59 0 PI
        61 y0 4 PO_0
        62 y1 3 PO_0
        63 y2 4 PO_0
        64 y3 2 PO_0
        65 y4 5 PO_0
        66 y5 7 PO_1
        67 y6 3 PO_1
        68 y7 4 PO_1
        69 y8 4 PO_1
        70 y9 3 PO_0
        71 y10 7 PO_1
        72 y11 4 PO_0
        73 y12 7 PO_0
        74 y13 7 PO_0
        75 y14 3 PO_0
        76 y15 11 PO_0
        77 y16 12 PO_0
        78 y17 24 PO_0
        79 y18 25 PO_0
        80 y19 27 PO_0
        81 y20 24 PO_0
        82 y21 24 PO_0
        83 y22 26 PO_0
        84 y23 28 PO_0
        85 y24 28 PO_0
        86 y25 28 PO_0
        87 n100 4 MAJ_1
        88 n101 4 MAJ_1
        89 n102 5 MAJ_1
        90 n103 1 AND_1
        91 n104 2 MAJ_1
        92 n105 3 OR_0
        93 n106 4 MAJ_1
        94 n107 4 MAJ_1
        95 n108 5 MAJ_1
        96 n109 6 AND_1
        97 n110 7 MAJ_1
        98 n111 8 OR_0
        99 n112 9 MAJ_1
        100 n113 9 MAJ_1
        101 n114 10 MAJ_1
        102 n115 2 AND_1
        103 n116 3 MAJ_1
        104 n117 4 OR_0
        105 n118 5 MAJ_1
        106 n119 5 MAJ_1
        107 n120 6 MAJ_1
        108 n121 2 AND_1
        109 n122 3 MAJ_1
        110 n123 4 OR_0
        111 n124 5 MAJ_1
        112 n125 5 MAJ_1
        113 n126 6 MAJ_1
        114 n127 7 AND_1
        115 n128 8 MAJ_1
        116 n129 9 OR_0
        117 n130 10 MAJ_1
        118 n131 10 MAJ_1
        119 n132 11 MAJ_1
        120 n133 3 MAJ_1
        121 n134 4 AND_0
        122 n135 5 AND_0
        123 n136 6 AND_0
        124 n137 2 AND_0
        125 n138 1 AND_1
        126 n139 4 MAJ_1
        127 n140 5 AND_0
        128 n141 2 AND_0
        129 n142 4 AND_1
        130 n143 5 AND_0
        131 n144 6 AND_1
        132 n145 2 MAJ_1
        133 n146 2 MAJ_0
        134 n147 3 AND_1
        135 n148 2 MAJ_1
        136 n149 3 AND_0
        137 n150 2 AND_0
        138 n151 3 AND_0
        139 n152 4 AND_0
        140 n153 5 AND_1
        141 n154 6 MAJ_1
        142 n155 8 AND_0
        143 n156 9 OR_0
        144 n157 10 MAJ_1
        145 n158 11 OR_0
        146 n159 1 AND_0
        147 n160 2 OR_0
        148 n161 12 MAJ_0
        149 n162 12 OR_0
        150 n163 12 AND_0
        151 n164 14 AND_1
        152 n165 15 OR_0
        153 n166 15 MAJ_1
        154 n167 16 AND_1
        155 n168 14 AND_1
        156 n169 15 MAJ_0
        157 n170 16 MAJ_1
        158 n171 17 AND_1
        159 n172 18 OR_0
        160 n173 19 MAJ_0
        161 n174 20 OR_0
        162 n175 21 OR_0
        163 n176 22 MAJ_0
        164 n177 23 OR_0
        165 n178 8 AND_0
        166 n179 9 OR_0
        167 n180 10 MAJ_1
        168 n181 11 OR_0
        169 n182 13 AND_0
        170 n183 14 OR_0
        171 n184 15 MAJ_0
        172 n185 2 AND_0
        173 n186 8 AND_0
        174 n187 9 OR_0
        175 n188 10 MAJ_1
        176 n189 11 OR_0
        177 n190 8 AND_0
        178 n191 9 OR_0
        179 n192 10 MAJ_1
        180 n193 11 OR_0
        181 n194 12 OR_0
        182 n195 13 OR_0
        183 n196 14 AND_0
        184 n197 15 AND_0
        185 n198 16 AND_0
        186 n199 12 AND_0
        187 n200 13 MAJ_0
        188 n201 17 OR_0
        189 n202 18 MAJ_0
        190 n203 19 OR_0
        191 n204 20 MAJ_1
        192 n205 20 MAJ_1
        193 n206 21 MAJ_1
        194 n207 22 AND_0
        195 n208 13 MAJ_0
        196 n209 13 MAJ_0
        197 n210 14 AND_1
        198 n211 15 AND_1
        199 n212 16 OR_0
        200 n213 23 MAJ_1
        201 n214 24 OR_0
        202 n215 1 AND_0
        203 n216 2 OR_0
        204 n217 13 MAJ_0
        205 n218 13 AND_0
        206 n219 14 AND_0
        207 n220 15 OR_0
        208 n221 16 MAJ_0
        209 n222 17 OR_0
        210 n223 18 MAJ_1
        211 n224 18 MAJ_1
        212 n225 19 MAJ_1
        213 n226 20 AND_0
        214 n227 13 MAJ_0
        215 n228 13 MAJ_0
        216 n229 14 AND_1
        217 n230 15 AND_1
        218 n231 21 OR_0
        219 n232 22 MAJ_0
        220 n233 23 OR_0
        221 n234 24 OR_0
        222 n235 25 MAJ_0
        223 n236 26 OR_0
        224 n237 1 AND_0
        225 n238 2 OR_0
        226 n239 12 MAJ_0
        227 n240 14 AND_0
        228 n241 15 OR_0
        229 n242 14 AND_1
        230 n243 16 OR_0
        231 n244 16 MAJ_1
        232 n245 17 AND_1
        233 n246 14 AND_1
        234 n247 15 MAJ_0
        235 n248 16 MAJ_1
        236 n249 17 AND_1
        237 n250 18 OR_0
        238 n251 19 MAJ_0
        239 n252 20 OR_0
        240 n253 21 OR_0
        241 n254 22 MAJ_0
        242 n255 23 OR_0
        243 n256 8 AND_0
        244 n257 9 OR_0
        245 n258 10 MAJ_0
        246 n259 4 AND_0
        247 n260 5 MAJ_1
        248 n261 6 AND_1
        249 n262 2 AND_1
        250 n263 4 MAJ_1
        251 n264 5 AND_0
        252 n265 11 OR_0
        253 n266 12 MAJ_0
        254 n267 13 OR_0
        255 n268 20 MAJ_0
        256 n269 8 AND_0
        257 n270 9 OR_0
        258 n271 10 MAJ_0
        259 n272 11 OR_0
        260 n273 12 MAJ_0
        261 n274 13 OR_0
        262 n275 8 AND_0
        263 n276 9 OR_0
        264 n277 10 MAJ_0
        265 n278 11 OR_0
        266 n279 12 MAJ_0
        267 n280 13 OR_0
        268 n281 14 OR_0
        269 n282 15 OR_0
        270 n283 16 AND_0
        271 n284 1 AND_0
        272 n285 2 OR_0
        273 n286 8 MAJ_0
        274 n287 9 OR_0
        275 n288 10 MAJ_0
        276 n289 11 OR_0
        277 n290 12 OR_0
        278 n291 12 AND_0
        279 n292 14 AND_0
        280 n293 15 MAJ_0
        281 n294 17 AND_0
        282 n295 18 OR_0
        283 n296 21 AND_0
        284 n297 19 OR_0
        285 n298 22 MAJ_0
        286 n299 23 MAJ_0
        287 n300 12 AND_0
        288 n301 13 OR_0
        289 n302 14 MAJ_0
        290 n303 2 AND_0
        291 n304 14 AND_1
        292 n305 22 OR_0
        293 n306 22 MAJ_1
        294 n307 23 AND_1
        295 n308 14 AND_1
        296 n309 15 MAJ_0
        297 n310 16 MAJ_1
        298 n311 17 AND_1
        299 n312 15 OR_0
        300 n313 24 MAJ_1
        301 n314 25 OR_0
        302 n315 14 AND_0
        303 n316 15 OR_0
        304 n317 16 MAJ_0
        305 n318 2 AND_0
        306 n319 23 MAJ_1
        307 n320 23 MAJ_1
        308 n321 24 MAJ_1
        309 n322 25 AND_0
        310 n323 15 MAJ_0
        311 n324 15 MAJ_0
        312 n325 16 AND_1
        313 n326 17 AND_1
        314 n327 17 OR_0
        315 n328 26 MAJ_1
        316 n329 27 OR_0
        317 n330 15 AND_0
        318 n331 16 OR_0
        319 n332 17 MAJ_0
        320 n333 2 AND_0
        321 n334 15 AND_0
        322 n335 16 OR_0
        323 n336 21 AND_0
        324 n337 17 OR_0
        325 n338 22 MAJ_0
        326 n339 23 MAJ_1
        327 n340 23 MAJ_1
        328 n341 24 MAJ_1
        329 n342 25 AND_0
        330 n343 15 MAJ_0
        331 n344 15 MAJ_0
        332 n345 16 AND_1
        333 n346 17 AND_1
        334 n347 18 OR_0
        335 n348 26 MAJ_1
        336 n349 27 OR_0
        337 n350 14 AND_0
        338 n351 15 OR_0
        339 n352 16 MAJ_0
        340 n353 2 AND_0
        341 n354 22 AND_0
        342 n355 23 OR_0
        343 n356 16 AND_1
        344 n357 24 OR_0
        345 n358 24 MAJ_1
        346 n359 25 AND_1
        347 n360 16 AND_1
        348 n361 17 MAJ_0
        349 n362 18 MAJ_1
        350 n363 19 AND_1
        351 n364 17 OR_0
        352 n365 26 MAJ_1
        353 n366 27 OR_0
        354 n61 2 AND_0
        355 n62 3 AND_0
        356 n63 1 AND_0
        357 n64 2 AND_0
        358 n65 2 AND_0
        359 n66 3 AND_0
        360 n67 1 AND_0
        361 n68 1 AND_0
        362 n69 3 MAJ_1
        363 n70 4 AND_0
        364 n71 2 AND_0
        365 n72 3 MAJ_1
        366 n73 4 AND_0
        367 n74 2 AND_0
        368 n75 5 AND_1
        369 n76 6 MAJ_1
        370 n77 1 AND_0
        371 n78 2 AND_0
        372 n79 2 AND_0
        373 n80 3 AND_0
        374 n81 2 AND_0
        375 n82 3 AND_0
        376 n83 1 OR_0
        377 n84 2 AND_0
        378 n85 5 MAJ_1
        379 n86 6 AND_0
        380 n87 1 AND_0
        381 n88 2 AND_0
        382 n89 3 MAJ_1
        383 n90 4 AND_0
        384 n91 5 AND_0
        385 n92 6 AND_0
        386 n93 2 AND_0
        387 n94 5 MAJ_1
        388 n95 6 AND_0
        389 n96 2 AND_0
        390 n97 1 AND_1
        391 n98 2 MAJ_1
        392 n99 3 OR_0
        393 v1 7 VIR
        394 v10 13 VIR
        395 v11 13 VIR
        396 v12 12 VIR
        397 v13 12 VIR
        398 v14 12 VIR
        399 v15 12 VIR
        400 v16 12 VIR
        401 v17 13 VIR
        402 v18 13 VIR
        403 v19 7 VIR
        404 v2 7 VIR
        405 v20 6 VIR
        406 v21 14 VIR
        407 v22 14 VIR
        408 v23 21 VIR
        409 v24 14 VIR
        410 v25 14 VIR
        411 v26 14 VIR
        412 v27 15 VIR
        413 v28 13 VIR
        414 v29 13 VIR
        415 v3 7 VIR
        416 v30 13 VIR
        417 v31 15 VIR
        418 v32 2 VIR
        419 v33 2 VIR
        420 v34 3 VIR
        421 v35 3 VIR
        422 v36 1 VIR
        423 v37 1 VIR
        424 v38 1 VIR
        425 v39 1 VIR
        426 v4 6 VIR
        427 v40 1 VIR
        428 v41 1 VIR
        429 v42 1 VIR
        430 v43 1 VIR
        431 v44 1 VIR
        432 v45 1 VIR
        433 v46 1 VIR
        434 v47 1 VIR
        435 v48 1 VIR
        436 v49 1 VIR
        437 v5 7 VIR
        438 v50 1 VIR
        439 v51 1 VIR
        440 v52 1 VIR
        441 v53 1 VIR
        442 v54 1 VIR
        443 v55 1 VIR
        444 v56 1 VIR
        445 v57 1 VIR
        446 v58 1 VIR
        447 v59 1 VIR
        448 v6 7 VIR
        449 v60 1 VIR
        450 v61 1 VIR
        451 v62 1 VIR
        452 v63 1 VIR
        453 v64 1 VIR
        454 v65 1 VIR
        455 v66 1 VIR
        456 v67 1 VIR
        457 v68 1 VIR
        458 v69 1 VIR
        459 v7 7 VIR
        460 v70 1 VIR
        461 v71 1 VIR
        462 v72 1 VIR
        463 v73 1 VIR
        464 v74 1 VIR
        465 v75 1 VIR
        466 v76 1 VIR
        467 v77 1 VIR
        468 v78 1 VIR
        469 v79 1 VIR
        470 v8 7 VIR
        471 v80 1 VIR
        472 v81 1 VIR
        473 v82 1 VIR
        474 v83 1 VIR
        475 v84 1 VIR
        476 v85 1 VIR
        477 v86 1 VIR
        478 v87 1 VIR
        479 v88 1 VIR
        480 v89 1 VIR
        481 v9 13 VIR
        482 v90 2 VIR
        483 v91 2 VIR
        484 v92 2 VIR
    ]
    edge:
    [
        28 90
        30 90
        10 125
        60 125
        55 146
        59 146
        55 202
        56 202
        55 224
        57 224
        34 271
        38 271
        7 356
        17 356
        18 360
        19 360
        1 361
        2 361
        16 370
        17 370
        20 376
        21 376
        5 380
        9 380
        24 390
        26 390
        1 422
        11 423
        11 424
        11 425
        24 427
        25 428
        26 429
        27 430
        28 431
        29 432
        30 433
        4 434
        4 435
        4 436
        32 438
        34 439
        41 440
        41 441
        41 442
        42 443
        42 444
        42 445
        43 446
        44 447
        45 449
        45 450
        45 451
        46 452
        46 453
        46 454
        47 455
        48 456
        50 457
        50 458
        50 460
        6 461
        6 462
        51 463
        51 464
        51 465
        52 466
        52 467
        52 468
        53 469
        53 471
        53 472
        54 473
        54 474
        54 475
        58 476
        7 477
        8 478
        8 479
        8 480
        431 91
        433 91
        90 91
        440 102
        43 102
        449 108
        455 108
        6 124
        370 124
        423 128
        40 128
        434 132
        478 132
        423 132
        434 133
        478 133
        40 133
        434 135
        9 135
        361 135
        423 137
        16 137
        474 147
        146 147
        430 172
        458 172
        475 203
        202 203
        475 225
        224 225
        435 249
        60 249
        27 272
        271 272
        429 290
        458 290
        458 305
        60 305
        427 320
        460 320
        428 340
        460 340
        479 354
        16 354
        461 357
        356 357
        477 358
        479 358
        422 364
        3 364
        461 367
        7 367
        425 371
        370 371
        425 372
        17 372
        479 374
        424 374
        23 377
        376 377
        1 381
        380 381
        424 386
        12 386
        22 389
        376 389
        427 391
        429 391
        390 391
        361 418
        361 419
        469 482
        471 483
        472 484
        90 92
        91 92
        440 103
        446 103
        102 103
        449 109
        455 109
        108 109
        12 120
        13 120
        374 120
        132 134
        133 134
        418 136
        135 136
        478 138
        137 138
        461 355
        354 355
        462 359
        358 359
        3 362
        436 362
        419 362
        436 365
        5 365
        364 365
        477 373
        372 373
        477 375
        374 375
        3 382
        10 382
        418 382
        390 392
        391 392
        381 420
        381 421
        25 87
        27 87
        392 87
        428 88
        430 88
        392 88
        432 93
        31 93
        92 93
        432 94
        31 94
        92 94
        102 104
        103 104
        108 110
        109 110
        374 121
        120 121
        420 126
        124 126
        125 126
        420 129
        128 129
        381 139
        134 139
        10 246
        421 246
        420 250
        124 250
        249 250
        419 363
        362 363
        364 366
        365 366
        418 383
        382 383
        392 89
        87 89
        88 89
        92 95
        93 95
        94 95
        443 105
        447 105
        104 105
        444 106
        447 106
        104 106
        454 111
        456 111
        110 111
        454 112
        456 112
        110 112
        383 122
        121 122
        125 127
        126 127
        435 130
        129 130
        138 140
        139 140
        424 247
        40 247
        246 247
        249 251
        250 251
        480 368
        366 368
        480 378
        366 378
        367 378
        12 384
        383 384
        15 387
        383 387
        386 387
        32 96
        89 96
        104 107
        105 107
        106 107
        110 113
        111 113
        112 113
        14 123
        122 123
        422 131
        130 131
        136 141
        139 141
        140 141
        246 248
        247 248
        366 369
        367 369
        368 369
        367 379
        378 379
        462 385
        384 385
        386 388
        387 388
        251 405
        127 426
        438 97
        89 97
        96 97
        32 114
        107 114
        123 393
        248 403
        123 404
        123 415
        131 437
        141 448
        141 459
        141 470
        96 98
        97 98
        438 115
        107 115
        114 115
        31 142
        448 142
        28 165
        470 165
        29 173
        448 173
        30 177
        448 177
        24 243
        470 243
        25 256
        459 256
        26 262
        459 262
        459 273
        271 273
        272 273
        33 99
        95 99
        98 99
        33 100
        95 100
        98 100
        114 116
        115 116
        127 143
        142 143
        426 166
        165 166
        426 174
        173 174
        127 178
        177 178
        2 244
        243 244
        9 257
        256 257
        435 263
        262 263
        405 274
        273 274
        98 101
        99 101
        100 101
        49 117
        113 117
        116 117
        49 118
        113 118
        116 118
        39 144
        131 144
        143 144
        35 167
        437 167
        166 167
        36 175
        437 175
        174 175
        37 179
        131 179
        178 179
        439 245
        243 245
        244 245
        34 258
        256 258
        257 258
        439 264
        262 264
        263 264
        39 275
        403 275
        274 275
        116 119
        117 119
        118 119
        143 145
        144 145
        166 168
        167 168
        174 176
        175 176
        178 180
        179 180
        245 252
        405 252
        251 259
        258 259
        251 265
        264 265
        274 276
        275 276
        145 148
        146 148
        147 148
        48 149
        145 149
        48 150
        145 150
        47 181
        180 181
        47 186
        180 186
        180 226
        224 226
        225 226
        35 253
        403 253
        252 253
        36 260
        248 260
        259 260
        37 266
        248 266
        265 266
        44 277
        276 277
        44 278
        276 278
        473 287
        276 287
        168 396
        168 397
        176 398
        176 399
        176 400
        473 169
        396 169
        452 182
        398 182
        452 187
        398 187
        186 187
        451 195
        467 195
        397 195
        451 196
        483 196
        397 196
        400 204
        202 204
        203 204
        149 205
        181 205
        453 214
        466 214
        400 214
        453 215
        482 215
        399 215
        252 254
        253 254
        259 261
        260 261
        265 267
        266 267
        447 288
        287 288
        150 394
        150 395
        181 401
        186 402
        277 413
        278 414
        278 416
        149 481
        481 151
        394 151
        469 155
        394 155
        450 170
        169 170
        181 183
        182 183
        472 197
        196 197
        58 206
        205 206
        482 216
        215 216
        476 227
        481 227
        401 229
        402 229
        469 233
        402 233
        43 268
        267 268
        446 279
        267 279
        393 289
        287 289
        288 289
        413 291
        414 291
        471 295
        414 295
        473 302
        254 302
        474 337
        267 337
        254 406
        254 407
        261 409
        261 410
        261 411
        476 152
        151 152
        463 153
        476 153
        151 153
        466 156
        481 156
        155 156
        393 171
        169 171
        170 171
        149 184
        183 184
        195 198
        197 198
        186 207
        206 207
        214 217
        216 217
        395 228
        227 228
        466 234
        401 234
        233 234
        443 269
        409 269
        443 280
        409 280
        279 280
        467 296
        413 296
        295 296
        289 299
        290 299
        440 303
        302 303
        442 310
        468 310
        407 310
        441 311
        483 311
        406 311
        474 317
        409 317
        268 321
        414 321
        445 330
        468 330
        411 330
        445 331
        472 331
        410 331
        446 338
        337 338
        268 412
        279 417
        152 154
        153 154
        395 157
        155 157
        156 157
        58 185
        184 185
        171 199
        172 199
        150 208
        401 208
        207 208
        228 230
        229 230
        463 231
        228 231
        229 231
        402 235
        233 235
        234 235
        268 270
        269 270
        416 297
        295 297
        296 297
        393 304
        302 304
        303 304
        484 312
        311 312
        444 318
        317 318
        279 322
        321 322
        484 332
        331 332
        404 339
        337 339
        338 339
        412 343
        417 343
        471 347
        417 347
        155 158
        157 158
        185 188
        187 188
        207 209
        208 209
        230 232
        231 232
        233 236
        235 236
        270 281
        278 281
        295 298
        297 298
        310 313
        312 313
        304 314
        305 314
        404 319
        317 319
        318 319
        277 324
        322 324
        330 333
        332 333
        467 348
        412 348
        347 348
        339 351
        340 351
        154 159
        158 159
        394 189
        183 189
        188 189
        452 210
        398 210
        209 210
        453 211
        399 211
        209 211
        232 237
        236 237
        280 282
        281 282
        319 334
        320 334
        417 349
        347 349
        348 349
        433 160
        457 160
        159 160
        188 190
        189 190
        399 212
        210 212
        211 212
        29 238
        457 238
        237 238
        277 284
        282 284
        347 350
        349 350
        159 161
        160 161
        450 191
        396 191
        190 191
        450 192
        396 192
        190 192
        463 213
        212 213
        237 239
        238 239
        449 255
        168 255
        190 255
        148 162
        161 162
        397 193
        191 193
        192 193
        213 218
        217 218
        226 240
        239 240
        255 283
        270 283
        255 323
        412 323
        255 408
        456 163
        404 163
        162 163
        464 194
        193 194
        431 219
        457 219
        218 219
        455 241
        415 241
        240 241
        282 285
        283 285
        284 285
        408 292
        291 292
        464 293
        408 293
        291 293
        322 325
        323 325
        324 325
        408 341
        413 341
        162 164
        163 164
        194 200
        198 200
        199 200
        218 220
        219 220
        240 242
        241 242
        442 286
        407 286
        285 286
        292 294
        293 294
        441 306
        406 306
        285 306
        441 307
        406 307
        285 307
        444 326
        410 326
        325 326
        445 327
        410 327
        325 327
        416 342
        341 342
        199 201
        200 201
        204 221
        220 221
        294 300
        298 300
        299 300
        407 308
        306 308
        307 308
        411 328
        326 328
        327 328
        342 344
        343 344
        464 345
        342 345
        343 345
        454 222
        415 222
        221 222
        299 301
        300 301
        465 309
        308 309
        465 329
        328 329
        344 346
        345 346
        221 223
        222 223
        309 315
        313 315
        314 315
        329 335
        333 335
        334 335
        346 352
        350 352
        351 352
        314 316
        315 316
        334 336
        335 336
        351 353
        352 353
        355 61
        357 62
        359 63
        360 64
        363 65
        369 66
        371 67
        373 68
        375 69
        377 70
        379 71
        421 72
        385 73
        388 74
        389 75
        101 76
        119 77
        164 78
        201 79
        223 80
        242 81
        286 82
        301 83
        316 84
        336 85
        353 86
    ]
]
