circuit_name:c8new_processed
[
    node:
    [
        1 x0 0 PI
        2 x1 0 PI
        3 x2 0 PI
        4 x3 0 PI
        5 x4 0 PI
        6 x5 0 PI
        7 x6 0 PI
        8 x7 0 PI
        9 x8 0 PI
        10 x9 0 PI
        11 x10 0 PI
        12 x11 0 PI
        13 x12 0 PI
        14 x13 0 PI
        15 x14 0 PI
        16 x15 0 PI
        17 x16 0 PI
        18 x17 0 PI
        19 x18 0 PI
        20 x19 0 PI
        21 x20 0 PI
        22 x21 0 PI
        23 x22 0 PI
        24 x23 0 PI
        25 x24 0 PI
        26 x25 0 PI
        27 x26 0 PI
        28 x27 0 PI
        29 y0 5 PO_1
        30 y1 5 PO_1
        31 y2 5 PO_1
        32 y3 5 PO_1
        33 y4 5 PO_1
        34 y5 5 PO_1
        35 y6 5 PO_1
        36 y7 5 PO_1
        37 y8 3 PO_0
        38 y9 12 PO_0
        39 y10 12 PO_0
        40 y11 13 PO_0
        41 y12 13 PO_0
        42 y13 13 PO_0
        43 y14 13 PO_0
        44 y15 13 PO_0
        45 y16 13 PO_0
        46 y17 10 PO_0
        47 n100 6 AND_1
        48 n101 7 OR_0
        49 n102 8 MAJ_0
        50 n103 6 AND_1
        51 n104 7 AND_1
        52 n105 9 MAJ_1
        53 n106 10 OR_0
        54 n107 11 MAJ_1
        55 n108 12 OR_0
        56 n109 3 AND_1
        57 n110 4 AND_1
        58 n111 3 MAJ_0
        59 n112 3 MAJ_1
        60 n113 4 OR_0
        61 n114 2 OR_0
        62 n115 2 OR_0
        63 n116 5 MAJ_1
        64 n117 6 AND_1
        65 n118 7 AND_0
        66 n119 8 AND_1
        67 n120 9 MAJ_1
        68 n121 5 AND_0
        69 n122 6 AND_1
        70 n123 7 OR_0
        71 n124 8 MAJ_0
        72 n125 6 AND_1
        73 n126 7 AND_1
        74 n127 9 MAJ_1
        75 n128 10 OR_0
        76 n129 11 MAJ_1
        77 n130 12 OR_0
        78 n131 2 OR_0
        79 n132 3 MAJ_1
        80 n133 4 AND_1
        81 n134 3 MAJ_0
        82 n135 3 MAJ_1
        83 n136 4 OR_0
        84 n137 2 OR_0
        85 n138 3 OR_0
        86 n139 5 MAJ_1
        87 n140 6 AND_1
        88 n141 7 AND_0
        89 n142 8 AND_1
        90 n143 9 MAJ_1
        91 n144 5 AND_0
        92 n145 6 AND_1
        93 n146 7 OR_0
        94 n147 8 MAJ_0
        95 n148 6 AND_1
        96 n149 7 AND_1
        97 n150 9 MAJ_1
        98 n151 10 OR_0
        99 n152 11 MAJ_1
        100 n153 12 OR_0
        101 n154 3 MAJ_1
        102 n155 4 AND_1
        103 n156 3 MAJ_0
        104 n157 3 MAJ_1
        105 n158 4 OR_0
        106 n159 3 MAJ_1
        107 n160 4 OR_0
        108 n161 5 MAJ_1
        109 n162 6 AND_1
        110 n163 3 OR_0
        111 n164 5 AND_1
        112 n165 6 OR_0
        113 n166 7 MAJ_0
        114 n167 5 AND_0
        115 n168 6 AND_1
        116 n169 7 OR_0
        117 n170 8 MAJ_0
        118 n171 6 AND_1
        119 n172 7 AND_1
        120 n173 9 MAJ_1
        121 n174 10 OR_0
        122 n175 11 MAJ_1
        123 n176 12 OR_0
        124 n177 2 AND_1
        125 n178 3 MAJ_0
        126 n179 4 AND_1
        127 n180 3 MAJ_0
        128 n181 3 MAJ_1
        129 n182 4 OR_0
        130 n183 3 MAJ_1
        131 n184 4 OR_0
        132 n185 5 MAJ_1
        133 n186 6 AND_1
        134 n187 3 OR_0
        135 n188 5 AND_1
        136 n189 6 OR_0
        137 n190 7 MAJ_0
        138 n191 5 AND_0
        139 n192 6 AND_1
        140 n193 7 OR_0
        141 n194 8 MAJ_0
        142 n195 6 AND_1
        143 n196 7 AND_1
        144 n197 9 MAJ_1
        145 n198 10 OR_0
        146 n199 11 MAJ_1
        147 n200 12 OR_0
        148 n201 2 AND_1
        149 n202 3 MAJ_0
        150 n203 4 AND_1
        151 n204 3 MAJ_0
        152 n205 3 MAJ_1
        153 n206 4 OR_0
        154 n207 3 OR_0
        155 n208 4 MAJ_1
        156 n209 5 OR_0
        157 n210 5 AND_1
        158 n211 6 MAJ_0
        159 n212 7 AND_1
        160 n213 4 MAJ_1
        161 n214 5 OR_0
        162 n215 5 AND_1
        163 n216 6 OR_0
        164 n217 8 MAJ_0
        165 n218 5 AND_0
        166 n219 6 AND_1
        167 n220 7 OR_0
        168 n221 8 MAJ_0
        169 n222 6 AND_1
        170 n223 7 AND_1
        171 n224 9 MAJ_1
        172 n225 10 OR_0
        173 n226 11 MAJ_1
        174 n227 12 OR_0
        175 n228 3 AND_1
        176 n229 4 MAJ_0
        177 n230 5 AND_1
        178 n231 2 OR_0
        179 n232 3 MAJ_1
        180 n233 4 OR_0
        181 n234 6 MAJ_1
        182 n235 7 AND_1
        183 n236 8 OR_0
        184 n237 9 MAJ_0
        185 n29 2 AND_0
        186 n30 3 AND_1
        187 n31 4 OR_0
        188 n32 3 AND_0
        189 n33 3 AND_1
        190 n34 4 OR_0
        191 n35 3 AND_0
        192 n36 3 AND_1
        193 n37 4 OR_0
        194 n38 2 AND_0
        195 n39 3 AND_1
        196 n40 4 OR_0
        197 n41 3 AND_0
        198 n42 3 AND_1
        199 n43 4 OR_0
        200 n44 3 AND_0
        201 n45 3 AND_1
        202 n46 4 OR_0
        203 n47 2 AND_0
        204 n48 3 AND_1
        205 n49 4 OR_0
        206 n50 3 AND_0
        207 n51 3 AND_1
        208 n52 4 OR_0
        209 n53 3 MAJ_1
        210 n54 3 MAJ_1
        211 n55 4 AND_1
        212 n56 3 AND_0
        213 n57 3 MAJ_1
        214 n58 4 AND_0
        215 n59 3 AND_0
        216 n60 5 OR_0
        217 n61 6 MAJ_0
        218 n62 3 AND_1
        219 n63 4 MAJ_0
        220 n64 5 AND_0
        221 n65 3 AND_0
        222 n66 6 OR_0
        223 n67 7 MAJ_0
        224 n68 3 OR_0
        225 n69 4 AND_0
        226 n70 5 MAJ_1
        227 n71 6 MAJ_1
        228 n72 7 AND_1
        229 n73 8 OR_0
        230 n74 9 MAJ_1
        231 n75 7 OR_0
        232 n76 10 MAJ_1
        233 n77 11 OR_0
        234 n78 3 AND_1
        235 n79 4 MAJ_1
        236 n80 5 AND_1
        237 n81 3 OR_0
        238 n82 6 AND_1
        239 n83 7 MAJ_1
        240 n84 3 AND_1
        241 n85 8 AND_0
        242 n86 9 MAJ_1
        243 n87 3 AND_1
        244 n88 10 AND_1
        245 n89 11 MAJ_1
        246 n90 2 AND_1
        247 n91 3 MAJ_0
        248 n92 3 MAJ_1
        249 n93 4 OR_0
        250 n94 5 MAJ_1
        251 n95 6 AND_1
        252 n96 7 AND_0
        253 n97 8 AND_1
        254 n98 9 MAJ_1
        255 n99 5 AND_0
        256 v1 3 VIR
        257 v10 1 VIR
        258 v11 1 VIR
        259 v12 1 VIR
        260 v13 1 VIR
        261 v14 1 VIR
        262 v15 1 VIR
        263 v16 1 VIR
        264 v17 1 VIR
        265 v18 1 VIR
        266 v19 1 VIR
        267 v2 3 VIR
        268 v20 1 VIR
        269 v21 1 VIR
        270 v22 1 VIR
        271 v23 1 VIR
        272 v24 1 VIR
        273 v25 1 VIR
        274 v26 1 VIR
        275 v27 1 VIR
        276 v28 1 VIR
        277 v29 1 VIR
        278 v3 3 VIR
        279 v30 1 VIR
        280 v31 1 VIR
        281 v32 1 VIR
        282 v33 1 VIR
        283 v34 1 VIR
        284 v35 1 VIR
        285 v36 1 VIR
        286 v37 1 VIR
        287 v38 1 VIR
        288 v39 1 VIR
        289 v4 4 VIR
        290 v40 1 VIR
        291 v41 1 VIR
        292 v42 2 VIR
        293 v43 2 VIR
        294 v44 2 VIR
        295 v45 2 VIR
        296 v46 2 VIR
        297 v47 2 VIR
        298 v48 2 VIR
        299 v49 2 VIR
        300 v5 4 VIR
        301 v50 2 VIR
        302 v51 2 VIR
        303 v52 2 VIR
        304 v53 2 VIR
        305 v54 2 VIR
        306 v55 2 VIR
        307 v56 2 VIR
        308 v57 2 VIR
        309 v58 2 VIR
        310 v59 2 VIR
        311 v6 4 VIR
        312 v60 2 VIR
        313 v61 2 VIR
        314 v62 2 VIR
        315 v63 2 VIR
        316 v64 2 VIR
        317 v65 2 VIR
        318 v66 2 VIR
        319 v67 2 VIR
        320 v68 2 VIR
        321 v69 2 VIR
        322 v7 4 VIR
        323 v70 2 VIR
        324 v71 2 VIR
        325 v72 2 VIR
        326 v73 2 VIR
        327 v74 2 VIR
        328 v75 2 VIR
        329 v76 2 VIR
        330 v77 2 VIR
        331 v8 1 VIR
        332 v9 1 VIR
    ]
    edge:
    [
        11 257
        11 258
        11 259
        12 260
        12 261
        12 262
        13 263
        13 264
        13 265
        3 266
        3 268
        3 269
        22 270
        4 271
        5 272
        5 273
        5 274
        6 275
        6 276
        6 277
        7 279
        7 280
        7 281
        8 282
        8 283
        8 284
        9 285
        9 286
        9 287
        10 288
        10 290
        10 291
        2 331
        2 332
        272 61
        285 61
        282 62
        288 62
        285 78
        288 78
        288 84
        257 84
        2 124
        257 124
        331 148
        4 148
        332 178
        271 178
        275 185
        270 185
        276 194
        25 194
        277 203
        28 203
        286 246
        290 246
        257 292
        260 293
        266 294
        266 295
        266 296
        268 297
        268 298
        268 299
        269 301
        269 302
        269 303
        272 304
        272 305
        273 306
        273 307
        274 308
        274 309
        275 310
        275 312
        276 313
        276 314
        277 315
        277 316
        279 317
        279 318
        280 319
        280 320
        281 321
        281 323
        282 324
        282 325
        283 326
        283 327
        284 328
        284 329
        285 330
        290 56
        292 56
        294 58
        317 58
        17 58
        295 59
        317 59
        25 59
        258 79
        260 79
        78 79
        295 81
        318 81
        18 81
        295 82
        318 82
        26 82
        324 85
        61 85
        293 101
        263 101
        84 101
        296 103
        280 103
        19 103
        296 104
        319 104
        27 104
        258 106
        260 106
        62 106
        324 110
        330 110
        261 125
        263 125
        124 125
        296 127
        319 127
        20 127
        297 128
        319 128
        28 128
        293 130
        263 130
        84 130
        325 134
        78 134
        261 149
        264 149
        148 149
        297 151
        320 151
        21 151
        1 152
        297 152
        320 152
        331 154
        292 154
        326 175
        287 175
        262 179
        265 179
        178 179
        310 186
        329 186
        310 188
        23 188
        310 189
        287 189
        312 191
        24 191
        312 192
        291 192
        313 195
        259 195
        313 197
        26 197
        313 198
        262 198
        314 200
        27 200
        314 201
        265 201
        332 204
        315 204
        1 206
        315 206
        271 207
        315 207
        305 209
        325 209
        22 209
        307 210
        323 210
        328 210
        321 212
        14 212
        305 213
        283 213
        14 213
        307 215
        328 215
        298 218
        14 218
        302 221
        309 221
        304 224
        324 224
        298 234
        304 234
        299 237
        321 237
        303 240
        323 240
        303 243
        287 243
        294 247
        279 247
        16 247
        294 248
        317 248
        24 248
        61 256
        62 267
        84 278
        286 57
        56 57
        58 60
        59 60
        78 80
        79 80
        81 83
        82 83
        278 102
        101 102
        103 105
        104 105
        267 107
        106 107
        124 126
        125 126
        127 129
        128 129
        278 131
        130 131
        148 150
        149 150
        151 153
        152 153
        261 155
        264 155
        154 155
        291 160
        259 160
        110 160
        291 176
        259 176
        175 176
        178 180
        179 180
        185 187
        186 187
        188 190
        189 190
        191 193
        192 193
        194 196
        195 196
        197 199
        198 199
        200 202
        201 202
        203 205
        204 205
        206 208
        207 208
        209 211
        210 211
        209 214
        213 214
        321 219
        270 219
        218 219
        298 225
        224 225
        325 235
        330 235
        234 235
        247 249
        248 249
        85 289
        110 300
        224 311
        234 322
        60 63
        61 63
        62 63
        258 68
        60 68
        83 86
        278 86
        85 86
        262 91
        83 91
        256 108
        105 108
        107 108
        299 111
        105 111
        264 114
        105 114
        289 132
        129 132
        131 132
        301 135
        129 135
        331 138
        129 138
        154 156
        155 156
        304 157
        153 157
        110 161
        160 161
        301 162
        153 162
        4 165
        153 165
        175 177
        176 177
        212 216
        214 216
        218 220
        219 220
        281 226
        22 226
        225 226
        234 236
        235 236
        286 250
        224 250
        249 250
        290 255
        249 255
        246 47
        255 47
        326 50
        255 50
        267 64
        63 64
        57 69
        68 69
        327 72
        68 72
        85 87
        86 87
        80 92
        91 92
        328 95
        91 95
        256 109
        108 109
        300 112
        111 112
        102 115
        114 115
        300 118
        114 118
        289 133
        132 133
        134 136
        135 136
        126 139
        138 139
        134 142
        138 142
        134 158
        156 158
        157 158
        161 163
        162 163
        150 166
        165 166
        161 169
        165 169
        322 181
        177 181
        180 181
        214 217
        215 217
        216 217
        329 222
        220 222
        299 227
        225 227
        226 227
        23 238
        236 238
        311 251
        250 251
        326 48
        47 48
        274 51
        50 51
        273 65
        64 65
        327 70
        69 70
        308 73
        72 73
        306 88
        87 88
        284 93
        92 93
        308 96
        95 96
        109 113
        111 113
        112 113
        306 116
        115 116
        308 119
        118 119
        133 137
        135 137
        136 137
        306 140
        139 140
        309 143
        142 143
        157 159
        158 159
        307 167
        166 167
        309 170
        169 170
        322 182
        181 182
        220 223
        221 223
        222 223
        225 228
        227 228
        211 231
        217 231
        236 239
        237 239
        238 239
        305 252
        251 252
        251 49
        47 49
        48 49
        302 66
        65 66
        64 71
        69 71
        70 71
        302 89
        88 89
        87 94
        92 94
        93 94
        109 117
        115 117
        116 117
        133 141
        139 141
        140 141
        159 164
        162 164
        163 164
        159 168
        166 168
        167 168
        316 183
        182 183
        212 229
        228 229
        15 241
        239 241
        301 253
        252 253
        255 52
        49 52
        51 52
        60 67
        65 67
        66 67
        68 74
        71 74
        73 74
        83 90
        88 90
        89 90
        91 97
        94 97
        96 97
        114 120
        117 120
        119 120
        138 144
        141 144
        143 144
        165 171
        168 171
        170 171
        221 184
        182 184
        183 184
        311 230
        228 230
        229 230
        239 242
        240 242
        241 242
        249 254
        252 254
        253 254
        254 53
        52 53
        67 75
        74 75
        90 98
        97 98
        113 121
        120 121
        137 145
        144 145
        164 172
        171 172
        223 232
        230 232
        231 232
        311 244
        242 244
        246 54
        251 54
        53 54
        57 76
        64 76
        75 76
        80 99
        87 99
        98 99
        102 122
        109 122
        121 122
        126 146
        133 146
        145 146
        150 173
        159 173
        172 173
        231 233
        232 233
        242 245
        243 245
        244 245
        53 55
        54 55
        75 77
        76 77
        98 100
        99 100
        121 123
        122 123
        145 147
        146 147
        172 174
        173 174
        187 29
        190 30
        193 31
        196 32
        199 33
        202 34
        205 35
        208 36
        316 37
        233 38
        245 39
        55 40
        77 41
        100 42
        123 43
        147 44
        174 45
        184 46
    ]
]
