circuit_name:clipnew_processed
[
    node:
    [
        1 x0 0 PI
        2 x1 0 PI
        3 x2 0 PI
        4 x3 0 PI
        5 x4 0 PI
        6 x5 0 PI
        7 x6 0 PI
        8 x7 0 PI
        9 x8 0 PI
        10 y0 18 PO_0
        11 y1 19 PO_0
        12 y2 18 PO_0
        13 y3 19 PO_0
        14 y4 16 PO_0
        15 n10 3 AND_0
        16 n100 4 OR_0
        17 n101 4 AND_1
        18 n102 4 OR_0
        19 n103 6 MAJ_1
        20 n104 7 AND_1
        21 n105 4 AND_1
        22 n106 4 AND_1
        23 n107 6 MAJ_1
        24 n108 7 AND_0
        25 n109 10 OR_0
        26 n11 4 AND_1
        27 n110 11 MAJ_1
        28 n111 12 OR_0
        29 n112 6 MAJ_1
        30 n113 7 AND_1
        31 n114 4 AND_0
        32 n115 5 AND_1
        33 n116 6 AND_0
        34 n117 7 MAJ_1
        35 n118 8 AND_0
        36 n119 4 AND_0
        37 n12 5 AND_1
        38 n120 4 AND_1
        39 n121 3 AND_1
        40 n122 4 AND_0
        41 n123 6 AND_0
        42 n124 7 AND_1
        43 n125 8 MAJ_1
        44 n126 7 AND_1
        45 n127 9 OR_0
        46 n128 10 MAJ_0
        47 n129 4 AND_1
        48 n13 3 OR_0
        49 n130 5 AND_0
        50 n131 5 AND_0
        51 n132 4 AND_1
        52 n133 6 OR_0
        53 n134 6 AND_0
        54 n135 7 MAJ_0
        55 n136 9 OR_0
        56 n137 11 MAJ_1
        57 n138 12 OR_0
        58 n139 4 OR_0
        59 n14 4 OR_0
        60 n140 3 AND_1
        61 n141 6 MAJ_1
        62 n142 7 AND_1
        63 n143 5 AND_0
        64 n144 6 AND_0
        65 n145 7 OR_0
        66 n146 8 MAJ_0
        67 n147 5 MAJ_1
        68 n148 6 AND_0
        69 n149 5 AND_0
        70 n15 4 AND_0
        71 n150 3 AND_1
        72 n151 6 MAJ_1
        73 n152 7 AND_1
        74 n153 8 OR_0
        75 n154 9 MAJ_0
        76 n155 10 OR_0
        77 n156 6 AND_0
        78 n157 7 MAJ_1
        79 n158 8 AND_0
        80 n159 5 AND_1
        81 n16 6 AND_1
        82 n160 9 OR_0
        83 n161 10 MAJ_0
        84 n162 9 OR_0
        85 n163 11 MAJ_1
        86 n164 12 OR_0
        87 n165 13 OR_0
        88 n166 14 MAJ_1
        89 n167 15 OR_0
        90 n168 12 OR_0
        91 n169 16 MAJ_1
        92 n17 7 AND_1
        93 n170 17 OR_0
        94 n171 4 AND_1
        95 n172 7 AND_0
        96 n173 8 MAJ_1
        97 n174 9 AND_0
        98 n175 6 AND_1
        99 n176 10 OR_0
        100 n177 11 MAJ_0
        101 n178 4 OR_0
        102 n179 6 MAJ_1
        103 n18 6 AND_0
        104 n180 5 MAJ_1
        105 n181 7 AND_0
        106 n182 5 OR_0
        107 n183 8 OR_0
        108 n184 9 MAJ_1
        109 n185 4 AND_0
        110 n186 5 AND_1
        111 n187 5 AND_1
        112 n188 6 AND_1
        113 n189 7 OR_0
        114 n19 8 MAJ_1
        115 n190 8 MAJ_0
        116 n191 9 AND_1
        117 n192 10 MAJ_1
        118 n193 4 AND_1
        119 n194 6 MAJ_0
        120 n195 7 AND_1
        121 n196 4 AND_1
        122 n197 5 AND_1
        123 n198 5 AND_1
        124 n199 6 MAJ_1
        125 n20 3 AND_1
        126 n200 6 MAJ_1
        127 n201 7 AND_1
        128 n202 4 OR_0
        129 n203 5 AND_1
        130 n204 4 AND_1
        131 n205 6 MAJ_0
        132 n206 7 AND_1
        133 n207 6 OR_0
        134 n208 7 OR_0
        135 n209 8 MAJ_1
        136 n21 4 AND_1
        137 n210 4 OR_0
        138 n211 6 MAJ_1
        139 n212 7 AND_1
        140 n213 6 MAJ_1
        141 n214 7 AND_1
        142 n215 4 AND_0
        143 n216 5 AND_1
        144 n217 8 OR_0
        145 n218 9 MAJ_0
        146 n219 10 OR_0
        147 n22 3 AND_0
        148 n220 8 OR_0
        149 n221 11 MAJ_1
        150 n222 12 OR_0
        151 n223 12 OR_0
        152 n224 13 MAJ_1
        153 n225 14 OR_0
        154 n226 6 MAJ_1
        155 n227 7 AND_1
        156 n228 4 OR_0
        157 n229 7 MAJ_0
        158 n23 4 AND_0
        159 n230 8 AND_1
        160 n231 3 OR_0
        161 n232 4 MAJ_0
        162 n233 5 AND_1
        163 n234 8 AND_1
        164 n235 9 AND_1
        165 n236 10 MAJ_1
        166 n237 4 AND_0
        167 n238 3 AND_1
        168 n239 6 MAJ_1
        169 n24 4 AND_1
        170 n240 7 AND_1
        171 n241 4 AND_1
        172 n242 6 MAJ_1
        173 n243 7 AND_0
        174 n244 6 MAJ_1
        175 n245 7 AND_0
        176 n246 8 AND_1
        177 n247 9 AND_1
        178 n248 10 MAJ_1
        179 n249 6 MAJ_1
        180 n25 5 MAJ_0
        181 n250 7 AND_0
        182 n251 4 AND_0
        183 n252 7 MAJ_1
        184 n253 8 AND_0
        185 n254 6 AND_1
        186 n255 5 AND_1
        187 n256 9 OR_0
        188 n257 10 MAJ_0
        189 n258 11 OR_0
        190 n259 12 MAJ_0
        191 n26 6 AND_1
        192 n260 13 OR_0
        193 n261 3 AND_1
        194 n262 5 MAJ_1
        195 n263 6 AND_1
        196 n264 5 AND_0
        197 n265 5 AND_1
        198 n266 7 OR_0
        199 n267 8 MAJ_0
        200 n268 6 AND_0
        201 n269 9 OR_0
        202 n27 3 OR_0
        203 n270 10 MAJ_0
        204 n271 6 MAJ_1
        205 n272 7 AND_0
        206 n273 4 AND_1
        207 n274 5 AND_1
        208 n275 6 AND_1
        209 n276 7 AND_0
        210 n277 8 MAJ_0
        211 n278 6 MAJ_0
        212 n279 7 AND_1
        213 n28 7 OR_0
        214 n280 7 AND_1
        215 n281 8 AND_1
        216 n282 9 MAJ_1
        217 n283 11 OR_0
        218 n284 12 MAJ_1
        219 n285 13 OR_0
        220 n286 4 AND_1
        221 n287 5 AND_1
        222 n288 5 AND_0
        223 n289 7 MAJ_1
        224 n29 8 MAJ_1
        225 n290 8 AND_1
        226 n291 6 AND_1
        227 n292 7 AND_1
        228 n293 9 MAJ_1
        229 n294 5 AND_1
        230 n295 6 AND_0
        231 n296 7 MAJ_0
        232 n297 6 AND_1
        233 n298 8 OR_0
        234 n299 9 MAJ_0
        235 n30 4 OR_0
        236 n300 4 AND_0
        237 n301 4 AND_0
        238 n302 5 AND_0
        239 n303 6 MAJ_0
        240 n304 7 AND_1
        241 n305 5 AND_1
        242 n306 6 AND_1
        243 n307 8 MAJ_1
        244 n308 14 OR_0
        245 n309 15 MAJ_1
        246 n31 4 OR_0
        247 n310 16 OR_0
        248 n311 15 OR_0
        249 n312 17 MAJ_1
        250 n313 18 OR_0
        251 n314 3 AND_1
        252 n315 5 MAJ_1
        253 n316 6 AND_0
        254 n317 4 OR_0
        255 n318 5 AND_1
        256 n319 6 AND_1
        257 n32 4 AND_1
        258 n320 8 OR_0
        259 n321 9 MAJ_0
        260 n322 5 AND_0
        261 n323 10 OR_0
        262 n324 11 MAJ_0
        263 n325 6 AND_1
        264 n326 7 MAJ_0
        265 n327 8 AND_0
        266 n328 4 AND_1
        267 n329 7 MAJ_1
        268 n33 6 MAJ_1
        269 n330 8 AND_1
        270 n331 6 MAJ_0
        271 n332 7 AND_1
        272 n333 9 OR_0
        273 n334 10 MAJ_0
        274 n335 11 OR_0
        275 n336 12 OR_0
        276 n337 13 MAJ_0
        277 n338 14 OR_0
        278 n339 5 AND_1
        279 n34 7 AND_1
        280 n340 6 AND_0
        281 n341 4 AND_1
        282 n342 7 OR_0
        283 n343 8 MAJ_0
        284 n344 6 AND_1
        285 n345 7 MAJ_1
        286 n346 8 AND_0
        287 n347 9 OR_0
        288 n348 10 MAJ_0
        289 n349 4 AND_1
        290 n35 9 OR_0
        291 n350 6 OR_0
        292 n351 7 OR_0
        293 n352 8 MAJ_1
        294 n353 9 OR_0
        295 n354 11 MAJ_1
        296 n355 12 OR_0
        297 n356 4 AND_1
        298 n357 5 MAJ_1
        299 n358 5 OR_0
        300 n359 6 MAJ_0
        301 n36 10 MAJ_0
        302 n360 15 OR_0
        303 n361 16 MAJ_1
        304 n362 17 OR_0
        305 n363 6 AND_1
        306 n364 5 AND_1
        307 n365 3 OR_0
        308 n366 6 MAJ_1
        309 n367 7 AND_1
        310 n368 7 AND_1
        311 n369 8 AND_1
        312 n37 11 OR_0
        313 n370 9 MAJ_1
        314 n371 7 AND_1
        315 n372 8 AND_0
        316 n373 9 MAJ_1
        317 n374 6 AND_1
        318 n375 3 MAJ_1
        319 n376 4 MAJ_1
        320 n377 7 MAJ_1
        321 n378 10 OR_0
        322 n379 11 MAJ_1
        323 n38 3 AND_1
        324 n380 12 OR_0
        325 n381 3 OR_0
        326 n382 4 MAJ_0
        327 n383 5 AND_1
        328 n384 8 OR_0
        329 n385 7 AND_0
        330 n386 9 MAJ_0
        331 n387 4 AND_0
        332 n388 7 MAJ_1
        333 n389 8 AND_0
        334 n39 3 AND_1
        335 n390 7 MAJ_1
        336 n391 8 AND_1
        337 n392 9 OR_0
        338 n393 10 MAJ_0
        339 n394 11 OR_0
        340 n395 4 AND_1
        341 n396 5 AND_0
        342 n397 6 MAJ_1
        343 n398 7 AND_0
        344 n399 6 AND_1
        345 n40 5 MAJ_1
        346 n400 8 OR_0
        347 n401 9 MAJ_0
        348 n402 12 OR_0
        349 n403 13 MAJ_0
        350 n404 14 OR_0
        351 n405 6 AND_1
        352 n406 7 MAJ_1
        353 n407 8 AND_1
        354 n408 4 OR_0
        355 n409 6 MAJ_1
        356 n41 6 AND_0
        357 n410 7 AND_1
        358 n411 5 OR_0
        359 n412 6 AND_1
        360 n413 7 MAJ_1
        361 n414 5 MAJ_1
        362 n415 6 AND_1
        363 n416 4 MAJ_0
        364 n417 5 AND_1
        365 n418 6 MAJ_0
        366 n419 7 MAJ_1
        367 n42 4 AND_1
        368 n420 8 OR_0
        369 n421 9 MAJ_1
        370 n422 10 OR_0
        371 n423 11 OR_0
        372 n424 12 MAJ_0
        373 n425 13 OR_0
        374 n426 3 AND_0
        375 n427 6 MAJ_1
        376 n428 7 AND_0
        377 n429 3 AND_1
        378 n43 6 MAJ_1
        379 n430 6 MAJ_1
        380 n431 7 AND_0
        381 n432 8 OR_0
        382 n433 9 MAJ_0
        383 n434 4 AND_1
        384 n435 5 MAJ_1
        385 n436 6 AND_1
        386 n437 7 OR_0
        387 n438 8 MAJ_0
        388 n439 4 AND_1
        389 n44 7 AND_0
        390 n440 5 AND_1
        391 n441 6 MAJ_1
        392 n442 6 MAJ_0
        393 n443 7 AND_0
        394 n444 9 OR_0
        395 n445 10 MAJ_1
        396 n446 11 OR_0
        397 n447 14 OR_0
        398 n448 15 MAJ_1
        399 n449 16 OR_0
        400 n45 3 OR_0
        401 n450 13 OR_0
        402 n451 17 MAJ_1
        403 n452 18 OR_0
        404 n453 6 AND_1
        405 n454 6 AND_1
        406 n455 8 OR_0
        407 n456 7 AND_0
        408 n457 9 MAJ_0
        409 n458 8 MAJ_1
        410 n459 9 AND_0
        411 n46 4 AND_1
        412 n460 6 MAJ_0
        413 n461 7 AND_1
        414 n462 10 OR_0
        415 n463 11 MAJ_0
        416 n464 12 OR_0
        417 n465 3 AND_1
        418 n466 4 AND_1
        419 n467 5 MAJ_1
        420 n468 6 AND_1
        421 n469 4 OR_0
        422 n47 5 AND_1
        423 n470 7 OR_0
        424 n471 8 MAJ_1
        425 n472 5 MAJ_1
        426 n473 6 AND_1
        427 n474 4 AND_1
        428 n475 5 AND_1
        429 n476 6 MAJ_1
        430 n477 7 AND_1
        431 n478 4 AND_1
        432 n479 5 AND_1
        433 n48 8 AND_1
        434 n480 6 MAJ_1
        435 n481 7 AND_1
        436 n482 4 OR_0
        437 n483 8 OR_0
        438 n484 9 MAJ_1
        439 n485 5 AND_1
        440 n486 6 AND_1
        441 n487 7 MAJ_1
        442 n488 3 AND_1
        443 n489 8 AND_1
        444 n49 9 MAJ_1
        445 n490 9 MAJ_1
        446 n491 8 OR_0
        447 n492 10 MAJ_1
        448 n493 11 OR_0
        449 n494 4 AND_1
        450 n495 5 AND_0
        451 n496 12 MAJ_1
        452 n497 13 OR_0
        453 n498 14 MAJ_1
        454 n499 15 OR_0
        455 n50 4 AND_1
        456 n51 6 AND_0
        457 n52 7 AND_1
        458 n53 8 AND_1
        459 n54 9 MAJ_0
        460 n55 5 AND_0
        461 n56 10 OR_0
        462 n57 11 MAJ_0
        463 n58 4 AND_0
        464 n59 3 AND_0
        465 n60 6 MAJ_1
        466 n61 7 AND_0
        467 n62 5 MAJ_0
        468 n63 6 AND_1
        469 n64 8 OR_0
        470 n65 9 MAJ_0
        471 n66 10 OR_0
        472 n67 10 OR_0
        473 n68 12 MAJ_1
        474 n69 13 OR_0
        475 n70 3 AND_0
        476 n71 4 AND_1
        477 n72 5 OR_0
        478 n73 3 AND_1
        479 n74 4 AND_1
        480 n75 4 AND_1
        481 n76 5 AND_1
        482 n77 5 AND_1
        483 n78 5 AND_1
        484 n79 6 MAJ_0
        485 n80 7 AND_0
        486 n81 5 AND_1
        487 n82 8 AND_1
        488 n83 9 MAJ_1
        489 n84 5 AND_0
        490 n85 3 AND_1
        491 n86 4 AND_1
        492 n87 4 AND_1
        493 n88 5 AND_1
        494 n89 4 AND_0
        495 n90 5 AND_0
        496 n91 5 AND_0
        497 n92 6 MAJ_0
        498 n93 7 AND_0
        499 n94 6 AND_1
        500 n95 8 OR_0
        501 n96 9 MAJ_0
        502 n97 4 AND_1
        503 n98 7 MAJ_1
        504 n99 8 AND_1
        505 v1 4 VIR
        506 v10 5 VIR
        507 v100 2 VIR
        508 v101 2 VIR
        509 v102 2 VIR
        510 v103 2 VIR
        511 v104 2 VIR
        512 v105 2 VIR
        513 v106 2 VIR
        514 v107 2 VIR
        515 v108 2 VIR
        516 v109 2 VIR
        517 v11 5 VIR
        518 v110 2 VIR
        519 v111 2 VIR
        520 v112 2 VIR
        521 v113 2 VIR
        522 v114 2 VIR
        523 v115 2 VIR
        524 v116 2 VIR
        525 v117 2 VIR
        526 v118 2 VIR
        527 v119 2 VIR
        528 v12 5 VIR
        529 v120 2 VIR
        530 v121 2 VIR
        531 v122 2 VIR
        532 v123 2 VIR
        533 v124 2 VIR
        534 v125 2 VIR
        535 v126 2 VIR
        536 v127 2 VIR
        537 v128 2 VIR
        538 v129 2 VIR
        539 v13 5 VIR
        540 v130 2 VIR
        541 v131 2 VIR
        542 v132 2 VIR
        543 v133 2 VIR
        544 v134 2 VIR
        545 v135 2 VIR
        546 v136 2 VIR
        547 v137 2 VIR
        548 v138 2 VIR
        549 v139 2 VIR
        550 v14 5 VIR
        551 v140 2 VIR
        552 v141 2 VIR
        553 v142 2 VIR
        554 v143 2 VIR
        555 v144 2 VIR
        556 v145 2 VIR
        557 v146 2 VIR
        558 v147 2 VIR
        559 v148 2 VIR
        560 v149 2 VIR
        561 v15 5 VIR
        562 v150 2 VIR
        563 v151 2 VIR
        564 v152 2 VIR
        565 v153 2 VIR
        566 v154 2 VIR
        567 v155 2 VIR
        568 v156 2 VIR
        569 v157 2 VIR
        570 v158 2 VIR
        571 v159 2 VIR
        572 v16 5 VIR
        573 v160 2 VIR
        574 v161 2 VIR
        575 v162 2 VIR
        576 v163 2 VIR
        577 v164 2 VIR
        578 v165 2 VIR
        579 v166 2 VIR
        580 v167 2 VIR
        581 v168 2 VIR
        582 v169 2 VIR
        583 v17 5 VIR
        584 v170 2 VIR
        585 v171 3 VIR
        586 v172 3 VIR
        587 v173 3 VIR
        588 v174 3 VIR
        589 v175 3 VIR
        590 v176 3 VIR
        591 v177 3 VIR
        592 v178 3 VIR
        593 v179 3 VIR
        594 v18 4 VIR
        595 v180 3 VIR
        596 v181 3 VIR
        597 v182 3 VIR
        598 v183 3 VIR
        599 v184 3 VIR
        600 v185 3 VIR
        601 v186 3 VIR
        602 v187 3 VIR
        603 v188 3 VIR
        604 v189 3 VIR
        605 v19 6 VIR
        606 v190 3 VIR
        607 v191 3 VIR
        608 v192 3 VIR
        609 v193 3 VIR
        610 v194 3 VIR
        611 v195 3 VIR
        612 v196 3 VIR
        613 v197 3 VIR
        614 v198 3 VIR
        615 v199 3 VIR
        616 v2 4 VIR
        617 v20 6 VIR
        618 v200 3 VIR
        619 v201 3 VIR
        620 v202 3 VIR
        621 v203 3 VIR
        622 v204 3 VIR
        623 v205 3 VIR
        624 v206 3 VIR
        625 v207 3 VIR
        626 v208 3 VIR
        627 v209 3 VIR
        628 v21 6 VIR
        629 v210 3 VIR
        630 v211 3 VIR
        631 v212 3 VIR
        632 v213 3 VIR
        633 v214 3 VIR
        634 v215 3 VIR
        635 v216 3 VIR
        636 v217 3 VIR
        637 v218 3 VIR
        638 v219 3 VIR
        639 v22 5 VIR
        640 v220 3 VIR
        641 v221 3 VIR
        642 v222 3 VIR
        643 v23 5 VIR
        644 v24 4 VIR
        645 v25 5 VIR
        646 v26 5 VIR
        647 v27 5 VIR
        648 v28 5 VIR
        649 v29 4 VIR
        650 v3 5 VIR
        651 v30 4 VIR
        652 v31 4 VIR
        653 v32 5 VIR
        654 v33 5 VIR
        655 v34 5 VIR
        656 v35 7 VIR
        657 v36 6 VIR
        658 v37 4 VIR
        659 v38 5 VIR
        660 v39 5 VIR
        661 v4 5 VIR
        662 v40 5 VIR
        663 v41 5 VIR
        664 v42 6 VIR
        665 v43 6 VIR
        666 v44 6 VIR
        667 v45 6 VIR
        668 v46 4 VIR
        669 v47 4 VIR
        670 v48 4 VIR
        671 v49 5 VIR
        672 v5 5 VIR
        673 v50 4 VIR
        674 v51 5 VIR
        675 v52 5 VIR
        676 v53 5 VIR
        677 v54 5 VIR
        678 v55 5 VIR
        679 v56 4 VIR
        680 v57 6 VIR
        681 v58 5 VIR
        682 v59 1 VIR
        683 v6 5 VIR
        684 v60 1 VIR
        685 v61 1 VIR
        686 v62 1 VIR
        687 v63 1 VIR
        688 v64 1 VIR
        689 v65 1 VIR
        690 v66 1 VIR
        691 v67 1 VIR
        692 v68 1 VIR
        693 v69 1 VIR
        694 v7 5 VIR
        695 v70 1 VIR
        696 v71 1 VIR
        697 v72 1 VIR
        698 v73 1 VIR
        699 v74 1 VIR
        700 v75 1 VIR
        701 v76 1 VIR
        702 v77 1 VIR
        703 v78 1 VIR
        704 v79 1 VIR
        705 v8 5 VIR
        706 v80 1 VIR
        707 v81 1 VIR
        708 v82 1 VIR
        709 v83 1 VIR
        710 v84 1 VIR
        711 v85 1 VIR
        712 v86 6 VIR
        713 v87 5 VIR
        714 v88 7 VIR
        715 v89 5 VIR
        716 v9 5 VIR
        717 v90 2 VIR
        718 v91 2 VIR
        719 v92 2 VIR
        720 v93 2 VIR
        721 v94 2 VIR
        722 v95 2 VIR
        723 v96 2 VIR
        724 v97 2 VIR
        725 v98 2 VIR
        726 v99 2 VIR
    ]
    edge:
    [
        1 682
        1 684
        1 685
        2 686
        2 687
        2 688
        3 689
        3 690
        3 691
        4 692
        4 693
        4 695
        5 696
        5 697
        5 698
        6 699
        6 700
        6 701
        7 702
        7 703
        7 704
        8 706
        8 707
        8 708
        9 709
        9 710
        9 711
        686 507
        686 508
        687 509
        687 510
        687 511
        688 512
        688 513
        688 514
        689 515
        689 516
        689 518
        690 519
        690 520
        690 521
        691 522
        691 523
        691 524
        692 525
        692 526
        692 527
        693 529
        693 530
        693 531
        695 532
        695 533
        695 534
        696 535
        696 536
        696 537
        697 538
        697 540
        697 541
        698 542
        698 543
        698 544
        699 545
        699 546
        699 547
        700 548
        700 549
        700 551
        701 552
        701 553
        701 554
        702 555
        702 556
        702 557
        703 558
        703 559
        703 560
        704 562
        704 563
        704 564
        706 565
        706 566
        706 567
        707 568
        707 569
        707 570
        708 571
        708 573
        708 574
        709 575
        709 576
        709 577
        710 578
        710 579
        710 580
        711 581
        711 582
        711 584
        682 717
        682 718
        682 719
        684 720
        684 721
        684 722
        685 723
        685 724
        685 725
        686 726
        719 15
        527 15
        568 39
        578 39
        546 48
        556 48
        516 60
        557 60
        719 71
        516 71
        555 125
        575 125
        548 147
        577 147
        512 160
        521 160
        726 167
        525 167
        717 193
        726 193
        515 202
        526 202
        519 251
        570 251
        536 307
        568 307
        513 318
        534 318
        582 318
        516 323
        548 323
        724 325
        522 325
        508 334
        529 334
        533 374
        573 374
        532 377
        562 377
        718 400
        526 400
        725 417
        522 417
        523 442
        573 442
        551 464
        559 464
        555 475
        565 475
        556 478
        567 478
        555 490
        565 490
        507 585
        509 586
        510 587
        512 588
        513 589
        525 590
        526 591
        527 592
        529 593
        530 595
        531 596
        532 597
        533 598
        534 599
        535 600
        535 601
        536 602
        536 603
        537 604
        538 606
        538 607
        540 608
        540 609
        541 610
        542 611
        542 612
        543 613
        543 614
        544 615
        545 618
        546 619
        547 620
        548 621
        549 622
        551 623
        552 624
        553 625
        554 626
        565 627
        568 629
        571 630
        575 631
        576 632
        578 633
        579 634
        581 635
        582 636
        717 637
        718 638
        720 640
        723 641
        726 642
        717 16
        642 16
        601 17
        547 17
        593 18
        629 18
        637 21
        642 21
        595 22
        579 22
        619 26
        566 26
        585 31
        592 31
        637 36
        507 36
        508 38
        202 38
        559 40
        39 40
        567 47
        632 47
        559 51
        39 51
        545 58
        627 58
        604 59
        48 59
        566 70
        631 70
        592 94
        602 94
        602 101
        547 101
        603 109
        632 109
        530 118
        606 118
        603 121
        557 121
        585 128
        591 128
        608 130
        48 130
        545 136
        125 136
        591 137
        600 137
        538 142
        621 142
        514 156
        615 156
        610 158
        147 158
        533 161
        625 161
        160 161
        611 166
        490 166
        720 169
        592 169
        587 171
        520 171
        510 182
        609 182
        606 206
        620 206
        519 220
        596 220
        527 235
        619 235
        613 236
        475 236
        723 237
        334 237
        515 246
        618 246
        627 254
        575 254
        641 257
        562 257
        719 266
        602 266
        588 281
        614 281
        523 289
        490 289
        524 297
        478 297
        513 319
        598 319
        544 319
        534 326
        544 326
        325 326
        530 331
        606 331
        622 340
        633 340
        590 354
        556 354
        591 363
        546 363
        576 363
        515 367
        600 367
        577 383
        400 383
        622 388
        633 388
        619 411
        566 411
        589 418
        417 418
        514 421
        626 421
        519 427
        623 427
        518 431
        607 431
        725 436
        615 436
        524 449
        599 449
        721 455
        595 455
        623 463
        125 463
        535 476
        475 476
        604 479
        478 479
        529 480
        621 480
        600 491
        490 491
        590 492
        618 492
        590 494
        618 494
        640 502
        604 502
        15 505
        60 594
        15 616
        125 644
        167 649
        167 651
        167 652
        202 658
        323 668
        323 669
        323 670
        334 673
        478 679
        640 32
        31 32
        537 37
        26 37
        611 49
        47 49
        540 50
        644 50
        558 63
        47 63
        15 67
        411 67
        60 67
        601 69
        70 69
        613 80
        658 80
        586 104
        531 104
        59 104
        630 106
        101 106
        518 110
        109 110
        520 111
        22 111
        593 122
        121 122
        593 123
        17 123
        607 129
        58 129
        531 143
        142 143
        160 162
        161 162
        622 180
        629 180
        169 180
        615 186
        670 186
        525 194
        476 194
        193 194
        638 196
        649 196
        537 197
        246 197
        518 207
        121 207
        511 221
        220 221
        612 222
        26 222
        158 229
        669 229
        588 238
        480 238
        236 241
        237 241
        580 252
        237 252
        251 252
        558 255
        254 255
        584 260
        670 260
        624 278
        51 278
        574 298
        584 298
        679 298
        564 299
        679 299
        542 306
        644 306
        325 327
        326 327
        541 341
        340 341
        635 345
        669 345
        673 345
        136 358
        58 358
        577 361
        367 361
        649 361
        620 364
        363 364
        101 384
        307 384
        383 384
        610 390
        388 390
        564 419
        574 419
        418 419
        636 422
        411 422
        614 425
        635 425
        651 425
        511 428
        427 428
        723 432
        431 432
        541 439
        59 439
        584 450
        449 450
        574 460
        670 460
        571 467
        505 467
        246 467
        720 477
        235 477
        721 481
        480 481
        722 482
        668 482
        508 483
        479 483
        589 486
        476 486
        557 489
        70 489
        718 493
        492 493
        638 495
        494 495
        507 496
        491 496
        31 506
        36 517
        36 528
        36 539
        40 550
        51 561
        51 572
        59 583
        70 639
        118 643
        128 645
        136 646
        137 647
        158 648
        16 650
        169 653
        169 654
        171 655
        235 659
        235 660
        16 661
        237 662
        246 663
        331 671
        16 672
        367 674
        367 675
        455 676
        455 677
        455 678
        494 681
        17 683
        21 694
        21 705
        649 713
        668 715
        21 716
        661 19
        683 19
        18 19
        411 23
        705 23
        22 23
        596 29
        463 29
        705 29
        17 33
        32 33
        489 41
        38 41
        50 52
        561 52
        481 53
        49 53
        676 61
        58 61
        594 61
        493 64
        63 64
        60 68
        67 68
        621 72
        69 72
        71 72
        492 77
        517 77
        624 81
        639 81
        613 98
        528 98
        509 102
        595 102
        37 102
        616 103
        37 103
        596 112
        110 112
        569 119
        650 119
        118 119
        722 124
        586 124
        123 124
        722 126
        510 126
        122 126
        608 131
        659 131
        694 131
        128 133
        129 133
        567 138
        694 138
        137 138
        558 140
        694 140
        137 140
        521 154
        597 154
        661 154
        608 168
        552 168
        713 168
        676 172
        166 172
        171 172
        532 174
        611 174
        716 174
        599 179
        554 179
        655 179
        721 185
        713 185
        653 191
        180 191
        193 195
        194 195
        579 200
        683 200
        570 204
        674 204
        196 204
        206 208
        207 208
        552 211
        476 211
        645 211
        221 226
        222 226
        543 230
        229 230
        626 232
        50 232
        625 239
        672 239
        643 239
        238 242
        241 242
        251 253
        252 253
        625 256
        539 256
        520 263
        653 263
        660 268
        663 268
        257 268
        549 270
        202 270
        69 270
        512 280
        278 280
        610 284
        561 284
        598 291
        572 291
        297 300
        298 300
        299 300
        609 305
        639 305
        580 308
        660 308
        307 308
        582 317
        643 317
        612 342
        654 342
        40 342
        523 344
        677 344
        578 351
        650 351
        631 355
        650 355
        354 355
        673 356
        345 356
        576 359
        358 359
        674 362
        361 362
        620 365
        517 365
        363 365
        636 375
        539 375
        374 375
        580 378
        334 378
        674 378
        581 379
        539 379
        377 379
        383 385
        384 385
        641 391
        597 391
        390 391
        724 392
        597 392
        341 392
        725 404
        671 404
        514 405
        681 405
        581 412
        681 412
        661 412
        418 420
        419 420
        652 426
        425 426
        563 429
        573 429
        428 429
        563 434
        630 434
        432 434
        511 440
        439 440
        551 456
        639 456
        570 465
        653 465
        464 465
        663 468
        467 468
        481 484
        482 484
        483 484
        493 497
        495 497
        496 497
        509 499
        477 499
        63 605
        63 617
        69 628
        196 657
        255 664
        255 665
        255 666
        306 667
        489 680
        517 712
        18 20
        19 20
        22 24
        23 24
        716 30
        29 30
        562 34
        571 34
        33 34
        477 42
        41 42
        521 44
        81 44
        481 54
        52 54
        53 54
        594 62
        61 62
        482 65
        64 65
        71 73
        72 73
        560 78
        569 78
        77 78
        583 92
        81 92
        712 95
        94 95
        102 105
        104 105
        587 113
        112 113
        118 120
        119 120
        124 127
        126 127
        705 132
        131 132
        130 134
        133 134
        647 139
        138 139
        647 141
        140 141
        672 155
        154 155
        678 157
        617 157
        156 157
        651 170
        168 170
        171 173
        172 173
        716 175
        174 175
        655 181
        179 181
        494 183
        605 183
        182 183
        195 198
        196 198
        675 205
        204 205
        634 209
        208 209
        645 212
        211 212
        158 213
        191 213
        628 214
        657 214
        553 223
        628 223
        651 223
        130 227
        226 227
        648 231
        32 231
        230 231
        643 240
        239 240
        648 264
        628 264
        263 264
        549 267
        664 267
        266 267
        658 271
        270 271
        257 279
        268 279
        665 282
        280 282
        724 285
        624 285
        284 285
        665 292
        291 292
        307 309
        308 309
        505 310
        305 310
        305 314
        306 314
        317 320
        318 320
        319 320
        665 329
        327 329
        668 332
        664 332
        331 332
        634 335
        715 335
        185 335
        654 343
        342 343
        659 352
        18 352
        351 352
        354 357
        355 357
        136 360
        128 360
        359 360
        363 366
        364 366
        365 366
        374 376
        375 376
        377 380
        379 380
        646 386
        385 386
        675 389
        378 389
        391 393
        392 393
        666 407
        405 407
        681 413
        412 413
        417 423
        420 423
        428 430
        429 430
        432 435
        434 435
        522 441
        583 441
        440 441
        715 457
        456 457
        464 466
        465 466
        483 485
        484 485
        496 498
        497 498
        659 503
        680 503
        502 503
        185 656
        664 714
        33 35
        34 35
        40 43
        41 43
        42 43
        561 66
        64 66
        65 66
        68 74
        73 74
        77 79
        78 79
        560 96
        569 96
        95 96
        673 107
        105 107
        616 114
        92 114
        103 114
        111 115
        112 115
        113 115
        645 135
        132 135
        134 135
        139 144
        141 144
        120 148
        127 148
        156 159
        157 159
        491 163
        155 163
        605 176
        170 176
        182 184
        183 184
        195 199
        197 199
        198 199
        657 210
        207 210
        209 210
        50 215
        214 215
        191 224
        658 224
        213 224
        652 225
        223 225
        652 233
        231 233
        236 243
        240 243
        242 243
        253 258
        714 258
        263 265
        264 265
        266 269
        267 269
        280 283
        281 283
        282 283
        284 286
        285 286
        599 293
        289 293
        292 293
        306 311
        310 311
        598 315
        314 315
        155 328
        162 328
        331 333
        332 333
        669 336
        335 336
        341 346
        343 346
        351 353
        352 353
        357 368
        360 368
        81 381
        380 381
        31 387
        385 387
        386 387
        656 406
        404 406
        553 409
        714 409
        671 409
        420 424
        421 424
        423 424
        389 433
        400 433
        427 437
        435 437
        101 443
        441 443
        426 446
        430 446
        563 458
        457 458
        466 469
        468 469
        477 487
        485 487
        489 500
        498 500
        502 504
        503 504
        528 45
        43 45
        30 55
        35 55
        495 75
        605 75
        74 75
        680 82
        79 82
        62 84
        66 84
        95 97
        96 97
        105 108
        106 108
        107 108
        583 116
        115 116
        712 145
        143 145
        144 145
        162 164
        163 164
        175 177
        176 177
        184 187
        656 187
        185 201
        199 201
        657 216
        212 216
        215 216
        221 228
        225 228
        227 228
        231 234
        232 234
        233 234
        253 259
        256 259
        258 259
        269 272
        271 272
        572 287
        286 287
        224 290
        279 290
        389 294
        283 294
        505 313
        309 313
        311 313
        554 316
        667 316
        315 316
        666 330
        328 330
        329 330
        333 337
        336 337
        343 347
        344 347
        346 347
        362 369
        366 369
        368 369
        506 382
        380 382
        381 382
        387 394
        393 394
        666 408
        406 408
        407 408
        671 410
        409 410
        435 438
        436 438
        437 438
        389 444
        422 444
        433 444
        441 445
        442 445
        443 445
        676 459
        456 459
        458 459
        677 470
        463 470
        469 470
        485 488
        486 488
        487 488
        498 501
        499 501
        500 501
        501 25
        504 25
        43 46
        44 46
        45 46
        74 76
        75 76
        79 83
        80 83
        82 83
        492 99
        97 99
        506 117
        115 117
        116 117
        144 146
        145 146
        491 165
        159 165
        164 165
        617 178
        173 178
        177 178
        184 188
        186 188
        187 188
        199 203
        200 203
        201 203
        662 261
        259 261
        528 273
        572 273
        272 273
        281 288
        286 288
        287 288
        616 301
        646 301
        290 301
        111 321
        313 321
        550 338
        662 338
        337 338
        368 370
        369 370
        400 395
        667 395
        394 395
        410 414
        413 414
        438 447
        445 447
        446 447
        677 461
        459 461
        469 471
        470 471
        356 472
        444 472
        20 27
        24 27
        25 27
        46 56
        54 56
        55 56
        76 85
        83 85
        84 85
        97 100
        98 100
        99 100
        135 149
        146 149
        148 149
        178 189
        188 189
        203 217
        205 217
        259 262
        260 262
        261 262
        272 274
        273 274
        288 295
        293 295
        294 295
        290 312
        301 312
        316 322
        320 322
        321 322
        337 339
        338 339
        353 371
        370 371
        394 396
        395 396
        678 415
        341 415
        414 415
        446 448
        447 448
        459 462
        460 462
        461 462
        25 28
        27 28
        55 57
        56 57
        84 86
        85 86
        114 90
        312 90
        148 150
        149 150
        100 151
        108 151
        166 190
        181 190
        189 190
        210 218
        216 218
        217 218
        265 275
        274 275
        294 296
        295 296
        321 324
        322 324
        339 348
        347 348
        550 372
        143 372
        371 372
        414 416
        415 416
        524 451
        448 451
        450 451
        462 473
        471 473
        472 473
        488 87
        28 87
        117 152
        150 152
        151 152
        189 192
        190 192
        217 219
        218 219
        456 276
        38 276
        275 276
        550 349
        238 349
        348 349
        371 373
        372 373
        324 401
        330 401
        408 452
        416 452
        472 474
        473 474
        57 88
        86 88
        87 88
        151 153
        152 153
        219 244
        228 244
        275 277
        276 277
        348 350
        349 350
        373 397
        376 397
        424 453
        451 453
        452 453
        87 89
        88 89
        234 245
        243 245
        244 245
        153 248
        165 248
        262 302
        277 302
        382 398
        396 398
        397 398
        452 454
        453 454
        474 91
        89 91
        90 91
        244 247
        245 247
        296 303
        300 303
        302 303
        397 399
        398 399
        90 93
        91 93
        192 249
        247 249
        248 249
        302 304
        303 304
        350 402
        399 402
        401 402
        248 250
        249 250
        401 403
        402 403
        93 10
        250 11
        304 12
        403 13
        454 14
    ]
]
