circuit_name:cm163anew_processed
[
    node:
    [
        1 x0 0 PI
        2 x1 0 PI
        3 x2 0 PI
        4 x3 0 PI
        5 x4 0 PI
        6 x5 0 PI
        7 x6 0 PI
        8 x7 0 PI
        9 x8 0 PI
        10 x9 0 PI
        11 x10 0 PI
        12 x11 0 PI
        13 x12 0 PI
        14 x13 0 PI
        15 x14 0 PI
        16 x15 0 PI
        17 y0 8 PO_1
        18 y1 9 PO_1
        19 y2 9 PO_1
        20 y3 9 PO_1
        21 y4 5 PO_0
        22 n17 1 AND_0
        23 n18 2 AND_1
        24 n19 4 OR_0
        25 n20 5 MAJ_1
        26 n21 2 MAJ_0
        27 n22 6 MAJ_1
        28 n23 7 AND_1
        29 n24 2 AND_1
        30 n25 3 AND_1
        31 n26 4 MAJ_0
        32 n27 5 MAJ_1
        33 n28 6 MAJ_1
        34 n29 2 MAJ_0
        35 n30 7 MAJ_1
        36 n31 8 AND_1
        37 n32 3 AND_0
        38 n33 4 MAJ_1
        39 n34 5 MAJ_1
        40 n35 6 MAJ_1
        41 n36 7 MAJ_1
        42 n37 2 MAJ_0
        43 n38 8 AND_1
        44 n39 1 OR_0
        45 n40 2 MAJ_1
        46 n41 3 AND_1
        47 n42 4 AND_1
        48 n43 5 AND_1
        49 n44 6 MAJ_1
        50 n45 7 MAJ_1
        51 n46 2 MAJ_0
        52 n47 8 AND_1
        53 n48 1 AND_0
        54 n49 2 MAJ_1
        55 n50 3 AND_0
        56 n51 4 AND_0
        57 v1 3 VIR
        58 v2 1 VIR
        59 v3 1 VIR
        60 v4 1 VIR
        61 v5 1 VIR
        62 v6 1 VIR
        63 v7 1 VIR
        64 v8 1 VIR
        65 v9 1 VIR
    ]
    edge:
    [
        4 22
        5 22
        11 44
        13 44
        1 53
        10 53
        11 58
        13 59
        6 60
        6 61
        6 62
        7 63
        7 64
        7 65
        11 23
        22 23
        2 26
        60 26
        63 26
        4 29
        58 29
        3 34
        60 34
        63 34
        61 42
        64 42
        8 42
        14 45
        22 45
        44 45
        62 51
        65 51
        9 51
        12 54
        16 54
        53 54
        5 30
        29 30
        13 37
        23 37
        44 46
        45 46
        53 55
        54 55
        23 57
        58 24
        57 24
        59 31
        29 31
        30 31
        14 38
        23 38
        37 38
        15 47
        46 47
        5 56
        55 56
        22 25
        57 25
        24 25
        59 32
        30 32
        31 32
        14 39
        37 39
        38 39
        46 48
        47 48
        60 27
        63 27
        25 27
        29 33
        31 33
        32 33
        57 40
        38 40
        39 40
        15 49
        47 49
        48 49
        26 28
        27 28
        61 35
        64 35
        33 35
        61 41
        64 41
        40 41
        62 50
        65 50
        49 50
        34 36
        35 36
        41 43
        42 43
        50 52
        51 52
        28 17
        36 18
        43 19
        52 20
        56 21
    ]
]
