circuit_name:cm162anew_processed
[
    node:
    [
        1 x0 0 PI
        2 x1 0 PI
        3 x2 0 PI
        4 x3 0 PI
        5 x4 0 PI
        6 x5 0 PI
        7 x6 0 PI
        8 x7 0 PI
        9 x8 0 PI
        10 x9 0 PI
        11 x10 0 PI
        12 x11 0 PI
        13 x12 0 PI
        14 x13 0 PI
        15 y0 10 PO_1
        16 y1 11 PO_1
        17 y2 11 PO_1
        18 y3 3 PO_0
        19 y4 11 PO_1
        20 n15 1 AND_0
        21 n16 2 AND_0
        22 n17 3 AND_0
        23 n18 4 AND_0
        24 n19 5 AND_1
        25 n20 6 AND_0
        26 n21 3 AND_1
        27 n22 4 AND_0
        28 n23 5 AND_1
        29 n24 6 MAJ_1
        30 n25 6 AND_1
        31 n26 7 AND_1
        32 n27 8 OR_0
        33 n28 9 MAJ_0
        34 n29 5 MAJ_1
        35 n30 6 MAJ_1
        36 n31 7 MAJ_1
        37 n32 8 AND_1
        38 n33 9 OR_0
        39 n34 10 MAJ_0
        40 n35 1 OR_0
        41 n36 3 MAJ_1
        42 n37 4 AND_1
        43 n38 5 AND_1
        44 n39 6 AND_1
        45 n40 7 MAJ_1
        46 n41 8 AND_1
        47 n42 9 OR_0
        48 n43 10 MAJ_0
        49 n44 1 AND_0
        50 n45 2 AND_0
        51 n46 1 AND_0
        52 n47 2 AND_1
        53 n48 3 MAJ_0
        54 n49 4 MAJ_1
        55 n50 5 MAJ_1
        56 n51 8 AND_1
        57 n52 9 OR_0
        58 n53 10 MAJ_0
        59 v1 7 VIR
        60 v2 4 VIR
        61 v3 5 VIR
        62 v4 7 VIR
        63 v5 1 VIR
        64 v6 1 VIR
    ]
    edge:
    [
        4 20
        5 20
        9 40
        11 40
        10 49
        14 49
        3 51
        5 51
        4 63
        9 64
        3 21
        20 21
        5 50
        49 50
        4 52
        51 52
        14 22
        21 22
        9 26
        21 26
        12 41
        21 41
        40 41
        64 53
        51 53
        52 53
        10 23
        22 23
        11 27
        26 27
        40 42
        41 42
        64 54
        52 54
        53 54
        26 60
        6 24
        23 24
        11 28
        27 28
        12 34
        26 34
        27 34
        13 43
        42 43
        51 55
        53 55
        54 55
        27 61
        63 25
        24 25
        60 29
        61 29
        28 29
        63 30
        24 30
        12 35
        61 35
        34 35
        42 44
        43 44
        25 31
        29 31
        60 36
        34 36
        35 36
        13 45
        43 45
        44 45
        25 59
        30 62
        2 32
        31 32
        25 37
        36 37
        59 46
        45 46
        59 56
        55 56
        30 33
        31 33
        32 33
        7 38
        37 38
        8 47
        46 47
        1 57
        56 57
        30 39
        37 39
        38 39
        62 48
        46 48
        47 48
        62 58
        56 58
        57 58
        33 15
        39 16
        48 17
        50 18
        58 19
    ]
]
