circuit_name:cm85anew_processed
[
    node:
    [
        1 x0 0 PI
        2 x1 0 PI
        3 x2 0 PI
        4 x3 0 PI
        5 x4 0 PI
        6 x5 0 PI
        7 x6 0 PI
        8 x7 0 PI
        9 x8 0 PI
        10 x9 0 PI
        11 x10 0 PI
        12 y0 10 PO_0
        13 y1 10 PO_0
        14 y2 10 PO_0
        15 n12 1 OR_0
        16 n13 2 MAJ_1
        17 n14 3 MAJ_1
        18 n15 1 OR_0
        19 n16 4 MAJ_1
        20 n17 5 MAJ_1
        21 n18 1 OR_0
        22 n19 6 MAJ_1
        23 n20 7 MAJ_1
        24 n21 1 AND_1
        25 n22 1 OR_0
        26 n23 2 MAJ_0
        27 n24 1 AND_1
        28 n25 4 OR_0
        29 n26 5 MAJ_0
        30 n27 1 AND_1
        31 n28 6 OR_0
        32 n29 7 MAJ_0
        33 n30 1 AND_1
        34 n31 8 OR_0
        35 n32 9 MAJ_0
        36 n33 1 OR_0
        37 n34 8 MAJ_1
        38 n35 9 MAJ_1
        39 n36 2 AND_1
        40 n37 2 OR_0
        41 n38 3 MAJ_0
        42 n39 2 AND_1
        43 n40 4 OR_0
        44 n41 5 MAJ_0
        45 n42 2 AND_1
        46 n43 6 OR_0
        47 n44 7 MAJ_0
        48 n45 2 AND_1
        49 n46 8 OR_0
        50 n47 9 MAJ_0
        51 v1 1 VIR
        52 v2 1 VIR
        53 v3 1 VIR
        54 v4 1 VIR
        55 v5 1 VIR
        56 v6 1 VIR
        57 v7 1 VIR
        58 v8 1 VIR
    ]
    edge:
    [
        4 15
        5 15
        6 18
        7 18
        8 21
        9 21
        4 24
        5 24
        1 25
        2 25
        6 27
        7 27
        8 30
        9 30
        10 33
        11 33
        10 36
        11 36
        11 51
        4 52
        5 53
        6 54
        7 55
        8 56
        9 57
        10 58
        2 16
        52 16
        15 16
        1 26
        24 26
        25 26
        2 39
        53 39
        3 40
        52 40
        54 42
        55 42
        56 45
        57 45
        58 48
        51 48
        53 17
        15 17
        16 17
        3 41
        39 41
        40 41
        55 19
        17 19
        18 19
        17 28
        26 28
        17 43
        41 43
        54 20
        18 20
        19 20
        26 29
        27 29
        28 29
        41 44
        42 44
        43 44
        57 22
        20 22
        21 22
        20 31
        29 31
        20 46
        44 46
        56 23
        21 23
        22 23
        29 32
        30 32
        31 32
        44 47
        45 47
        46 47
        23 34
        32 34
        51 37
        23 37
        36 37
        23 49
        47 49
        32 35
        33 35
        34 35
        58 38
        36 38
        37 38
        47 50
        48 50
        49 50
        35 12
        38 13
        50 14
    ]
]
