circuit_name:cmbnew_processed
[
    node:
    [
        1 x0 0 PI
        2 x1 0 PI
        3 x2 0 PI
        4 x3 0 PI
        5 x4 0 PI
        6 x5 0 PI
        7 x6 0 PI
        8 x7 0 PI
        9 x8 0 PI
        10 x9 0 PI
        11 x10 0 PI
        12 x11 0 PI
        13 x12 0 PI
        14 x13 0 PI
        15 x14 0 PI
        16 x15 0 PI
        17 y0 8 PO_0
        18 y1 19 PO_0
        19 y2 19 PO_1
        20 y3 9 PO_1
        21 n17 1 AND_0
        22 n18 2 MAJ_1
        23 n19 3 AND_0
        24 n20 1 AND_0
        25 n21 2 MAJ_1
        26 n22 3 AND_0
        27 n23 2 AND_0
        28 n24 4 MAJ_1
        29 n25 5 AND_0
        30 n26 6 AND_0
        31 n27 7 AND_0
        32 n28 1 AND_1
        33 n29 2 OR_0
        34 n30 3 MAJ_1
        35 n31 1 AND_1
        36 n32 2 OR_0
        37 n33 3 MAJ_1
        38 n34 1 AND_1
        39 n35 2 OR_0
        40 n36 3 MAJ_1
        41 n37 4 OR_0
        42 n38 5 MAJ_1
        43 n39 6 OR_0
        44 n40 7 OR_0
        45 n41 8 MAJ_1
        46 n42 9 OR_0
        47 n43 10 OR_0
        48 n44 11 OR_0
        49 n45 10 AND_1
        50 n46 11 AND_1
        51 n47 12 AND_0
        52 n48 12 AND_0
        53 n49 13 AND_0
        54 n50 14 MAJ_1
        55 n51 15 OR_0
        56 n52 16 MAJ_1
        57 n53 17 AND_1
        58 n54 18 OR_0
        59 n55 18 AND_1
        60 n56 2 OR_0
        61 n57 3 MAJ_1
        62 n58 4 OR_0
        63 n59 2 OR_0
        64 n60 3 MAJ_1
        65 n61 4 OR_0
        66 n62 2 OR_0
        67 n63 5 MAJ_1
        68 n64 6 OR_0
        69 n65 7 OR_0
        70 n66 8 OR_0
        71 v1 1 VIR
        72 v2 1 VIR
        73 v3 1 VIR
        74 v4 1 VIR
        75 v5 1 VIR
        76 v6 1 VIR
        77 v7 1 VIR
        78 v8 1 VIR
    ]
    edge:
    [
        7 21
        8 21
        3 24
        4 24
        9 32
        10 32
        1 35
        6 35
        13 38
        14 38
        11 71
        12 72
        13 73
        6 74
        7 75
        8 76
        9 77
        10 78
        77 22
        78 22
        21 22
        5 25
        6 25
        24 25
        2 27
        72 27
        12 33
        32 33
        15 36
        35 36
        16 39
        38 39
        71 60
        72 60
        75 63
        76 63
        74 66
        16 66
        21 23
        22 23
        24 26
        25 26
        11 34
        32 34
        33 34
        14 37
        35 37
        36 37
        15 40
        38 40
        39 40
        73 61
        14 61
        60 61
        77 64
        78 64
        63 64
        23 28
        26 28
        27 28
        37 41
        40 41
        60 62
        61 62
        63 65
        64 65
        27 29
        28 29
        12 42
        13 42
        41 42
        62 67
        65 67
        66 67
        73 30
        29 30
        41 43
        42 43
        66 68
        67 68
        71 31
        30 31
        34 44
        43 44
        15 69
        68 69
        10 45
        11 45
        44 45
        1 70
        69 70
        44 46
        45 46
        9 47
        46 47
        7 49
        46 49
        8 48
        47 48
        77 50
        49 50
        74 51
        50 51
        48 52
        49 52
        76 53
        52 53
        74 54
        48 54
        53 54
        51 55
        54 55
        75 56
        48 56
        55 56
        55 57
        56 57
        1 58
        57 58
        16 59
        57 59
        31 17
        58 18
        59 19
        70 20
    ]
]
