circuit_name:con1new_processed
[
    node:
    [
        1 x0 0 PI
        2 x1 0 PI
        3 x2 0 PI
        4 x3 0 PI
        5 x4 0 PI
        6 x5 0 PI
        7 x6 0 PI
        8 y0 7 PO_0
        9 y1 7 PO_1
        10 n10 1 MAJ_1
        11 n11 2 MAJ_1
        12 n12 3 AND_0
        13 n13 4 OR_0
        14 n14 5 MAJ_0
        15 n15 6 OR_0
        16 n16 1 AND_0
        17 n17 2 AND_0
        18 n18 3 MAJ_1
        19 n19 2 OR_0
        20 n20 4 AND_1
        21 n21 5 MAJ_0
        22 n22 2 AND_1
        23 n23 3 AND_1
        24 n24 6 MAJ_0
        25 n8 1 AND_1
        26 n9 2 AND_0
        27 v1 1 VIR
        28 v2 1 VIR
        29 v3 1 VIR
        30 v4 1 VIR
    ]
    edge:
    [
        3 10
        4 10
        5 10
        2 16
        6 16
        5 25
        7 25
        1 27
        2 28
        2 29
        5 30
        28 11
        3 11
        4 11
        1 17
        16 17
        28 19
        4 19
        1 22
        29 22
        28 26
        25 26
        10 12
        11 12
        30 18
        6 18
        17 18
        30 23
        22 23
        26 13
        12 13
        30 20
        18 20
        27 14
        29 14
        13 14
        18 21
        19 21
        20 21
        13 15
        14 15
        27 24
        21 24
        23 24
        15 8
        24 9
    ]
]
