circuit_name:countnew_processed
[
    node:
    [
        1 x0 0 PI
        2 x1 0 PI
        3 x2 0 PI
        4 x3 0 PI
        5 x4 0 PI
        6 x5 0 PI
        7 x6 0 PI
        8 x7 0 PI
        9 x8 0 PI
        10 x9 0 PI
        11 x10 0 PI
        12 x11 0 PI
        13 x12 0 PI
        14 x13 0 PI
        15 x14 0 PI
        16 x15 0 PI
        17 x16 0 PI
        18 x17 0 PI
        19 x18 0 PI
        20 x19 0 PI
        21 x20 0 PI
        22 x21 0 PI
        23 x22 0 PI
        24 x23 0 PI
        25 x24 0 PI
        26 x25 0 PI
        27 x26 0 PI
        28 x27 0 PI
        29 x28 0 PI
        30 x29 0 PI
        31 x30 0 PI
        32 x31 0 PI
        33 x32 0 PI
        34 x33 0 PI
        35 x34 0 PI
        36 y0 6 PO_1
        37 y1 8 PO_1
        38 y2 8 PO_1
        39 y3 8 PO_1
        40 y4 10 PO_1
        41 y5 11 PO_1
        42 y6 10 PO_1
        43 y7 12 PO_1
        44 y8 13 PO_1
        45 y9 12 PO_1
        46 y10 14 PO_1
        47 y11 15 PO_1
        48 y12 14 PO_1
        49 y13 16 PO_1
        50 y14 17 PO_1
        51 y15 18 PO_1
        52 n100 9 MAJ_1
        53 n101 4 OR_0
        54 n102 10 MAJ_1
        55 n103 11 AND_1
        56 n104 8 OR_0
        57 n105 9 AND_1
        58 n106 10 AND_1
        59 n107 11 MAJ_1
        60 n108 3 MAJ_1
        61 n109 12 MAJ_1
        62 n110 13 AND_1
        63 n111 10 MAJ_1
        64 n112 11 MAJ_1
        65 n113 12 MAJ_1
        66 n114 4 MAJ_1
        67 n115 13 MAJ_1
        68 n116 14 AND_1
        69 n117 1 OR_0
        70 n118 8 MAJ_1
        71 n119 9 OR_0
        72 n120 11 AND_1
        73 n121 11 MAJ_1
        74 n122 3 OR_0
        75 n123 12 MAJ_1
        76 n124 13 AND_1
        77 n125 10 OR_0
        78 n126 11 AND_1
        79 n127 12 AND_1
        80 n128 13 MAJ_1
        81 n129 3 MAJ_1
        82 n130 14 MAJ_1
        83 n131 15 AND_1
        84 n132 12 MAJ_1
        85 n133 13 MAJ_1
        86 n134 14 MAJ_1
        87 n135 3 MAJ_1
        88 n136 15 MAJ_1
        89 n137 16 AND_1
        90 n138 10 OR_0
        91 n139 11 OR_0
        92 n140 12 OR_0
        93 n141 13 AND_1
        94 n142 14 AND_1
        95 n143 15 MAJ_1
        96 n144 3 MAJ_1
        97 n145 16 MAJ_1
        98 n146 17 AND_1
        99 n36 1 OR_0
        100 n37 3 MAJ_1
        101 n38 3 AND_1
        102 n39 4 MAJ_1
        103 n40 5 AND_1
        104 n41 3 OR_0
        105 n42 4 AND_1
        106 n43 5 MAJ_1
        107 n44 3 MAJ_1
        108 n45 6 MAJ_1
        109 n46 7 AND_1
        110 n47 1 OR_0
        111 n48 2 AND_1
        112 n49 3 MAJ_1
        113 n50 4 MAJ_1
        114 n51 5 MAJ_1
        115 n52 3 MAJ_1
        116 n53 6 MAJ_1
        117 n54 7 AND_1
        118 n55 2 MAJ_1
        119 n56 3 OR_0
        120 n57 5 AND_1
        121 n58 5 MAJ_1
        122 n59 4 OR_0
        123 n60 6 MAJ_1
        124 n61 7 AND_1
        125 n62 4 OR_0
        126 n63 5 AND_1
        127 n64 6 AND_1
        128 n65 7 MAJ_1
        129 n66 4 MAJ_1
        130 n67 8 MAJ_1
        131 n68 9 AND_1
        132 n69 6 MAJ_1
        133 n70 7 MAJ_1
        134 n71 8 MAJ_1
        135 n72 3 MAJ_1
        136 n73 9 MAJ_1
        137 n74 10 AND_1
        138 n75 1 OR_0
        139 n76 4 MAJ_1
        140 n77 5 OR_0
        141 n78 7 AND_1
        142 n79 7 MAJ_1
        143 n80 3 OR_0
        144 n81 8 MAJ_1
        145 n82 9 AND_1
        146 n83 6 OR_0
        147 n84 7 AND_1
        148 n85 8 AND_1
        149 n86 9 MAJ_1
        150 n87 4 MAJ_1
        151 n88 10 MAJ_1
        152 n89 11 AND_1
        153 n90 8 MAJ_1
        154 n91 9 MAJ_1
        155 n92 10 MAJ_1
        156 n93 3 MAJ_1
        157 n94 11 MAJ_1
        158 n95 12 AND_1
        159 n96 1 OR_0
        160 n97 6 MAJ_1
        161 n98 7 OR_0
        162 n99 9 AND_1
        163 v1 9 VIR
        164 v10 6 VIR
        165 v11 7 VIR
        166 v12 8 VIR
        167 v13 8 VIR
        168 v14 1 VIR
        169 v15 1 VIR
        170 v16 1 VIR
        171 v17 1 VIR
        172 v18 1 VIR
        173 v19 1 VIR
        174 v2 10 VIR
        175 v20 1 VIR
        176 v21 1 VIR
        177 v22 1 VIR
        178 v23 1 VIR
        179 v24 1 VIR
        180 v25 2 VIR
        181 v26 2 VIR
        182 v27 2 VIR
        183 v28 2 VIR
        184 v29 2 VIR
        185 v3 10 VIR
        186 v30 2 VIR
        187 v31 2 VIR
        188 v32 2 VIR
        189 v33 2 VIR
        190 v34 2 VIR
        191 v35 2 VIR
        192 v36 2 VIR
        193 v37 2 VIR
        194 v38 2 VIR
        195 v39 2 VIR
        196 v4 11 VIR
        197 v40 2 VIR
        198 v41 2 VIR
        199 v42 2 VIR
        200 v43 3 VIR
        201 v44 3 VIR
        202 v45 3 VIR
        203 v46 3 VIR
        204 v47 3 VIR
        205 v5 12 VIR
        206 v6 2 VIR
        207 v7 4 VIR
        208 v8 5 VIR
        209 v9 6 VIR
    ]
    edge:
    [
        8 69
        9 69
        5 99
        10 99
        5 110
        12 110
        16 138
        18 138
        2 159
        4 159
        2 168
        12 169
        13 170
        16 171
        3 172
        3 173
        3 175
        7 176
        7 177
        7 178
        8 179
        10 111
        110 111
        12 118
        14 118
        99 118
        172 180
        172 181
        172 182
        173 183
        173 184
        173 186
        175 187
        175 188
        175 189
        176 190
        176 191
        176 192
        177 193
        177 194
        177 195
        178 197
        178 198
        178 199
        99 206
        187 60
        194 60
        26 60
        182 74
        24 74
        188 81
        195 81
        23 81
        188 87
        197 87
        22 87
        189 96
        197 96
        21 96
        180 100
        5 100
        10 100
        1 101
        180 101
        169 104
        206 104
        182 107
        190 107
        35 107
        14 112
        110 112
        111 112
        183 115
        190 115
        34 115
        99 119
        118 119
        184 135
        192 135
        31 135
        181 143
        30 143
        186 156
        193 156
        28 156
        180 200
        181 201
        183 202
        184 203
        187 204
        201 53
        27 53
        204 66
        194 66
        25 66
        206 102
        100 102
        101 102
        169 105
        104 105
        14 113
        111 113
        112 113
        200 122
        33 122
        16 125
        119 125
        202 129
        191 129
        32 129
        20 139
        119 139
        138 139
        203 150
        192 150
        29 150
        119 207
        198 103
        102 103
        206 106
        104 106
        105 106
        110 114
        112 114
        113 114
        171 120
        207 120
        200 121
        171 121
        207 121
        18 126
        125 126
        138 140
        139 140
        125 208
        183 108
        190 108
        106 108
        202 116
        191 116
        114 116
        120 123
        121 123
        122 123
        18 127
        126 127
        20 132
        125 132
        126 132
        2 146
        140 146
        6 160
        140 160
        159 160
        140 164
        126 209
        107 109
        108 109
        115 117
        116 117
        198 124
        123 124
        208 128
        209 128
        127 128
        20 133
        209 133
        132 133
        168 141
        164 141
        168 142
        181 142
        164 142
        4 147
        146 147
        159 161
        160 161
        146 165
        8 56
        161 56
        11 70
        161 70
        69 70
        184 130
        191 130
        128 130
        208 134
        132 134
        133 134
        141 144
        142 144
        143 144
        4 148
        147 148
        6 153
        146 153
        147 153
        147 166
        161 167
        201 52
        179 52
        167 52
        9 57
        56 57
        69 71
        70 71
        129 131
        130 131
        203 136
        192 136
        134 136
        199 145
        144 145
        165 149
        166 149
        148 149
        6 154
        166 154
        153 154
        179 162
        167 162
        56 163
        162 54
        52 54
        53 54
        9 58
        57 58
        11 63
        56 63
        57 63
        13 77
        71 77
        15 90
        71 90
        135 137
        136 137
        186 151
        193 151
        149 151
        165 155
        153 155
        154 155
        57 174
        71 185
        199 55
        54 55
        163 59
        174 59
        58 59
        11 64
        174 64
        63 64
        170 72
        185 72
        182 73
        170 73
        185 73
        15 78
        77 78
        13 91
        90 91
        150 152
        151 152
        186 157
        193 157
        155 157
        77 196
        187 61
        194 61
        59 61
        163 65
        63 65
        64 65
        72 75
        73 75
        74 75
        15 79
        78 79
        17 84
        77 84
        78 84
        17 92
        91 92
        156 158
        157 158
        78 205
        60 62
        61 62
        204 67
        195 67
        65 67
        199 76
        75 76
        196 80
        205 80
        79 80
        17 85
        205 85
        84 85
        19 93
        92 93
        66 68
        67 68
        188 82
        195 82
        80 82
        196 86
        84 86
        85 86
        19 94
        93 94
        81 83
        82 83
        189 88
        197 88
        86 88
        92 95
        93 95
        94 95
        87 89
        88 89
        189 97
        198 97
        95 97
        96 98
        97 98
        103 36
        109 37
        117 38
        124 39
        131 40
        137 41
        145 42
        152 43
        158 44
        55 45
        62 46
        68 47
        76 48
        83 49
        89 50
        98 51
    ]
]
