circuit_name:ctrlnew_processed
[
    node:
    [
        1 x0 0 PI
        2 x1 0 PI
        3 x2 0 PI
        4 x3 0 PI
        5 x4 0 PI
        6 x5 0 PI
        7 x6 0 PI
        8 y0 9 PO_0
        9 y1 10 PO_0
        10 y2 7 PO_0
        11 y3 9 PO_0
        12 y4 13 PO_0
        13 y5 8 PO_0
        14 y6 12 PO_0
        15 y7 10 PO_0
        16 y8 11 PO_0
        17 y9 11 PO_0
        18 y10 11 PO_0
        19 y11 7 PO_1
        20 y12 8 PO_0
        21 y13 7 PO_0
        22 y14 6 PO_0
        23 y15 7 PO_0
        24 y16 8 PO_0
        25 y17 8 PO_0
        26 y18 7 PO_0
        27 y19 6 PO_0
        28 y20 10 PO_0
        29 y21 9 PO_0
        30 y22 9 PO_0
        31 y23 8 PO_0
        32 y24 8 PO_0
        33 n10 6 AND_0
        34 n100 4 AND_1
        35 n101 5 MAJ_1
        36 n102 5 AND_1
        37 n103 6 MAJ_0
        38 n104 6 AND_1
        39 n105 7 OR_0
        40 n106 4 AND_0
        41 n107 5 MAJ_0
        42 n108 6 AND_1
        43 n109 3 AND_1
        44 n11 3 OR_0
        45 n110 4 MAJ_0
        46 n111 5 AND_1
        47 n112 5 MAJ_0
        48 n113 6 AND_1
        49 n114 5 AND_1
        50 n115 3 AND_1
        51 n116 6 MAJ_1
        52 n117 7 AND_1
        53 n118 6 MAJ_1
        54 n119 7 AND_1
        55 n12 3 AND_1
        56 n120 3 AND_1
        57 n121 5 MAJ_1
        58 n122 6 AND_0
        59 n123 5 AND_1
        60 n124 3 AND_1
        61 n125 4 AND_1
        62 n126 5 OR_0
        63 n127 6 MAJ_0
        64 n128 5 AND_0
        65 n129 6 AND_0
        66 n13 4 MAJ_0
        67 n130 7 MAJ_1
        68 n131 7 AND_1
        69 n132 8 AND_0
        70 n133 9 MAJ_1
        71 n134 4 MAJ_1
        72 n135 5 AND_1
        73 n136 6 MAJ_1
        74 n137 6 MAJ_1
        75 n138 7 AND_0
        76 n139 8 AND_1
        77 n14 5 MAJ_1
        78 n140 6 AND_1
        79 n141 7 AND_0
        80 n142 8 MAJ_1
        81 n143 3 MAJ_1
        82 n144 6 MAJ_1
        83 n145 7 AND_1
        84 n146 6 MAJ_1
        85 n147 7 AND_1
        86 n15 7 AND_1
        87 n16 8 OR_0
        88 n17 4 AND_1
        89 n18 3 AND_1
        90 n19 4 MAJ_0
        91 n20 5 MAJ_1
        92 n21 6 OR_0
        93 n22 7 MAJ_1
        94 n23 8 MAJ_1
        95 n24 9 AND_1
        96 n25 3 MAJ_0
        97 n26 3 MAJ_0
        98 n27 4 AND_1
        99 n28 5 MAJ_1
        100 n29 6 AND_1
        101 n30 4 AND_1
        102 n31 3 AND_1
        103 n32 4 MAJ_1
        104 n33 5 OR_0
        105 n34 6 MAJ_1
        106 n35 3 AND_1
        107 n36 7 MAJ_1
        108 n37 7 MAJ_0
        109 n38 8 MAJ_1
        110 n39 4 MAJ_1
        111 n40 5 AND_0
        112 n41 3 AND_0
        113 n42 4 AND_0
        114 n43 5 MAJ_1
        115 n44 6 AND_1
        116 n45 7 AND_0
        117 n46 8 MAJ_0
        118 n47 9 OR_0
        119 n48 10 MAJ_1
        120 n49 11 MAJ_1
        121 n50 12 AND_0
        122 n51 3 AND_1
        123 n52 4 AND_1
        124 n53 5 MAJ_0
        125 n54 6 MAJ_1
        126 n55 7 AND_0
        127 n56 6 MAJ_1
        128 n57 3 AND_0
        129 n58 6 MAJ_0
        130 n59 7 OR_0
        131 n60 8 OR_0
        132 n61 9 MAJ_1
        133 n62 10 MAJ_1
        134 n63 11 AND_0
        135 n64 3 OR_0
        136 n65 4 MAJ_0
        137 n66 3 AND_0
        138 n67 4 AND_0
        139 n68 5 MAJ_1
        140 n69 6 AND_1
        141 n70 7 MAJ_1
        142 n71 8 MAJ_1
        143 n72 9 AND_1
        144 n73 7 AND_1
        145 n74 8 MAJ_1
        146 n75 6 AND_1
        147 n76 7 MAJ_0
        148 n77 9 MAJ_1
        149 n78 10 AND_1
        150 n79 4 OR_0
        151 n8 3 AND_0
        152 n80 5 MAJ_1
        153 n81 6 MAJ_1
        154 n82 7 OR_0
        155 n83 8 MAJ_1
        156 n84 9 MAJ_1
        157 n85 10 AND_1
        158 n86 3 AND_1
        159 n87 4 MAJ_1
        160 n88 5 MAJ_1
        161 n89 4 AND_1
        162 n9 5 MAJ_0
        163 n90 5 AND_0
        164 n91 6 MAJ_0
        165 n92 7 AND_0
        166 n93 8 MAJ_1
        167 n94 9 MAJ_1
        168 n95 10 OR_0
        169 n96 3 OR_0
        170 n97 5 MAJ_1
        171 n98 6 OR_0
        172 n99 3 AND_1
        173 v1 4 VIR
        174 v10 4 VIR
        175 v11 4 VIR
        176 v12 4 VIR
        177 v13 1 VIR
        178 v14 1 VIR
        179 v15 1 VIR
        180 v16 1 VIR
        181 v17 1 VIR
        182 v18 1 VIR
        183 v19 1 VIR
        184 v2 4 VIR
        185 v20 1 VIR
        186 v21 1 VIR
        187 v22 1 VIR
        188 v23 1 VIR
        189 v24 1 VIR
        190 v25 1 VIR
        191 v26 1 VIR
        192 v27 1 VIR
        193 v28 1 VIR
        194 v29 2 VIR
        195 v3 4 VIR
        196 v30 2 VIR
        197 v31 2 VIR
        198 v32 2 VIR
        199 v33 2 VIR
        200 v34 2 VIR
        201 v35 2 VIR
        202 v36 2 VIR
        203 v37 2 VIR
        204 v38 2 VIR
        205 v39 2 VIR
        206 v4 5 VIR
        207 v40 2 VIR
        208 v41 2 VIR
        209 v42 2 VIR
        210 v43 2 VIR
        211 v44 2 VIR
        212 v45 2 VIR
        213 v46 2 VIR
        214 v47 2 VIR
        215 v48 2 VIR
        216 v49 2 VIR
        217 v5 5 VIR
        218 v50 2 VIR
        219 v51 2 VIR
        220 v52 2 VIR
        221 v53 2 VIR
        222 v54 2 VIR
        223 v55 2 VIR
        224 v56 2 VIR
        225 v57 2 VIR
        226 v58 2 VIR
        227 v59 2 VIR
        228 v6 5 VIR
        229 v60 2 VIR
        230 v61 2 VIR
        231 v62 2 VIR
        232 v63 2 VIR
        233 v64 2 VIR
        234 v65 2 VIR
        235 v66 2 VIR
        236 v67 2 VIR
        237 v68 2 VIR
        238 v69 2 VIR
        239 v7 4 VIR
        240 v70 2 VIR
        241 v71 2 VIR
        242 v72 2 VIR
        243 v73 6 VIR
        244 v74 6 VIR
        245 v75 3 VIR
        246 v76 3 VIR
        247 v77 3 VIR
        248 v78 3 VIR
        249 v79 3 VIR
        250 v8 4 VIR
        251 v80 3 VIR
        252 v81 3 VIR
        253 v82 3 VIR
        254 v83 3 VIR
        255 v84 3 VIR
        256 v85 3 VIR
        257 v86 3 VIR
        258 v87 3 VIR
        259 v88 3 VIR
        260 v89 3 VIR
        261 v9 4 VIR
        262 v90 3 VIR
        263 v91 3 VIR
    ]
    edge:
    [
        1 177
        1 178
        1 179
        2 180
        2 181
        2 182
        3 183
        3 185
        3 186
        4 187
        4 188
        4 189
        5 190
        5 191
        5 192
        6 193
        177 194
        177 196
        177 197
        178 198
        178 199
        178 200
        179 201
        179 202
        180 203
        180 204
        180 205
        181 207
        181 208
        181 209
        182 210
        182 211
        182 212
        183 213
        183 214
        183 215
        185 216
        185 218
        185 219
        186 220
        186 221
        186 222
        187 223
        187 224
        187 225
        188 226
        188 227
        188 229
        189 230
        189 231
        189 232
        190 233
        190 234
        190 235
        191 236
        191 237
        191 238
        192 240
        192 241
        192 242
        179 43
        215 43
        224 44
        234 44
        197 50
        205 50
        203 55
        224 55
        201 56
        210 56
        240 60
        193 60
        202 81
        212 81
        221 81
        194 89
        223 89
        198 96
        207 96
        229 96
        208 97
        229 97
        240 97
        196 102
        235 102
        208 106
        215 106
        233 112
        6 112
        238 122
        7 122
        194 128
        203 128
        204 135
        225 135
        196 137
        234 137
        224 151
        234 151
        226 158
        236 158
        200 169
        209 169
        205 172
        237 172
        203 245
        204 246
        207 247
        210 248
        213 249
        214 251
        215 252
        216 253
        218 254
        219 255
        220 256
        221 257
        222 258
        223 259
        226 260
        233 262
        236 263
        198 34
        172 34
        200 40
        251 40
        232 45
        242 45
        43 45
        231 61
        60 61
        251 66
        240 66
        55 66
        193 71
        7 71
        151 71
        245 88
        225 88
        245 90
        235 90
        89 90
        241 98
        96 98
        223 101
        262 101
        227 103
        263 103
        102 103
        233 110
        6 110
        89 110
        7 113
        112 113
        230 123
        122 123
        207 136
        102 136
        135 136
        226 138
        137 138
        196 150
        259 150
        246 159
        227 159
        158 159
        197 161
        260 161
        44 173
        158 174
        158 175
        169 176
        44 184
        50 195
        128 239
        151 250
        151 261
        231 35
        241 35
        34 35
        210 36
        173 36
        232 41
        242 41
        40 41
        43 46
        45 46
        255 47
        175 47
        169 47
        199 49
        174 49
        220 57
        175 57
        56 57
        258 59
        184 59
        213 62
        174 62
        247 64
        250 64
        250 72
        71 72
        232 77
        184 77
        66 77
        260 91
        88 91
        90 91
        96 99
        97 99
        98 99
        237 104
        103 104
        89 111
        110 111
        259 114
        262 114
        113 114
        211 124
        216 124
        123 124
        44 139
        135 139
        138 139
        204 152
        263 152
        150 152
        238 160
        174 160
        159 160
        198 162
        205 162
        250 162
        237 163
        161 163
        254 170
        184 170
        169 170
        101 206
        101 217
        101 228
        261 33
        162 33
        254 37
        242 37
        36 37
        219 38
        35 38
        40 42
        41 42
        176 48
        47 48
        255 51
        49 51
        50 51
        220 53
        239 53
        49 53
        56 58
        57 58
        251 63
        50 63
        62 63
        201 65
        64 65
        201 73
        248 73
        49 73
        202 74
        248 74
        72 74
        252 78
        114 78
        202 82
        212 82
        228 82
        257 84
        228 84
        195 84
        249 92
        91 92
        222 100
        99 100
        230 105
        103 105
        104 105
        194 115
        111 115
        211 125
        216 125
        228 125
        225 127
        235 127
        206 127
        236 129
        206 129
        128 129
        214 140
        139 140
        199 146
        217 146
        227 153
        55 153
        152 153
        247 164
        229 164
        163 164
        176 171
        170 171
        206 243
        217 244
        37 39
        38 39
        195 52
        51 52
        239 54
        53 54
        256 67
        261 67
        65 67
        128 68
        63 68
        73 75
        74 75
        239 79
        78 79
        81 83
        82 83
        195 85
        84 85
        219 86
        33 86
        208 93
        173 93
        92 93
        256 107
        105 107
        106 107
        221 108
        244 108
        106 108
        114 116
        115 116
        124 126
        125 126
        127 130
        129 130
        209 141
        136 141
        140 141
        238 144
        243 144
        211 147
        253 147
        146 147
        249 154
        153 154
        214 165
        243 165
        61 69
        68 69
        257 76
        75 76
        222 80
        67 80
        79 80
        77 87
        86 87
        256 94
        92 94
        93 94
        258 109
        107 109
        108 109
        246 117
        111 117
        116 117
        249 131
        130 131
        253 142
        140 142
        141 142
        231 145
        244 145
        144 145
        209 155
        173 155
        154 155
        160 166
        164 166
        165 166
        63 70
        67 70
        69 70
        92 95
        94 95
        213 118
        117 118
        230 132
        241 132
        131 132
        140 143
        142 143
        212 148
        218 148
        145 148
        218 156
        154 156
        155 156
        254 167
        165 167
        166 167
        199 119
        217 119
        118 119
        253 133
        131 133
        132 133
        147 149
        148 149
        154 157
        156 157
        165 168
        167 168
        252 120
        118 120
        119 120
        131 134
        133 134
        118 121
        120 121
        87 8
        95 9
        100 10
        109 11
        121 12
        126 13
        134 14
        143 15
        149 16
        157 17
        168 18
        171 19
        39 20
        42 21
        46 22
        48 23
        52 24
        54 25
        58 26
        59 27
        70 28
        76 29
        80 30
        83 31
        85 32
    ]
]
