circuit_name:cunew_processed
[
    node:
    [
        1 x0 0 PI
        2 x1 0 PI
        3 x2 0 PI
        4 x3 0 PI
        5 x4 0 PI
        6 x5 0 PI
        7 x6 0 PI
        8 x7 0 PI
        9 x8 0 PI
        10 x9 0 PI
        11 x10 0 PI
        12 x11 0 PI
        13 x12 0 PI
        14 x13 0 PI
        15 y0 6 PO_1
        16 y1 6 PO_0
        17 y2 6 PO_0
        18 y3 7 PO_0
        19 y4 7 PO_0
        20 y5 7 PO_0
        21 y6 11 PO_0
        22 y7 6 PO_0
        23 y8 8 PO_0
        24 y9 3 PO_0
        25 y10 5 PO_0
        26 n15 3 MAJ_1
        27 n16 4 AND_1
        28 n17 4 MAJ_1
        29 n18 5 MAJ_1
        30 n19 1 OR_0
        31 n20 2 MAJ_1
        32 n21 3 OR_0
        33 n22 2 AND_1
        34 n23 4 MAJ_0
        35 n24 5 AND_1
        36 n25 2 AND_1
        37 n26 3 MAJ_0
        38 n27 4 AND_1
        39 n28 5 MAJ_1
        40 n29 6 AND_1
        41 n30 2 AND_1
        42 n31 3 MAJ_0
        43 n32 4 AND_1
        44 n33 5 MAJ_1
        45 n34 6 AND_1
        46 n35 2 AND_0
        47 n36 3 MAJ_0
        48 n37 4 AND_1
        49 n38 5 MAJ_1
        50 n39 6 AND_1
        51 n40 2 AND_0
        52 n41 3 OR_0
        53 n42 4 AND_1
        54 n43 5 MAJ_1
        55 n44 6 AND_1
        56 n45 2 AND_1
        57 n46 3 AND_0
        58 n47 2 OR_0
        59 n48 4 MAJ_0
        60 n49 2 AND_1
        61 n50 3 MAJ_0
        62 n51 1 OR_0
        63 n52 4 MAJ_0
        64 n53 5 AND_1
        65 n54 6 AND_1
        66 n55 7 MAJ_1
        67 n56 8 AND_1
        68 n57 9 AND_1
        69 n58 10 MAJ_0
        70 n59 2 OR_0
        71 n60 3 MAJ_1
        72 n61 4 AND_1
        73 n62 5 AND_1
        74 n63 2 AND_1
        75 n64 3 AND_0
        76 n65 4 OR_0
        77 n66 7 AND_0
        78 n67 2 AND_0
        79 n68 2 AND_1
        80 n69 3 MAJ_1
        81 n70 4 AND_1
        82 v1 3 VIR
        83 v10 1 VIR
        84 v11 1 VIR
        85 v12 1 VIR
        86 v13 1 VIR
        87 v14 1 VIR
        88 v15 1 VIR
        89 v16 1 VIR
        90 v17 1 VIR
        91 v18 1 VIR
        92 v19 1 VIR
        93 v2 3 VIR
        94 v20 1 VIR
        95 v21 2 VIR
        96 v22 2 VIR
        97 v23 2 VIR
        98 v3 3 VIR
        99 v4 1 VIR
        100 v5 1 VIR
        101 v6 1 VIR
        102 v7 1 VIR
        103 v8 1 VIR
        104 v9 1 VIR
    ]
    edge:
    [
        1 30
        2 30
        8 62
        13 62
        3 83
        3 84
        3 85
        4 86
        4 87
        4 88
        5 89
        5 90
        6 91
        6 92
        6 94
        1 99
        2 100
        2 101
        14 102
        14 103
        14 104
        83 31
        86 31
        30 31
        89 33
        92 33
        1 36
        100 36
        99 41
        100 41
        99 46
        100 46
        83 51
        91 51
        99 56
        11 56
        101 58
        10 58
        91 60
        9 60
        84 70
        87 70
        13 74
        102 74
        7 78
        104 78
        88 79
        7 79
        83 95
        84 96
        85 97
        96 26
        89 26
        92 26
        30 32
        31 32
        95 37
        86 37
        36 37
        95 42
        87 42
        41 42
        84 47
        87 47
        46 47
        86 52
        51 52
        101 57
        56 57
        91 61
        30 61
        60 61
        89 71
        92 71
        70 71
        94 75
        74 75
        97 80
        94 80
        79 80
        33 82
        33 93
        33 98
        90 27
        26 27
        88 28
        90 28
        26 28
        103 34
        32 34
        82 34
        36 38
        37 38
        41 43
        42 43
        46 48
        47 48
        5 53
        52 53
        36 59
        57 59
        58 59
        102 63
        61 63
        62 63
        70 72
        71 72
        85 76
        75 76
        79 81
        80 81
        26 29
        27 29
        28 29
        93 35
        34 35
        103 39
        82 39
        38 39
        103 44
        82 44
        43 44
        104 49
        93 49
        48 49
        96 54
        102 54
        53 54
        62 64
        63 64
        104 73
        72 73
        93 40
        39 40
        98 45
        44 45
        98 50
        49 50
        53 55
        54 55
        12 65
        64 65
        46 66
        64 66
        65 66
        55 77
        76 77
        85 67
        66 67
        59 68
        67 68
        97 69
        55 69
        68 69
        29 15
        29 16
        35 17
        40 18
        45 19
        50 20
        69 21
        73 22
        77 23
        78 24
        81 25
    ]
]
