circuit_name:f51mnew_processed
[
    node:
    [
        1 x0 0 PI
        2 x1 0 PI
        3 x2 0 PI
        4 x3 0 PI
        5 x4 0 PI
        6 x5 0 PI
        7 x6 0 PI
        8 x7 0 PI
        9 y0 14 PO_0
        10 y1 6 PO_0
        11 y2 8 PO_0
        12 y3 15 PO_0
        13 y4 14 PO_0
        14 y5 13 PO_0
        15 y6 6 PO_0
        16 y7 3 PO_1
        17 n10 3 AND_1
        18 n100 9 OR_0
        19 n101 3 OR_0
        20 n102 4 MAJ_1
        21 n103 5 OR_0
        22 n104 6 AND_1
        23 n105 7 OR_0
        24 n106 8 MAJ_0
        25 n107 10 OR_0
        26 n108 11 MAJ_1
        27 n109 12 OR_0
        28 n11 4 MAJ_1
        29 n110 6 MAJ_1
        30 n111 7 AND_1
        31 n112 5 MAJ_1
        32 n113 6 AND_1
        33 n114 3 AND_0
        34 n115 4 MAJ_1
        35 n116 5 AND_0
        36 n117 7 OR_0
        37 n118 8 OR_0
        38 n119 5 MAJ_1
        39 n12 5 MAJ_1
        40 n120 6 AND_1
        41 n121 3 MAJ_1
        42 n122 4 OR_0
        43 n123 4 MAJ_1
        44 n124 5 MAJ_1
        45 n125 9 OR_0
        46 n126 10 MAJ_1
        47 n127 11 OR_0
        48 n128 12 OR_0
        49 n129 13 MAJ_1
        50 n13 3 AND_0
        51 n130 14 OR_0
        52 n131 4 AND_0
        53 n132 5 AND_0
        54 n133 4 MAJ_1
        55 n134 5 OR_0
        56 n135 5 MAJ_1
        57 n136 6 MAJ_1
        58 n137 7 AND_0
        59 n138 8 AND_1
        60 n139 9 MAJ_1
        61 n14 5 AND_0
        62 n140 5 MAJ_1
        63 n141 6 AND_1
        64 n142 4 OR_0
        65 n143 5 OR_0
        66 n144 5 MAJ_1
        67 n145 6 AND_1
        68 n146 3 OR_0
        69 n147 4 MAJ_1
        70 n148 5 AND_1
        71 n149 6 AND_1
        72 n15 3 OR_0
        73 n150 7 MAJ_1
        74 n151 8 MAJ_1
        75 n152 9 OR_0
        76 n153 10 MAJ_1
        77 n154 10 MAJ_1
        78 n155 11 OR_0
        79 n156 3 MAJ_1
        80 n157 4 OR_0
        81 n158 4 MAJ_1
        82 n159 5 MAJ_1
        83 n16 2 AND_0
        84 n160 4 MAJ_1
        85 n161 5 AND_1
        86 n162 6 AND_1
        87 n163 7 AND_0
        88 n164 8 MAJ_1
        89 n165 5 MAJ_1
        90 n166 6 AND_1
        91 n167 3 AND_1
        92 n168 4 MAJ_1
        93 n169 5 AND_1
        94 n17 4 MAJ_1
        95 n170 6 MAJ_1
        96 n171 7 MAJ_0
        97 n172 8 AND_0
        98 n173 4 AND_1
        99 n174 5 AND_1
        100 n175 4 AND_0
        101 n176 5 MAJ_1
        102 n177 6 MAJ_1
        103 n178 7 AND_1
        104 n179 9 OR_0
        105 n18 5 AND_0
        106 n180 10 MAJ_1
        107 n181 11 OR_0
        108 n182 12 OR_0
        109 n183 13 OR_0
        110 n184 5 MAJ_1
        111 n185 6 AND_1
        112 n186 6 AND_1
        113 n187 7 AND_0
        114 n188 8 MAJ_1
        115 n189 3 AND_1
        116 n19 3 AND_1
        117 n190 5 MAJ_1
        118 n191 6 AND_1
        119 n192 4 MAJ_1
        120 n193 5 AND_1
        121 n194 4 MAJ_1
        122 n195 5 AND_1
        123 n196 6 OR_0
        124 n197 7 OR_0
        125 n198 8 MAJ_1
        126 n199 5 MAJ_1
        127 n20 6 AND_1
        128 n200 6 AND_1
        129 n201 4 MAJ_1
        130 n202 5 AND_1
        131 n203 7 AND_1
        132 n204 8 MAJ_1
        133 n205 9 MAJ_0
        134 n206 10 OR_0
        135 n207 5 AND_0
        136 n208 5 OR_0
        137 n209 4 MAJ_1
        138 n21 7 MAJ_1
        139 n210 5 AND_1
        140 n211 5 MAJ_1
        141 n212 6 MAJ_1
        142 n213 6 AND_1
        143 n214 7 AND_0
        144 n215 8 MAJ_1
        145 n216 9 OR_0
        146 n217 11 MAJ_1
        147 n218 12 OR_0
        148 n219 3 AND_1
        149 n22 8 OR_0
        150 n220 4 AND_1
        151 n221 5 MAJ_1
        152 n23 9 MAJ_0
        153 n24 10 OR_0
        154 n25 4 MAJ_0
        155 n26 5 AND_1
        156 n27 3 AND_1
        157 n28 5 MAJ_1
        158 n29 6 AND_0
        159 n30 4 OR_0
        160 n31 3 AND_1
        161 n32 4 AND_1
        162 n33 6 MAJ_0
        163 n34 5 OR_0
        164 n35 7 MAJ_1
        165 n36 11 OR_0
        166 n37 12 MAJ_1
        167 n38 13 OR_0
        168 n39 3 MAJ_1
        169 n40 3 AND_0
        170 n41 4 MAJ_0
        171 n42 4 MAJ_0
        172 n43 5 MAJ_1
        173 n44 5 AND_1
        174 n45 6 OR_0
        175 n46 7 MAJ_1
        176 n47 4 AND_0
        177 n48 5 AND_0
        178 n49 3 OR_0
        179 n50 4 OR_0
        180 n51 5 AND_0
        181 n52 4 OR_0
        182 n53 6 OR_0
        183 n54 5 OR_0
        184 n55 7 AND_0
        185 n56 6 AND_0
        186 n57 8 MAJ_1
        187 n58 6 AND_1
        188 n59 7 AND_0
        189 n60 9 MAJ_1
        190 n61 4 OR_0
        191 n62 5 MAJ_1
        192 n63 6 AND_1
        193 n64 4 MAJ_1
        194 n65 5 AND_1
        195 n66 4 AND_1
        196 n67 5 MAJ_1
        197 n68 6 AND_1
        198 n69 6 AND_1
        199 n70 7 OR_0
        200 n71 8 MAJ_0
        201 n72 3 AND_0
        202 n73 4 MAJ_1
        203 n74 5 AND_0
        204 n75 6 AND_0
        205 n76 7 AND_0
        206 n77 3 OR_0
        207 n78 4 MAJ_1
        208 n79 5 OR_0
        209 n80 4 MAJ_1
        210 n81 5 AND_0
        211 n82 6 AND_1
        212 n83 7 AND_0
        213 n84 8 MAJ_1
        214 n85 9 OR_0
        215 n86 10 MAJ_1
        216 n87 11 OR_0
        217 n88 3 AND_1
        218 n89 5 MAJ_0
        219 n9 4 AND_1
        220 n90 6 AND_1
        221 n91 4 AND_1
        222 n92 5 MAJ_0
        223 n93 6 AND_1
        224 n94 4 AND_0
        225 n95 4 AND_1
        226 n96 5 MAJ_1
        227 n97 6 AND_1
        228 n98 7 OR_0
        229 n99 8 MAJ_1
        230 v1 4 VIR
        231 v10 4 VIR
        232 v100 2 VIR
        233 v101 2 VIR
        234 v102 2 VIR
        235 v103 3 VIR
        236 v104 3 VIR
        237 v105 3 VIR
        238 v106 3 VIR
        239 v107 3 VIR
        240 v108 3 VIR
        241 v109 3 VIR
        242 v11 4 VIR
        243 v110 3 VIR
        244 v111 3 VIR
        245 v112 3 VIR
        246 v113 3 VIR
        247 v114 3 VIR
        248 v115 3 VIR
        249 v116 3 VIR
        250 v117 3 VIR
        251 v118 3 VIR
        252 v12 4 VIR
        253 v13 4 VIR
        254 v14 5 VIR
        255 v15 1 VIR
        256 v16 1 VIR
        257 v17 1 VIR
        258 v18 1 VIR
        259 v19 1 VIR
        260 v2 4 VIR
        261 v20 1 VIR
        262 v21 1 VIR
        263 v22 1 VIR
        264 v23 1 VIR
        265 v24 1 VIR
        266 v25 1 VIR
        267 v26 1 VIR
        268 v27 1 VIR
        269 v28 1 VIR
        270 v29 1 VIR
        271 v3 3 VIR
        272 v30 1 VIR
        273 v31 1 VIR
        274 v32 1 VIR
        275 v33 1 VIR
        276 v34 1 VIR
        277 v35 1 VIR
        278 v36 1 VIR
        279 v37 1 VIR
        280 v38 1 VIR
        281 v39 2 VIR
        282 v4 3 VIR
        283 v40 2 VIR
        284 v41 2 VIR
        285 v42 2 VIR
        286 v43 2 VIR
        287 v44 2 VIR
        288 v45 2 VIR
        289 v46 2 VIR
        290 v47 2 VIR
        291 v48 2 VIR
        292 v49 2 VIR
        293 v5 3 VIR
        294 v50 2 VIR
        295 v51 2 VIR
        296 v52 2 VIR
        297 v53 2 VIR
        298 v54 2 VIR
        299 v55 2 VIR
        300 v56 2 VIR
        301 v57 2 VIR
        302 v58 2 VIR
        303 v59 2 VIR
        304 v6 4 VIR
        305 v60 2 VIR
        306 v61 2 VIR
        307 v62 2 VIR
        308 v63 2 VIR
        309 v64 2 VIR
        310 v65 2 VIR
        311 v66 2 VIR
        312 v67 2 VIR
        313 v68 2 VIR
        314 v69 2 VIR
        315 v7 4 VIR
        316 v70 2 VIR
        317 v71 2 VIR
        318 v72 2 VIR
        319 v73 2 VIR
        320 v74 2 VIR
        321 v75 2 VIR
        322 v76 2 VIR
        323 v77 2 VIR
        324 v78 4 VIR
        325 v79 2 VIR
        326 v8 5 VIR
        327 v80 2 VIR
        328 v81 2 VIR
        329 v82 2 VIR
        330 v83 2 VIR
        331 v84 2 VIR
        332 v85 2 VIR
        333 v86 2 VIR
        334 v87 2 VIR
        335 v88 2 VIR
        336 v89 2 VIR
        337 v9 5 VIR
        338 v90 2 VIR
        339 v91 2 VIR
        340 v92 2 VIR
        341 v93 2 VIR
        342 v94 2 VIR
        343 v95 2 VIR
        344 v96 2 VIR
        345 v97 2 VIR
        346 v98 2 VIR
        347 v99 2 VIR
    ]
    edge:
    [
        1 255
        1 256
        1 257
        2 258
        2 259
        2 261
        3 262
        3 263
        3 264
        4 265
        4 266
        4 267
        5 268
        5 269
        5 270
        6 272
        6 273
        6 274
        7 275
        7 276
        7 277
        8 278
        8 279
        8 280
        255 83
        258 83
        279 232
        280 233
        280 234
        255 281
        255 283
        256 284
        256 285
        257 286
        257 287
        258 288
        258 289
        259 290
        259 291
        261 292
        261 294
        262 295
        262 296
        262 297
        263 298
        263 299
        263 300
        264 301
        264 302
        264 303
        265 305
        265 306
        265 307
        266 308
        266 309
        266 310
        267 311
        267 312
        267 313
        268 314
        268 316
        268 317
        269 318
        269 319
        269 320
        270 321
        270 322
        270 323
        272 325
        272 327
        272 328
        273 329
        273 330
        273 331
        274 332
        274 333
        274 334
        275 335
        275 336
        275 338
        276 339
        276 340
        276 341
        277 342
        277 343
        277 344
        278 345
        278 346
        279 347
        306 17
        317 17
        281 19
        289 19
        306 33
        329 33
        318 41
        338 41
        232 41
        295 50
        305 50
        281 68
        296 68
        288 72
        305 72
        307 79
        329 79
        339 79
        289 91
        297 91
        299 115
        331 115
        298 116
        318 116
        286 148
        292 148
        281 156
        290 156
        291 160
        300 160
        286 168
        294 168
        313 168
        257 169
        302 169
        330 178
        340 178
        288 201
        295 201
        288 206
        295 206
        328 217
        336 217
        305 235
        308 236
        311 237
        314 238
        316 239
        317 240
        318 241
        319 243
        320 244
        321 245
        322 246
        325 247
        327 248
        329 249
        330 250
        332 251
        83 271
        83 282
        83 293
        316 20
        328 20
        19 20
        290 28
        298 28
        17 28
        336 34
        347 34
        33 34
        232 42
        41 42
        250 43
        280 43
        41 43
        309 52
        244 52
        292 54
        237 54
        322 54
        309 64
        243 64
        307 69
        240 69
        68 69
        340 80
        79 80
        320 81
        340 81
        79 81
        249 84
        339 84
        17 84
        308 92
        249 92
        91 92
        296 94
        239 94
        271 94
        298 98
        241 98
        284 100
        116 100
        310 119
        320 119
        282 119
        299 121
        308 121
        282 121
        300 129
        244 129
        156 129
        301 137
        237 137
        245 137
        294 150
        148 150
        301 154
        322 154
        293 154
        283 159
        236 159
        285 161
        160 161
        294 170
        313 170
        169 170
        286 171
        313 171
        169 171
        316 176
        248 176
        310 179
        178 179
        239 181
        327 181
        296 190
        235 190
        314 193
        325 193
        50 193
        248 195
        335 195
        325 202
        335 202
        201 202
        328 207
        335 207
        206 207
        314 209
        247 209
        271 209
        259 219
        240 219
        238 221
        247 221
        289 224
        235 224
        238 225
        327 225
        19 230
        201 231
        201 242
        206 252
        206 253
        50 260
        156 304
        156 315
        271 324
        19 21
        20 21
        336 31
        279 31
        181 31
        33 35
        34 35
        321 38
        331 38
        159 38
        319 39
        219 39
        28 39
        41 44
        42 44
        43 44
        301 53
        52 53
        312 55
        54 55
        312 56
        343 56
        54 56
        290 61
        260 61
        321 62
        331 62
        252 62
        284 65
        64 65
        306 66
        317 66
        231 66
        68 70
        69 70
        79 82
        80 82
        81 82
        17 85
        84 85
        241 89
        330 89
        242 89
        91 93
        92 93
        291 99
        98 99
        310 101
        342 101
        100 101
        324 105
        94 105
        311 110
        332 110
        252 110
        72 117
        159 117
        115 117
        293 120
        119 120
        282 122
        121 122
        236 126
        319 126
        230 126
        304 130
        129 130
        261 135
        52 135
        302 136
        64 136
        246 139
        137 139
        246 140
        333 140
        137 140
        287 151
        148 151
        150 151
        293 155
        154 155
        312 157
        323 157
        304 157
        323 163
        161 163
        168 172
        170 172
        171 172
        303 173
        315 173
        309 177
        176 177
        297 180
        176 180
        307 183
        181 183
        243 191
        250 191
        190 191
        50 194
        193 194
        345 196
        260 196
        195 196
        231 203
        202 203
        252 208
        207 208
        324 210
        209 210
        346 218
        190 218
        217 218
        278 222
        72 222
        221 222
        345 226
        224 226
        225 226
        225 254
        159 326
        181 337
        347 22
        21 22
        338 29
        347 29
        254 29
        337 32
        31 32
        326 40
        38 40
        54 57
        55 57
        56 57
        253 63
        62 63
        231 67
        66 67
        338 71
        21 71
        339 86
        180 86
        242 90
        89 90
        284 95
        341 95
        93 95
        311 102
        342 102
        99 102
        253 111
        110 111
        332 112
        61 112
        115 118
        117 118
        251 123
        122 123
        72 127
        105 127
        230 128
        126 128
        137 141
        139 141
        140 141
        333 142
        135 142
        304 158
        157 158
        302 162
        323 162
        326 162
        303 174
        173 174
        299 182
        337 182
        233 185
        180 185
        233 187
        177 187
        190 192
        191 192
        195 197
        196 197
        345 198
        194 198
        346 204
        203 204
        346 211
        210 211
        217 220
        218 220
        221 223
        222 223
        225 227
        226 227
        291 23
        22 23
        254 30
        29 30
        32 36
        35 36
        343 58
        182 58
        67 73
        70 73
        71 73
        183 87
        86 87
        285 96
        342 96
        90 96
        101 103
        102 103
        65 113
        112 113
        120 124
        123 124
        251 131
        128 131
        105 138
        116 138
        127 138
        136 143
        142 143
        116 164
        162 164
        163 164
        315 175
        173 175
        174 175
        182 184
        183 184
        179 188
        187 188
        283 199
        198 199
        283 205
        204 205
        208 212
        211 212
        223 228
        227 228
        197 24
        22 24
        23 24
        30 37
        36 37
        53 59
        58 59
        341 74
        71 74
        73 74
        341 88
        85 88
        87 88
        95 97
        96 97
        333 114
        111 114
        113 114
        334 125
        118 125
        124 125
        53 132
        130 132
        131 132
        334 144
        141 144
        143 144
        39 149
        138 149
        233 186
        184 186
        185 186
        197 200
        198 200
        199 200
        232 213
        205 213
        212 213
        256 229
        220 229
        228 229
        228 18
        229 18
        37 45
        44 45
        344 60
        57 60
        59 60
        71 75
        74 75
        82 104
        88 104
        334 133
        131 133
        132 133
        114 145
        125 145
        245 152
        61 152
        149 152
        234 189
        186 189
        188 189
        200 214
        213 214
        18 25
        24 25
        234 46
        40 46
        45 46
        343 76
        63 76
        75 76
        344 77
        65 77
        75 77
        97 106
        103 106
        104 106
        131 134
        133 134
        149 153
        152 153
        234 215
        192 215
        214 215
        292 26
        220 26
        25 26
        45 47
        46 47
        76 78
        77 78
        104 107
        106 107
        134 146
        144 146
        145 146
        153 165
        155 165
        214 216
        215 216
        25 27
        26 27
        189 48
        216 48
        78 108
        107 108
        145 147
        146 147
        158 166
        164 166
        165 166
        27 49
        47 49
        48 49
        60 109
        108 109
        165 167
        166 167
        48 51
        49 51
        167 9
        172 10
        175 11
        51 12
        109 13
        147 14
        151 15
        287 16
    ]
]
