circuit_name:i5new_processed
[
    node:
    [
        1 x0 0 PI
        2 x1 0 PI
        3 x2 0 PI
        4 x3 0 PI
        5 x4 0 PI
        6 x5 0 PI
        7 x6 0 PI
        8 x7 0 PI
        9 x8 0 PI
        10 x9 0 PI
        11 x10 0 PI
        12 x11 0 PI
        13 x12 0 PI
        14 x13 0 PI
        15 x14 0 PI
        16 x15 0 PI
        17 x16 0 PI
        18 x17 0 PI
        19 x18 0 PI
        20 x19 0 PI
        21 x20 0 PI
        22 x21 0 PI
        23 x22 0 PI
        24 x23 0 PI
        25 x24 0 PI
        26 x25 0 PI
        27 x26 0 PI
        28 x27 0 PI
        29 x28 0 PI
        30 x29 0 PI
        31 x30 0 PI
        32 x31 0 PI
        33 x32 0 PI
        34 x33 0 PI
        35 x34 0 PI
        36 x35 0 PI
        37 x36 0 PI
        38 x37 0 PI
        39 x38 0 PI
        40 x39 0 PI
        41 x40 0 PI
        42 x41 0 PI
        43 x42 0 PI
        44 x43 0 PI
        45 x44 0 PI
        46 x45 0 PI
        47 x46 0 PI
        48 x47 0 PI
        49 x48 0 PI
        50 x49 0 PI
        51 x50 0 PI
        52 x51 0 PI
        53 x52 0 PI
        54 x53 0 PI
        55 x54 0 PI
        56 x55 0 PI
        57 x56 0 PI
        58 x57 0 PI
        59 x58 0 PI
        60 x59 0 PI
        61 x60 0 PI
        62 x61 0 PI
        63 x62 0 PI
        64 x63 0 PI
        65 x64 0 PI
        66 x65 0 PI
        67 x66 0 PI
        68 x67 0 PI
        69 x68 0 PI
        70 x69 0 PI
        71 x70 0 PI
        72 x71 0 PI
        73 x72 0 PI
        74 x73 0 PI
        75 x74 0 PI
        76 x75 0 PI
        77 x76 0 PI
        78 x77 0 PI
        79 x78 0 PI
        80 x79 0 PI
        81 x80 0 PI
        82 x81 0 PI
        83 x82 0 PI
        84 x83 0 PI
        85 x84 0 PI
        86 x85 0 PI
        87 x86 0 PI
        88 x87 0 PI
        89 x88 0 PI
        90 x89 0 PI
        91 x90 0 PI
        92 x91 0 PI
        93 x92 0 PI
        94 x93 0 PI
        95 x94 0 PI
        96 x95 0 PI
        97 x96 0 PI
        98 x97 0 PI
        99 x98 0 PI
        100 x99 0 PI
        101 x100 0 PI
        102 x101 0 PI
        103 x102 0 PI
        104 x103 0 PI
        105 x104 0 PI
        106 x105 0 PI
        107 x106 0 PI
        108 x107 0 PI
        109 x108 0 PI
        110 x109 0 PI
        111 x110 0 PI
        112 x111 0 PI
        113 x112 0 PI
        114 x113 0 PI
        115 x114 0 PI
        116 x115 0 PI
        117 x116 0 PI
        118 x117 0 PI
        119 x118 0 PI
        120 x119 0 PI
        121 x120 0 PI
        122 x121 0 PI
        123 x122 0 PI
        124 x123 0 PI
        125 x124 0 PI
        126 x125 0 PI
        127 x126 0 PI
        128 x127 0 PI
        129 x128 0 PI
        130 x129 0 PI
        131 x130 0 PI
        132 x131 0 PI
        133 x132 0 PI
        134 y0 9 PO_0
        135 y1 7 PO_0
        136 y2 8 PO_0
        137 y3 5 PO_0
        138 y4 8 PO_0
        139 y5 9 PO_0
        140 y6 12 PO_0
        141 y7 7 PO_0
        142 y8 8 PO_0
        143 y9 10 PO_0
        144 y10 7 PO_0
        145 y11 13 PO_0
        146 y12 9 PO_0
        147 y13 7 PO_0
        148 y14 13 PO_0
        149 y15 10 PO_0
        150 y16 8 PO_0
        151 y17 8 PO_0
        152 y18 8 PO_0
        153 y19 8 PO_0
        154 y20 10 PO_0
        155 y21 5 PO_0
        156 y22 10 PO_0
        157 y23 9 PO_0
        158 y24 9 PO_0
        159 y25 9 PO_0
        160 y26 9 PO_0
        161 y27 5 PO_0
        162 y28 10 PO_0
        163 y29 4 PO_0
        164 y30 11 PO_0
        165 y31 5 PO_0
        166 y32 11 PO_0
        167 y33 6 PO_0
        168 y34 7 PO_0
        169 y35 7 PO_0
        170 y36 8 PO_0
        171 y37 10 PO_0
        172 y38 10 PO_0
        173 y39 9 PO_0
        174 y40 8 PO_0
        175 y41 10 PO_0
        176 y42 12 PO_0
        177 y43 11 PO_0
        178 y44 10 PO_0
        179 y45 7 PO_0
        180 y46 11 PO_0
        181 y47 10 PO_0
        182 y48 9 PO_0
        183 y49 8 PO_0
        184 y50 12 PO_0
        185 y51 10 PO_0
        186 y52 8 PO_0
        187 y53 7 PO_0
        188 y54 13 PO_0
        189 y55 10 PO_0
        190 y56 10 PO_0
        191 y57 11 PO_0
        192 y58 12 PO_0
        193 y59 8 PO_0
        194 y60 10 PO_0
        195 y61 12 PO_0
        196 y62 10 PO_0
        197 y63 6 PO_0
        198 y64 11 PO_0
        199 y65 10 PO_0
        200 n134 2 AND_0
        201 n135 1 OR_0
        202 n136 3 MAJ_0
        203 n137 2 AND_0
        204 n138 4 OR_0
        205 n139 5 AND_0
        206 n140 6 OR_0
        207 n141 7 AND_0
        208 n142 8 OR_0
        209 n143 2 AND_0
        210 n144 3 OR_0
        211 n145 1 AND_0
        212 n146 2 AND_0
        213 n147 1 AND_1
        214 n148 2 AND_0
        215 n149 3 MAJ_0
        216 n150 4 OR_0
        217 n151 5 MAJ_0
        218 n152 6 OR_0
        219 n153 2 OR_0
        220 n154 3 MAJ_0
        221 n155 2 AND_0
        222 n156 4 OR_0
        223 n157 1 AND_0
        224 n158 2 AND_0
        225 n159 1 AND_1
        226 n160 2 AND_0
        227 n161 3 MAJ_0
        228 n162 4 OR_0
        229 n163 6 MAJ_0
        230 n164 7 OR_0
        231 n165 6 AND_0
        232 n166 2 OR_0
        233 n167 7 MAJ_0
        234 n168 2 AND_0
        235 n169 8 OR_0
        236 n170 2 AND_0
        237 n171 3 MAJ_1
        238 n172 4 AND_0
        239 n173 1 AND_1
        240 n174 2 AND_0
        241 n175 3 MAJ_0
        242 n176 5 OR_0
        243 n177 6 OR_0
        244 n178 1 AND_0
        245 n179 2 AND_0
        246 n180 1 AND_1
        247 n181 2 AND_0
        248 n182 3 MAJ_0
        249 n183 4 OR_0
        250 n184 8 MAJ_0
        251 n185 9 OR_0
        252 n186 1 AND_0
        253 n187 2 AND_0
        254 n188 1 AND_1
        255 n189 2 AND_0
        256 n190 3 MAJ_0
        257 n191 4 OR_0
        258 n192 10 MAJ_0
        259 n193 11 OR_0
        260 n194 1 AND_0
        261 n195 2 AND_0
        262 n196 1 AND_1
        263 n197 2 AND_0
        264 n198 3 MAJ_0
        265 n199 4 OR_0
        266 n200 5 MAJ_0
        267 n201 6 OR_0
        268 n202 2 AND_0
        269 n203 1 AND_0
        270 n204 2 AND_0
        271 n205 1 AND_0
        272 n206 2 MAJ_1
        273 n207 3 AND_0
        274 n208 3 OR_0
        275 n209 4 MAJ_0
        276 n210 5 OR_0
        277 n211 2 AND_0
        278 n212 3 MAJ_1
        279 n213 4 AND_0
        280 n214 6 OR_0
        281 n215 7 OR_0
        282 n216 3 OR_0
        283 n217 5 AND_0
        284 n218 6 OR_0
        285 n219 1 AND_0
        286 n220 7 OR_0
        287 n221 8 MAJ_0
        288 n222 2 AND_0
        289 n223 9 OR_0
        290 n224 1 AND_0
        291 n225 2 MAJ_1
        292 n226 3 AND_0
        293 n227 1 AND_1
        294 n228 2 AND_0
        295 n229 3 MAJ_0
        296 n230 4 OR_0
        297 n231 5 OR_0
        298 n232 11 AND_0
        299 n233 12 OR_0
        300 n234 7 AND_0
        301 n235 8 OR_0
        302 n236 5 AND_0
        303 n237 6 OR_0
        304 n238 2 AND_0
        305 n239 10 OR_0
        306 n240 11 MAJ_0
        307 n241 2 AND_0
        308 n242 12 OR_0
        309 n243 1 AND_0
        310 n244 7 OR_0
        311 n245 8 MAJ_0
        312 n246 2 AND_0
        313 n247 9 OR_0
        314 n248 2 OR_0
        315 n249 6 MAJ_0
        316 n250 2 AND_0
        317 n251 7 OR_0
        318 n252 1 AND_0
        319 n253 2 AND_0
        320 n254 1 AND_1
        321 n255 2 AND_0
        322 n256 3 MAJ_0
        323 n257 4 OR_0
        324 n258 5 MAJ_0
        325 n259 6 OR_0
        326 n260 1 AND_0
        327 n261 2 AND_0
        328 n262 1 AND_1
        329 n263 2 AND_0
        330 n264 3 MAJ_0
        331 n265 4 OR_0
        332 n266 6 MAJ_0
        333 n267 7 OR_0
        334 n268 2 OR_0
        335 n269 6 MAJ_0
        336 n270 2 AND_0
        337 n271 7 OR_0
        338 n272 1 AND_0
        339 n273 2 AND_0
        340 n274 1 AND_1
        341 n275 2 AND_0
        342 n276 3 MAJ_0
        343 n277 4 OR_0
        344 n278 8 MAJ_0
        345 n279 9 OR_0
        346 n280 1 AND_0
        347 n281 7 OR_0
        348 n282 8 MAJ_0
        349 n283 1 AND_0
        350 n284 9 OR_0
        351 n285 7 AND_0
        352 n286 8 OR_0
        353 n287 7 AND_0
        354 n288 8 OR_0
        355 n289 6 AND_0
        356 n290 2 OR_0
        357 n291 7 MAJ_0
        358 n292 2 AND_0
        359 n293 8 OR_0
        360 n294 2 AND_0
        361 n295 1 OR_0
        362 n296 3 MAJ_0
        363 n297 2 AND_0
        364 n298 4 OR_0
        365 n299 1 AND_0
        366 n300 2 AND_0
        367 n301 1 AND_1
        368 n302 2 AND_0
        369 n303 3 MAJ_0
        370 n304 4 OR_0
        371 n305 8 MAJ_0
        372 n306 9 OR_0
        373 n307 2 AND_0
        374 n308 3 OR_0
        375 n309 8 OR_0
        376 n310 9 MAJ_0
        377 n311 1 AND_0
        378 n312 10 OR_0
        379 n313 9 AND_0
        380 n314 10 OR_0
        381 n315 1 AND_0
        382 n316 2 MAJ_1
        383 n317 3 AND_0
        384 n318 1 AND_1
        385 n319 2 AND_0
        386 n320 3 MAJ_0
        387 n321 4 OR_0
        388 n322 5 OR_0
        389 n323 4 AND_0
        390 n324 2 OR_0
        391 n325 5 MAJ_0
        392 n326 2 AND_0
        393 n327 6 OR_0
        394 n328 5 AND_0
        395 n329 6 OR_0
        396 n330 2 AND_0
        397 n331 4 OR_0
        398 n332 5 MAJ_0
        399 n333 2 AND_0
        400 n334 6 OR_0
        401 n335 7 AND_0
        402 n336 2 OR_0
        403 n337 8 MAJ_0
        404 n338 2 AND_0
        405 n339 9 OR_0
        406 n340 2 AND_0
        407 n341 1 AND_1
        408 n342 2 AND_0
        409 n343 3 MAJ_0
        410 n344 4 OR_0
        411 n345 8 MAJ_0
        412 n346 9 OR_0
        413 n347 7 AND_0
        414 n348 8 OR_0
        415 n349 1 AND_0
        416 n350 2 AND_0
        417 n351 1 AND_1
        418 n352 2 AND_0
        419 n353 3 MAJ_0
        420 n354 4 OR_0
        421 n355 8 MAJ_0
        422 n356 9 OR_0
        423 n357 7 AND_0
        424 n358 2 OR_0
        425 n359 8 MAJ_0
        426 n360 2 AND_0
        427 n361 9 OR_0
        428 n362 1 AND_0
        429 n363 2 AND_0
        430 n364 1 AND_1
        431 n365 2 AND_0
        432 n366 3 MAJ_0
        433 n367 4 OR_0
        434 n368 10 MAJ_0
        435 n369 11 OR_0
        436 n370 8 AND_0
        437 n371 2 OR_0
        438 n372 9 MAJ_0
        439 n373 2 AND_0
        440 n374 10 OR_0
        441 n375 1 AND_0
        442 n376 2 AND_0
        443 n377 1 AND_1
        444 n378 2 AND_0
        445 n379 3 MAJ_0
        446 n380 4 OR_0
        447 n381 5 MAJ_0
        448 n382 6 OR_0
        449 n383 2 AND_0
        450 n384 7 OR_0
        451 n385 8 MAJ_0
        452 n386 2 AND_0
        453 n387 9 OR_0
        454 n388 1 AND_0
        455 n389 2 AND_0
        456 n390 1 AND_1
        457 n391 2 AND_0
        458 n392 3 MAJ_0
        459 n393 4 OR_0
        460 n394 5 MAJ_0
        461 n395 6 OR_0
        462 n396 8 AND_0
        463 n397 9 OR_0
        464 n398 7 AND_0
        465 n399 8 OR_0
        466 n400 2 AND_0
        467 n401 5 OR_0
        468 n402 6 MAJ_0
        469 n403 2 AND_0
        470 n404 7 OR_0
        471 n405 10 AND_0
        472 n406 11 OR_0
        473 n407 8 OR_0
        474 n408 5 AND_0
        475 n409 6 OR_0
        476 n410 2 OR_0
        477 n411 11 MAJ_0
        478 n412 2 AND_0
        479 n413 12 OR_0
        480 n414 1 AND_0
        481 n415 2 AND_0
        482 n416 1 AND_1
        483 n417 2 AND_0
        484 n418 3 MAJ_0
        485 n419 4 OR_0
        486 n420 8 MAJ_0
        487 n421 9 OR_0
        488 n422 1 AND_0
        489 n423 2 AND_0
        490 n424 1 AND_1
        491 n425 2 AND_0
        492 n426 3 MAJ_0
        493 n427 4 OR_0
        494 n428 8 MAJ_0
        495 n429 9 OR_0
        496 n430 1 AND_0
        497 n431 2 AND_0
        498 n432 1 AND_1
        499 n433 2 AND_0
        500 n434 3 MAJ_0
        501 n435 4 OR_0
        502 n436 9 MAJ_0
        503 n437 10 OR_0
        504 n438 9 AND_0
        505 n439 2 OR_0
        506 n440 10 MAJ_0
        507 n441 2 AND_0
        508 n442 11 OR_0
        509 n443 7 OR_0
        510 n444 10 AND_0
        511 n445 11 OR_0
        512 n446 8 AND_0
        513 n447 9 OR_0
        514 n448 1 OR_0
        515 n449 9 MAJ_0
        516 n450 1 AND_0
        517 n451 10 OR_0
        518 n452 1 AND_0
        519 n453 2 AND_0
        520 n454 1 AND_1
        521 n455 2 AND_0
        522 n456 3 MAJ_0
        523 n457 4 OR_0
        524 n458 8 MAJ_0
        525 n459 9 OR_0
        526 v1 5 VIR
        527 v10 6 VIR
        528 v11 7 VIR
        529 v12 8 VIR
        530 v13 7 VIR
        531 v14 7 VIR
        532 v15 9 VIR
        533 v16 1 VIR
        534 v17 1 VIR
        535 v18 1 VIR
        536 v19 1 VIR
        537 v2 7 VIR
        538 v20 1 VIR
        539 v21 1 VIR
        540 v22 1 VIR
        541 v23 1 VIR
        542 v24 1 VIR
        543 v25 1 VIR
        544 v26 1 VIR
        545 v27 1 VIR
        546 v28 1 VIR
        547 v29 1 VIR
        548 v3 4 VIR
        549 v30 1 VIR
        550 v31 1 VIR
        551 v32 1 VIR
        552 v33 1 VIR
        553 v34 1 VIR
        554 v35 1 VIR
        555 v36 1 VIR
        556 v37 1 VIR
        557 v38 1 VIR
        558 v39 1 VIR
        559 v4 7 VIR
        560 v40 1 VIR
        561 v41 1 VIR
        562 v42 1 VIR
        563 v43 1 VIR
        564 v44 1 VIR
        565 v45 1 VIR
        566 v46 1 VIR
        567 v47 1 VIR
        568 v48 1 VIR
        569 v49 1 VIR
        570 v5 7 VIR
        571 v50 1 VIR
        572 v51 1 VIR
        573 v52 1 VIR
        574 v53 1 VIR
        575 v54 1 VIR
        576 v55 1 VIR
        577 v56 1 VIR
        578 v57 1 VIR
        579 v58 1 VIR
        580 v59 1 VIR
        581 v6 10 VIR
        582 v60 1 VIR
        583 v61 1 VIR
        584 v62 1 VIR
        585 v7 4 VIR
        586 v8 4 VIR
        587 v9 7 VIR
    ]
    edge:
    [
        30 201
        95 201
        64 211
        98 211
        50 213
        62 213
        33 223
        40 223
        14 225
        33 225
        30 239
        99 239
        112 244
        116 244
        78 246
        83 246
        73 252
        80 252
        113 254
        117 254
        63 260
        92 260
        3 262
        5 262
        52 269
        104 269
        52 271
        95 271
        77 285
        82 285
        79 290
        84 290
        51 293
        56 293
        10 309
        15 309
        94 318
        103 318
        11 320
        17 320
        72 326
        75 326
        21 328
        28 328
        97 338
        101 338
        121 340
        125 340
        85 346
        88 346
        88 349
        109 349
        42 361
        43 361
        15 365
        47 365
        19 367
        39 367
        101 377
        125 377
        23 381
        29 381
        23 384
        42 384
        106 407
        109 407
        82 415
        129 415
        110 417
        128 417
        61 428
        67 428
        37 430
        58 430
        36 441
        44 441
        130 443
        133 443
        69 454
        90 454
        87 456
        126 456
        120 480
        124 480
        32 482
        38 482
        111 488
        115 488
        86 490
        89 490
        54 496
        127 496
        4 498
        57 498
        8 514
        46 514
        13 516
        46 516
        27 518
        34 518
        27 520
        71 520
        11 533
        104 534
        106 535
        110 536
        12 538
        111 539
        112 540
        117 541
        121 542
        124 543
        126 544
        14 545
        133 546
        3 547
        21 549
        23 550
        27 551
        30 552
        4 553
        32 554
        33 555
        36 556
        37 557
        39 558
        42 560
        50 561
        51 562
        52 563
        57 564
        58 565
        62 566
        63 567
        66 568
        70 569
        71 571
        75 572
        77 573
        78 574
        84 575
        86 576
        10 577
        93 578
        96 579
        96 580
        96 582
        99 583
        99 584
        579 200
        583 200
        12 203
        584 203
        580 209
        131 209
        50 212
        211 212
        48 214
        213 214
        51 219
        575 219
        56 221
        575 221
        26 224
        223 224
        2 226
        225 226
        545 232
        555 232
        2 234
        555 234
        95 236
        579 236
        12 240
        239 240
        108 245
        244 245
        112 247
        246 247
        70 253
        252 253
        70 255
        254 255
        59 261
        260 261
        63 263
        262 263
        24 268
        563 268
        552 270
        269 270
        583 272
        534 272
        271 272
        538 277
        563 277
        573 288
        128 288
        580 291
        131 291
        290 291
        84 294
        293 294
        569 304
        73 304
        569 307
        113 307
        577 312
        19 312
        547 314
        567 314
        5 316
        567 316
        93 319
        318 319
        93 321
        320 321
        49 327
        326 327
        75 329
        328 329
        533 334
        578 334
        17 336
        578 336
        91 339
        338 339
        101 341
        340 341
        549 356
        49 356
        28 358
        572 358
        550 360
        582 360
        22 363
        550 363
        577 366
        365 366
        10 368
        367 368
        43 373
        582 373
        43 382
        580 382
        381 382
        22 385
        384 385
        566 390
        64 390
        48 392
        561 392
        7 396
        556 396
        556 399
        130 399
        576 402
        107 402
        89 404
        539 404
        76 406
        346 406
        88 408
        407 408
        573 416
        415 416
        77 418
        417 418
        574 424
        540 424
        83 426
        540 426
        58 429
        428 429
        31 431
        430 431
        554 437
        114 437
        38 439
        543 439
        7 442
        441 442
        36 444
        443 444
        20 449
        551 449
        551 452
        74 452
        66 455
        454 455
        66 457
        456 457
        568 466
        69 466
        568 469
        87 469
        557 476
        565 476
        31 478
        565 478
        114 481
        480 481
        124 483
        482 483
        107 489
        488 489
        111 491
        490 491
        4 497
        496 497
        60 499
        498 499
        564 505
        127 505
        553 507
        60 507
        20 519
        518 519
        74 521
        520 521
        552 202
        200 202
        201 202
        56 210
        209 210
        62 215
        98 215
        214 215
        562 220
        209 220
        219 220
        14 227
        26 227
        226 227
        583 237
        104 237
        236 237
        552 241
        534 241
        240 241
        78 248
        108 248
        247 248
        80 256
        117 256
        255 256
        3 264
        59 264
        263 264
        271 273
        272 273
        268 274
        270 274
        584 278
        534 278
        277 278
        538 282
        236 282
        290 292
        291 292
        562 295
        79 295
        294 295
        11 322
        94 322
        321 322
        21 330
        72 330
        329 330
        91 342
        121 342
        341 342
        560 362
        360 362
        361 362
        39 369
        47 369
        368 369
        22 374
        373 374
        381 383
        382 383
        29 386
        560 386
        385 386
        76 409
        106 409
        408 409
        110 419
        129 419
        418 419
        37 432
        67 432
        431 432
        44 445
        133 445
        444 445
        90 458
        126 458
        457 458
        32 484
        120 484
        483 484
        86 492
        115 492
        491 492
        54 500
        57 500
        499 500
        34 522
        71 522
        521 522
        202 204
        203 204
        16 216
        215 216
        220 222
        221 222
        9 228
        227 228
        236 238
        237 238
        102 249
        248 249
        105 257
        256 257
        41 265
        264 265
        579 275
        273 275
        274 275
        277 279
        278 279
        292 296
        295 296
        6 323
        322 323
        119 331
        330 331
        118 343
        342 343
        362 364
        363 364
        132 370
        369 370
        383 387
        386 387
        561 389
        210 389
        546 397
        282 397
        100 410
        409 410
        81 420
        419 420
        18 433
        432 433
        123 446
        445 446
        122 459
        458 459
        25 485
        484 485
        68 493
        492 493
        1 501
        500 501
        55 523
        522 523
        210 548
        282 585
        282 586
        103 205
        204 205
        210 217
        212 217
        216 217
        238 242
        241 242
        222 266
        261 266
        265 266
        274 276
        275 276
        7 283
        585 283
        65 297
        296 297
        92 302
        222 302
        204 324
        319 324
        323 324
        35 388
        387 388
        566 391
        389 391
        390 391
        64 394
        548 394
        546 398
        396 398
        397 398
        585 447
        442 447
        446 447
        586 460
        455 460
        459 460
        544 467
        585 467
        69 474
        586 474
        204 526
        17 206
        205 206
        216 218
        217 218
        526 229
        224 229
        228 229
        40 231
        526 231
        24 243
        242 243
        265 267
        266 267
        276 280
        279 280
        130 284
        283 284
        5 303
        302 303
        547 315
        302 315
        314 315
        323 325
        324 325
        297 332
        327 332
        331 332
        533 335
        205 335
        334 335
        572 355
        297 355
        391 393
        392 393
        48 395
        394 395
        398 400
        399 400
        446 448
        447 448
        459 461
        460 461
        544 468
        466 468
        467 468
        87 475
        474 475
        297 527
        15 207
        206 207
        228 230
        229 230
        545 233
        231 233
        232 233
        45 281
        280 281
        536 286
        284 286
        82 300
        284 300
        558 310
        206 310
        315 317
        316 317
        331 333
        332 333
        335 337
        336 337
        535 347
        325 347
        49 351
        527 351
        85 353
        325 353
        549 357
        355 357
        356 357
        539 401
        400 401
        107 413
        400 413
        116 423
        243 423
        571 450
        448 450
        20 464
        448 464
        468 470
        469 470
        2 509
        231 509
        325 528
        400 530
        448 531
        206 537
        243 559
        243 570
        284 587
        19 208
        207 208
        233 235
        234 235
        559 250
        245 250
        249 250
        536 287
        285 287
        286 287
        128 301
        300 301
        558 311
        309 311
        310 311
        337 344
        339 344
        343 344
        535 348
        346 348
        347 348
        28 352
        351 352
        109 354
        353 354
        357 359
        358 359
        537 371
        366 371
        370 371
        542 375
        337 375
        576 403
        401 403
        402 403
        528 411
        406 411
        410 411
        89 414
        413 414
        587 421
        416 421
        420 421
        574 425
        423 425
        424 425
        543 436
        559 436
        571 451
        449 451
        450 451
        114 462
        559 462
        74 465
        464 465
        83 473
        423 473
        570 486
        481 486
        485 486
        530 494
        489 494
        493 494
        53 512
        281 512
        531 524
        519 524
        523 524
        337 529
        249 251
        250 251
        287 289
        288 289
        311 313
        312 313
        343 345
        344 345
        348 350
        349 350
        370 372
        371 372
        542 376
        338 376
        375 376
        97 379
        529 379
        403 405
        404 405
        410 412
        411 412
        420 422
        421 422
        425 427
        426 427
        554 438
        436 438
        437 438
        451 453
        452 453
        38 463
        462 463
        485 487
        486 487
        493 495
        494 495
        473 502
        497 502
        501 502
        553 504
        473 504
        13 513
        512 513
        8 515
        512 515
        514 515
        523 525
        524 525
        473 532
        251 258
        253 258
        257 258
        541 305
        251 305
        376 378
        377 378
        125 380
        379 380
        427 434
        429 434
        433 434
        438 440
        439 440
        61 471
        427 471
        501 503
        502 503
        564 506
        504 506
        505 506
        127 510
        532 510
        515 517
        516 517
        251 581
        257 259
        258 259
        73 298
        581 298
        541 306
        304 306
        305 306
        433 435
        434 435
        31 472
        471 472
        557 477
        471 477
        476 477
        506 508
        507 508
        60 511
        510 511
        113 299
        298 299
        306 308
        307 308
        477 479
        478 479
        208 134
        218 135
        537 136
        222 137
        230 138
        235 139
        259 140
        267 141
        281 142
        289 143
        527 144
        299 145
        301 146
        303 147
        308 148
        313 149
        587 150
        317 151
        528 152
        333 153
        345 154
        586 155
        350 156
        352 157
        354 158
        359 159
        529 160
        364 161
        372 162
        374 163
        378 164
        548 165
        380 166
        388 167
        393 168
        395 169
        570 170
        405 171
        412 172
        414 173
        530 174
        422 175
        435 176
        440 177
        453 178
        461 179
        581 180
        463 181
        465 182
        470 183
        472 184
        532 185
        531 186
        475 187
        479 188
        487 189
        495 190
        503 191
        508 192
        509 193
        427 194
        511 195
        513 196
        526 197
        517 198
        525 199
    ]
]
