circuit_name:i6new_processed
[
    node:
    [
        1 x0 0 PI
        2 x1 0 PI
        3 x2 0 PI
        4 x3 0 PI
        5 x4 0 PI
        6 x5 0 PI
        7 x6 0 PI
        8 x7 0 PI
        9 x8 0 PI
        10 x9 0 PI
        11 x10 0 PI
        12 x11 0 PI
        13 x12 0 PI
        14 x13 0 PI
        15 x14 0 PI
        16 x15 0 PI
        17 x16 0 PI
        18 x17 0 PI
        19 x18 0 PI
        20 x19 0 PI
        21 x20 0 PI
        22 x21 0 PI
        23 x22 0 PI
        24 x23 0 PI
        25 x24 0 PI
        26 x25 0 PI
        27 x26 0 PI
        28 x27 0 PI
        29 x28 0 PI
        30 x29 0 PI
        31 x30 0 PI
        32 x31 0 PI
        33 x32 0 PI
        34 x33 0 PI
        35 x34 0 PI
        36 x35 0 PI
        37 x36 0 PI
        38 x37 0 PI
        39 x38 0 PI
        40 x39 0 PI
        41 x40 0 PI
        42 x41 0 PI
        43 x42 0 PI
        44 x43 0 PI
        45 x44 0 PI
        46 x45 0 PI
        47 x46 0 PI
        48 x47 0 PI
        49 x48 0 PI
        50 x49 0 PI
        51 x50 0 PI
        52 x51 0 PI
        53 x52 0 PI
        54 x53 0 PI
        55 x54 0 PI
        56 x55 0 PI
        57 x56 0 PI
        58 x57 0 PI
        59 x58 0 PI
        60 x59 0 PI
        61 x60 0 PI
        62 x61 0 PI
        63 x62 0 PI
        64 x63 0 PI
        65 x64 0 PI
        66 x65 0 PI
        67 x66 0 PI
        68 x67 0 PI
        69 x68 0 PI
        70 x69 0 PI
        71 x70 0 PI
        72 x71 0 PI
        73 x72 0 PI
        74 x73 0 PI
        75 x74 0 PI
        76 x75 0 PI
        77 x76 0 PI
        78 x77 0 PI
        79 x78 0 PI
        80 x79 0 PI
        81 x80 0 PI
        82 x81 0 PI
        83 x82 0 PI
        84 x83 0 PI
        85 x84 0 PI
        86 x85 0 PI
        87 x86 0 PI
        88 x87 0 PI
        89 x88 0 PI
        90 x89 0 PI
        91 x90 0 PI
        92 x91 0 PI
        93 x92 0 PI
        94 x93 0 PI
        95 x94 0 PI
        96 x95 0 PI
        97 x96 0 PI
        98 x97 0 PI
        99 x98 0 PI
        100 x99 0 PI
        101 x100 0 PI
        102 x101 0 PI
        103 x102 0 PI
        104 x103 0 PI
        105 x104 0 PI
        106 x105 0 PI
        107 x106 0 PI
        108 x107 0 PI
        109 x108 0 PI
        110 x109 0 PI
        111 x110 0 PI
        112 x111 0 PI
        113 x112 0 PI
        114 x113 0 PI
        115 x114 0 PI
        116 x115 0 PI
        117 x116 0 PI
        118 x117 0 PI
        119 x118 0 PI
        120 x119 0 PI
        121 x120 0 PI
        122 x121 0 PI
        123 x122 0 PI
        124 x123 0 PI
        125 x124 0 PI
        126 x125 0 PI
        127 x126 0 PI
        128 x127 0 PI
        129 x128 0 PI
        130 x129 0 PI
        131 x130 0 PI
        132 x131 0 PI
        133 x132 0 PI
        134 x133 0 PI
        135 x134 0 PI
        136 x135 0 PI
        137 x136 0 PI
        138 x137 0 PI
        139 y0 14 PO_0
        140 y1 12 PO_0
        141 y2 14 PO_0
        142 y3 13 PO_0
        143 y4 14 PO_0
        144 y5 13 PO_0
        145 y6 14 PO_0
        146 y7 10 PO_0
        147 y8 15 PO_0
        148 y9 15 PO_0
        149 y10 15 PO_0
        150 y11 14 PO_0
        151 y12 12 PO_0
        152 y13 14 PO_0
        153 y14 13 PO_0
        154 y15 15 PO_0
        155 y16 15 PO_0
        156 y17 13 PO_0
        157 y18 8 PO_0
        158 y19 7 PO_0
        159 y20 7 PO_0
        160 y21 15 PO_0
        161 y22 14 PO_0
        162 y23 7 PO_0
        163 y24 7 PO_0
        164 y25 14 PO_0
        165 y26 14 PO_0
        166 y27 8 PO_0
        167 y28 8 PO_0
        168 y29 15 PO_0
        169 y30 14 PO_0
        170 y31 7 PO_0
        171 y32 8 PO_0
        172 y33 15 PO_0
        173 y34 14 PO_0
        174 y35 8 PO_0
        175 y36 14 PO_0
        176 y37 14 PO_0
        177 y38 8 PO_0
        178 y39 8 PO_0
        179 y40 14 PO_0
        180 y41 7 PO_0
        181 y42 8 PO_0
        182 y43 14 PO_0
        183 y44 14 PO_0
        184 y45 7 PO_0
        185 y46 15 PO_0
        186 y47 14 PO_0
        187 y48 8 PO_0
        188 y49 8 PO_0
        189 y50 7 PO_0
        190 y51 7 PO_0
        191 y52 8 PO_0
        192 y53 8 PO_0
        193 y54 7 PO_0
        194 y55 14 PO_0
        195 y56 8 PO_0
        196 y57 15 PO_0
        197 y58 8 PO_0
        198 y59 7 PO_0
        199 y60 15 PO_0
        200 y61 8 PO_0
        201 y62 7 PO_0
        202 y63 7 PO_0
        203 y64 14 PO_0
        204 y65 14 PO_0
        205 y66 15 PO_0
        206 n139 4 OR_0
        207 n140 5 AND_1
        208 n141 4 AND_0
        209 n142 5 AND_0
        210 n143 8 AND_1
        211 n144 9 OR_0
        212 n145 10 MAJ_0
        213 n146 5 AND_1
        214 n147 6 AND_0
        215 n148 5 AND_1
        216 n149 11 OR_0
        217 n150 12 MAJ_0
        218 n151 13 OR_0
        219 n152 5 AND_1
        220 n153 5 AND_0
        221 n154 6 AND_1
        222 n155 7 OR_0
        223 n156 8 MAJ_0
        224 n157 6 AND_0
        225 n158 5 AND_1
        226 n159 9 OR_0
        227 n160 10 MAJ_0
        228 n161 11 OR_0
        229 n162 8 AND_1
        230 n163 9 OR_0
        231 n164 10 MAJ_0
        232 n165 11 OR_0
        233 n166 12 MAJ_0
        234 n167 13 OR_0
        235 n168 7 AND_1
        236 n169 8 OR_0
        237 n170 9 MAJ_0
        238 n171 10 OR_0
        239 n172 11 MAJ_0
        240 n173 12 OR_0
        241 n174 8 AND_0
        242 n175 9 AND_1
        243 n176 10 MAJ_1
        244 n177 11 OR_0
        245 n178 12 MAJ_0
        246 n179 13 OR_0
        247 n180 7 AND_1
        248 n181 8 OR_0
        249 n182 9 MAJ_0
        250 n183 10 OR_0
        251 n184 11 MAJ_0
        252 n185 12 OR_0
        253 n186 8 AND_0
        254 n187 9 AND_1
        255 n188 10 MAJ_1
        256 n189 11 OR_0
        257 n190 12 MAJ_0
        258 n191 13 OR_0
        259 n192 4 AND_1
        260 n193 5 MAJ_1
        261 n194 6 AND_1
        262 n195 7 AND_1
        263 n196 8 AND_1
        264 n197 9 MAJ_1
        265 n198 9 AND_1
        266 n199 10 OR_0
        267 n200 11 MAJ_0
        268 n201 12 OR_0
        269 n202 13 MAJ_0
        270 n203 14 OR_0
        271 n204 9 AND_1
        272 n205 10 OR_0
        273 n206 11 MAJ_0
        274 n207 12 OR_0
        275 n208 13 MAJ_0
        276 n209 14 OR_0
        277 n210 9 AND_0
        278 n211 10 AND_1
        279 n212 11 MAJ_1
        280 n213 12 OR_0
        281 n214 13 MAJ_0
        282 n215 14 OR_0
        283 n216 8 AND_1
        284 n217 9 OR_0
        285 n218 10 MAJ_0
        286 n219 11 OR_0
        287 n220 12 MAJ_0
        288 n221 13 OR_0
        289 n222 6 AND_0
        290 n223 7 AND_1
        291 n224 8 MAJ_1
        292 n225 9 OR_0
        293 n226 10 MAJ_0
        294 n227 11 OR_0
        295 n228 8 AND_1
        296 n229 9 OR_0
        297 n230 10 MAJ_0
        298 n231 11 OR_0
        299 n232 12 MAJ_0
        300 n233 13 OR_0
        301 n234 7 AND_0
        302 n235 8 AND_1
        303 n236 9 MAJ_1
        304 n237 10 OR_0
        305 n238 11 MAJ_0
        306 n239 12 OR_0
        307 n240 9 AND_1
        308 n241 10 OR_0
        309 n242 11 MAJ_0
        310 n243 12 OR_0
        311 n244 13 MAJ_0
        312 n245 14 OR_0
        313 n246 9 AND_1
        314 n247 10 OR_0
        315 n248 11 MAJ_0
        316 n249 12 OR_0
        317 n250 13 MAJ_0
        318 n251 14 OR_0
        319 n252 7 AND_1
        320 n253 8 OR_0
        321 n254 9 MAJ_0
        322 n255 10 OR_0
        323 n256 11 MAJ_0
        324 n257 12 OR_0
        325 n258 4 AND_1
        326 n259 5 OR_0
        327 n260 6 MAJ_1
        328 n261 4 MAJ_1
        329 n262 7 MAJ_1
        330 n263 4 AND_1
        331 n264 4 OR_0
        332 n265 5 MAJ_1
        333 n266 5 MAJ_1
        334 n267 6 MAJ_1
        335 n268 5 AND_1
        336 n269 4 OR_0
        337 n270 5 MAJ_1
        338 n271 5 MAJ_1
        339 n272 6 MAJ_1
        340 n273 9 AND_0
        341 n274 10 AND_1
        342 n275 11 MAJ_1
        343 n276 12 OR_0
        344 n277 13 MAJ_0
        345 n278 14 OR_0
        346 n279 8 AND_0
        347 n280 9 AND_1
        348 n281 10 MAJ_1
        349 n282 11 OR_0
        350 n283 12 MAJ_0
        351 n284 13 OR_0
        352 n285 5 AND_1
        353 n286 4 OR_0
        354 n287 5 MAJ_1
        355 n288 5 MAJ_1
        356 n289 6 MAJ_1
        357 n290 4 AND_1
        358 n291 4 OR_0
        359 n292 5 MAJ_1
        360 n293 5 MAJ_1
        361 n294 6 MAJ_1
        362 n295 8 AND_1
        363 n296 9 OR_0
        364 n297 10 MAJ_0
        365 n298 11 OR_0
        366 n299 12 MAJ_0
        367 n300 13 OR_0
        368 n301 8 AND_0
        369 n302 9 AND_1
        370 n303 10 MAJ_1
        371 n304 11 OR_0
        372 n305 12 MAJ_0
        373 n306 13 OR_0
        374 n307 5 AND_1
        375 n308 5 OR_0
        376 n309 6 MAJ_1
        377 n310 4 MAJ_1
        378 n311 7 MAJ_1
        379 n312 5 AND_1
        380 n313 5 OR_0
        381 n314 6 MAJ_1
        382 n315 4 MAJ_1
        383 n316 7 MAJ_1
        384 n317 9 AND_0
        385 n318 10 AND_1
        386 n319 11 MAJ_1
        387 n320 12 OR_0
        388 n321 13 MAJ_0
        389 n322 14 OR_0
        390 n323 8 AND_1
        391 n324 9 OR_0
        392 n325 10 MAJ_0
        393 n326 11 OR_0
        394 n327 12 MAJ_0
        395 n328 13 OR_0
        396 n329 4 AND_1
        397 n330 4 OR_0
        398 n331 5 MAJ_1
        399 n332 5 MAJ_1
        400 n333 6 MAJ_1
        401 n334 5 AND_1
        402 n335 5 OR_0
        403 n336 6 MAJ_1
        404 n337 4 MAJ_1
        405 n338 7 MAJ_1
        406 n339 9 AND_0
        407 n340 10 AND_1
        408 n341 11 MAJ_1
        409 n342 12 OR_0
        410 n343 13 MAJ_0
        411 n344 14 OR_0
        412 n345 8 AND_1
        413 n346 9 OR_0
        414 n347 10 MAJ_0
        415 n348 11 OR_0
        416 n349 12 MAJ_0
        417 n350 13 OR_0
        418 n351 5 AND_1
        419 n352 5 OR_0
        420 n353 6 MAJ_1
        421 n354 4 MAJ_1
        422 n355 7 MAJ_1
        423 n356 8 AND_1
        424 n357 9 OR_0
        425 n358 10 MAJ_0
        426 n359 11 OR_0
        427 n360 12 MAJ_0
        428 n361 13 OR_0
        429 n362 8 AND_0
        430 n363 9 AND_1
        431 n364 10 MAJ_1
        432 n365 11 OR_0
        433 n366 12 MAJ_0
        434 n367 13 OR_0
        435 n368 4 AND_1
        436 n369 5 OR_0
        437 n370 6 MAJ_1
        438 n371 5 MAJ_1
        439 n372 7 MAJ_1
        440 n373 5 AND_1
        441 n374 5 OR_0
        442 n375 6 MAJ_1
        443 n376 4 MAJ_1
        444 n377 7 MAJ_1
        445 n378 8 AND_0
        446 n379 9 AND_1
        447 n380 10 MAJ_1
        448 n381 11 OR_0
        449 n382 12 MAJ_0
        450 n383 13 OR_0
        451 n384 5 AND_1
        452 n385 4 OR_0
        453 n386 5 MAJ_1
        454 n387 5 MAJ_1
        455 n388 6 MAJ_1
        456 n389 4 AND_1
        457 n390 5 OR_0
        458 n391 6 MAJ_1
        459 n392 5 MAJ_1
        460 n393 7 MAJ_1
        461 n394 8 AND_1
        462 n395 9 OR_0
        463 n396 10 MAJ_0
        464 n397 11 OR_0
        465 n398 12 MAJ_0
        466 n399 13 OR_0
        467 n400 8 AND_0
        468 n401 9 AND_1
        469 n402 10 MAJ_1
        470 n403 11 OR_0
        471 n404 12 MAJ_0
        472 n405 13 OR_0
        473 n406 4 AND_1
        474 n407 4 OR_0
        475 n408 5 MAJ_1
        476 n409 5 MAJ_1
        477 n410 6 MAJ_1
        478 n411 9 AND_1
        479 n412 10 OR_0
        480 n413 11 MAJ_0
        481 n414 12 OR_0
        482 n415 13 MAJ_0
        483 n416 14 OR_0
        484 n417 8 AND_0
        485 n418 9 AND_1
        486 n419 10 MAJ_1
        487 n420 11 OR_0
        488 n421 12 MAJ_0
        489 n422 13 OR_0
        490 n423 4 AND_1
        491 n424 5 OR_0
        492 n425 6 MAJ_1
        493 n426 5 MAJ_1
        494 n427 7 MAJ_1
        495 n428 5 AND_1
        496 n429 5 OR_0
        497 n430 6 MAJ_1
        498 n431 5 MAJ_1
        499 n432 7 MAJ_1
        500 n433 5 AND_1
        501 n434 4 OR_0
        502 n435 5 MAJ_1
        503 n436 5 MAJ_1
        504 n437 6 MAJ_1
        505 n438 5 AND_1
        506 n439 4 OR_0
        507 n440 5 MAJ_1
        508 n441 5 MAJ_1
        509 n442 6 MAJ_1
        510 n443 5 AND_1
        511 n444 5 OR_0
        512 n445 6 MAJ_1
        513 n446 4 MAJ_1
        514 n447 7 MAJ_1
        515 n448 5 AND_1
        516 n449 5 OR_0
        517 n450 6 MAJ_1
        518 n451 5 MAJ_1
        519 n452 7 MAJ_1
        520 n453 5 AND_1
        521 n454 4 OR_0
        522 n455 5 MAJ_1
        523 n456 4 MAJ_1
        524 n457 6 MAJ_1
        525 n458 8 AND_0
        526 n459 9 AND_1
        527 n460 10 MAJ_1
        528 n461 11 OR_0
        529 n462 12 MAJ_0
        530 n463 13 OR_0
        531 n464 5 AND_1
        532 n465 5 OR_0
        533 n466 6 MAJ_1
        534 n467 4 MAJ_1
        535 n468 7 MAJ_1
        536 n469 9 AND_0
        537 n470 10 AND_1
        538 n471 11 MAJ_1
        539 n472 12 OR_0
        540 n473 13 MAJ_0
        541 n474 14 OR_0
        542 n475 4 AND_1
        543 n476 5 OR_0
        544 n477 6 MAJ_1
        545 n478 4 MAJ_1
        546 n479 7 MAJ_1
        547 n480 4 AND_1
        548 n481 4 OR_0
        549 n482 5 MAJ_1
        550 n483 4 MAJ_1
        551 n484 6 MAJ_1
        552 n485 9 AND_1
        553 n486 10 OR_0
        554 n487 11 MAJ_0
        555 n488 12 OR_0
        556 n489 13 MAJ_0
        557 n490 14 OR_0
        558 n491 4 AND_1
        559 n492 5 OR_0
        560 n493 6 MAJ_1
        561 n494 5 MAJ_1
        562 n495 7 MAJ_1
        563 n496 4 AND_1
        564 n497 4 OR_0
        565 n498 5 MAJ_1
        566 n499 5 MAJ_1
        567 n500 6 MAJ_1
        568 n501 4 AND_1
        569 n502 4 OR_0
        570 n503 5 MAJ_1
        571 n504 5 MAJ_1
        572 n505 6 MAJ_1
        573 n506 8 AND_1
        574 n507 9 OR_0
        575 n508 10 MAJ_0
        576 n509 11 OR_0
        577 n510 12 MAJ_0
        578 n511 13 OR_0
        579 n512 8 AND_1
        580 n513 9 OR_0
        581 n514 10 MAJ_0
        582 n515 11 OR_0
        583 n516 12 MAJ_0
        584 n517 13 OR_0
        585 n518 9 AND_1
        586 n519 10 OR_0
        587 n520 11 MAJ_0
        588 n521 12 OR_0
        589 n522 13 MAJ_0
        590 n523 14 OR_0
        591 v1 6 VIR
        592 v10 6 VIR
        593 v100 3 VIR
        594 v101 3 VIR
        595 v102 3 VIR
        596 v103 3 VIR
        597 v104 3 VIR
        598 v105 3 VIR
        599 v106 3 VIR
        600 v107 3 VIR
        601 v108 3 VIR
        602 v109 3 VIR
        603 v11 6 VIR
        604 v110 3 VIR
        605 v111 3 VIR
        606 v112 3 VIR
        607 v113 3 VIR
        608 v114 3 VIR
        609 v115 3 VIR
        610 v116 3 VIR
        611 v117 3 VIR
        612 v118 3 VIR
        613 v119 3 VIR
        614 v12 6 VIR
        615 v120 3 VIR
        616 v121 3 VIR
        617 v122 3 VIR
        618 v123 3 VIR
        619 v124 3 VIR
        620 v125 3 VIR
        621 v126 3 VIR
        622 v127 3 VIR
        623 v128 3 VIR
        624 v129 3 VIR
        625 v13 6 VIR
        626 v130 3 VIR
        627 v131 3 VIR
        628 v132 3 VIR
        629 v133 3 VIR
        630 v134 3 VIR
        631 v135 3 VIR
        632 v136 3 VIR
        633 v137 8 VIR
        634 v138 8 VIR
        635 v139 8 VIR
        636 v14 6 VIR
        637 v140 8 VIR
        638 v141 8 VIR
        639 v142 8 VIR
        640 v143 9 VIR
        641 v144 9 VIR
        642 v145 9 VIR
        643 v146 9 VIR
        644 v147 9 VIR
        645 v148 4 VIR
        646 v149 4 VIR
        647 v15 6 VIR
        648 v150 4 VIR
        649 v151 4 VIR
        650 v152 4 VIR
        651 v153 4 VIR
        652 v154 4 VIR
        653 v155 4 VIR
        654 v156 4 VIR
        655 v157 4 VIR
        656 v158 4 VIR
        657 v159 4 VIR
        658 v16 6 VIR
        659 v160 4 VIR
        660 v161 4 VIR
        661 v162 4 VIR
        662 v163 4 VIR
        663 v164 4 VIR
        664 v165 4 VIR
        665 v166 4 VIR
        666 v167 4 VIR
        667 v168 4 VIR
        668 v169 4 VIR
        669 v17 7 VIR
        670 v170 4 VIR
        671 v171 4 VIR
        672 v172 4 VIR
        673 v173 4 VIR
        674 v174 4 VIR
        675 v18 7 VIR
        676 v19 6 VIR
        677 v2 6 VIR
        678 v20 6 VIR
        679 v21 1 VIR
        680 v22 1 VIR
        681 v23 1 VIR
        682 v24 1 VIR
        683 v25 1 VIR
        684 v26 1 VIR
        685 v27 1 VIR
        686 v28 1 VIR
        687 v29 7 VIR
        688 v3 6 VIR
        689 v30 7 VIR
        690 v31 7 VIR
        691 v32 7 VIR
        692 v33 7 VIR
        693 v34 7 VIR
        694 v35 7 VIR
        695 v36 7 VIR
        696 v37 7 VIR
        697 v38 7 VIR
        698 v39 7 VIR
        699 v4 6 VIR
        700 v40 7 VIR
        701 v41 7 VIR
        702 v42 7 VIR
        703 v43 7 VIR
        704 v44 2 VIR
        705 v45 2 VIR
        706 v46 2 VIR
        707 v47 2 VIR
        708 v48 2 VIR
        709 v49 2 VIR
        710 v5 6 VIR
        711 v50 2 VIR
        712 v51 2 VIR
        713 v52 2 VIR
        714 v53 2 VIR
        715 v54 2 VIR
        716 v55 2 VIR
        717 v56 2 VIR
        718 v57 2 VIR
        719 v58 2 VIR
        720 v59 2 VIR
        721 v6 6 VIR
        722 v60 2 VIR
        723 v61 2 VIR
        724 v62 7 VIR
        725 v63 7 VIR
        726 v64 7 VIR
        727 v65 7 VIR
        728 v66 7 VIR
        729 v67 7 VIR
        730 v68 7 VIR
        731 v69 7 VIR
        732 v7 7 VIR
        733 v70 7 VIR
        734 v71 7 VIR
        735 v72 7 VIR
        736 v73 7 VIR
        737 v74 8 VIR
        738 v75 8 VIR
        739 v76 8 VIR
        740 v77 8 VIR
        741 v78 8 VIR
        742 v79 8 VIR
        743 v8 7 VIR
        744 v80 8 VIR
        745 v81 8 VIR
        746 v82 8 VIR
        747 v83 8 VIR
        748 v84 8 VIR
        749 v85 8 VIR
        750 v86 8 VIR
        751 v87 8 VIR
        752 v88 8 VIR
        753 v89 8 VIR
        754 v9 7 VIR
        755 v90 8 VIR
        756 v91 8 VIR
        757 v92 3 VIR
        758 v93 3 VIR
        759 v94 3 VIR
        760 v95 3 VIR
        761 v96 3 VIR
        762 v97 3 VIR
        763 v98 3 VIR
        764 v99 3 VIR
    ]
    edge:
    [
        11 679
        11 680
        11 681
        5 682
        8 683
        9 684
        9 685
        9 686
        679 704
        679 705
        679 706
        680 707
        680 708
        680 709
        681 711
        681 712
        681 713
        684 714
        684 715
        684 716
        685 717
        685 718
        685 719
        686 720
        686 722
        686 723
        708 593
        708 594
        709 595
        709 596
        711 597
        711 598
        712 599
        712 600
        713 601
        713 602
        714 604
        714 605
        714 606
        715 607
        715 608
        715 609
        716 610
        716 611
        716 612
        717 613
        717 615
        717 616
        718 617
        718 618
        718 619
        719 620
        719 621
        719 622
        720 623
        720 624
        720 626
        722 627
        722 628
        722 629
        723 630
        723 631
        723 632
        704 757
        704 758
        705 759
        705 760
        706 761
        706 762
        707 763
        707 764
        604 206
        704 206
        604 208
        757 208
        683 259
        605 259
        619 325
        72 325
        621 328
        758 328
        72 328
        622 330
        108 330
        606 331
        43 331
        607 336
        59 336
        608 353
        97 353
        631 357
        119 357
        606 358
        86 358
        612 377
        761 377
        35 377
        613 382
        761 382
        134 382
        613 396
        61 396
        607 397
        20 397
        615 404
        763 404
        129 404
        618 421
        763 421
        123 421
        616 435
        118 435
        617 443
        708 443
        103 443
        605 452
        91 452
        618 456
        133 456
        619 473
        128 473
        608 474
        51 474
        620 490
        54 490
        609 501
        98 501
        609 506
        92 506
        624 513
        597 513
        62 513
        610 521
        93 521
        627 523
        712 523
        55 523
        628 534
        599 534
        32 534
        628 542
        23 542
        629 545
        600 545
        23 545
        629 547
        74 547
        610 548
        80 548
        630 550
        600 550
        74 550
        630 558
        38 558
        631 563
        94 563
        611 564
        21 564
        632 568
        63 568
        611 569
        99 569
        604 645
        605 646
        606 648
        607 649
        608 650
        609 651
        610 652
        611 653
        612 654
        613 655
        615 656
        616 657
        617 659
        618 660
        619 661
        620 662
        621 663
        622 664
        623 665
        624 666
        626 667
        627 668
        628 670
        629 671
        630 672
        631 673
        632 674
        5 207
        206 207
        5 209
        208 209
        645 213
        757 213
        682 215
        645 215
        8 219
        206 219
        8 220
        208 220
        683 225
        645 225
        757 260
        65 260
        259 260
        646 326
        13 326
        623 332
        758 332
        331 332
        665 333
        705 333
        108 333
        666 335
        124 335
        626 337
        759 337
        336 337
        667 338
        759 338
        124 338
        668 352
        45 352
        670 354
        759 354
        353 354
        672 355
        760 355
        45 355
        632 359
        760 359
        358 359
        653 360
        760 360
        119 360
        653 374
        35 374
        649 375
        27 375
        654 379
        134 379
        646 380
        44 380
        655 398
        762 398
        397 398
        655 399
        762 399
        61 399
        655 401
        129 401
        646 402
        70 402
        656 418
        123 418
        649 419
        79 419
        649 436
        69 436
        657 438
        764 438
        118 438
        657 440
        103 440
        648 441
        52 441
        659 451
        53 451
        659 453
        593 453
        452 453
        659 454
        593 454
        53 454
        648 457
        58 457
        660 459
        594 459
        133 459
        661 475
        594 475
        474 475
        661 476
        594 476
        128 476
        650 491
        14 491
        662 493
        595 493
        54 493
        662 495
        16 495
        650 496
        40 496
        663 498
        595 498
        16 498
        663 500
        46 500
        622 502
        596 502
        501 502
        664 503
        596 503
        46 503
        664 505
        73 505
        623 507
        711 507
        506 507
        665 508
        597 508
        73 508
        665 510
        62 510
        651 511
        85 511
        666 515
        41 515
        651 516
        31 516
        671 518
        598 518
        41 518
        667 520
        55 520
        627 522
        598 522
        521 522
        668 531
        32 531
        652 532
        29 532
        652 543
        37 543
        671 549
        600 549
        548 549
        652 559
        34 559
        672 561
        601 561
        38 561
        673 565
        601 565
        564 565
        673 566
        601 566
        94 566
        674 570
        602 570
        569 570
        674 571
        602 571
        63 571
        682 214
        213 214
        89 221
        220 221
        683 224
        213 224
        259 261
        260 261
        116 289
        219 289
        620 327
        758 327
        326 327
        330 334
        332 334
        333 334
        335 339
        337 339
        338 339
        352 356
        354 356
        355 356
        357 361
        359 361
        360 361
        612 376
        706 376
        375 376
        654 381
        761 381
        380 381
        396 400
        398 400
        399 400
        615 403
        707 403
        402 403
        656 420
        763 420
        419 420
        616 437
        764 437
        436 437
        617 442
        764 442
        441 442
        451 455
        453 455
        454 455
        660 458
        593 458
        457 458
        473 477
        475 477
        476 477
        662 492
        709 492
        491 492
        621 497
        595 497
        496 497
        500 504
        502 504
        503 504
        505 509
        507 509
        508 509
        624 512
        597 512
        511 512
        626 517
        598 517
        516 517
        520 524
        522 524
        523 524
        668 533
        599 533
        532 533
        670 544
        599 544
        543 544
        547 551
        549 551
        550 551
        672 560
        713 560
        559 560
        563 567
        565 567
        566 567
        568 572
        570 572
        571 572
        207 591
        215 592
        215 603
        215 614
        219 625
        219 636
        220 647
        220 658
        225 676
        207 677
        225 678
        207 688
        209 699
        209 710
        209 721
        2 222
        221 222
        90 235
        647 235
        84 247
        647 247
        68 262
        658 262
        26 290
        289 290
        113 301
        625 301
        83 319
        647 319
        325 329
        327 329
        328 329
        374 378
        376 378
        377 378
        379 383
        381 383
        382 383
        401 405
        403 405
        404 405
        418 422
        420 422
        421 422
        435 439
        437 439
        438 439
        440 444
        442 444
        443 444
        456 460
        458 460
        459 460
        490 494
        492 494
        493 494
        495 499
        497 499
        498 499
        510 514
        512 514
        513 514
        515 519
        517 519
        518 519
        531 535
        533 535
        534 535
        542 546
        544 546
        545 546
        558 562
        560 562
        561 562
        224 669
        224 675
        591 687
        591 689
        591 690
        592 691
        592 692
        592 693
        603 694
        603 695
        603 696
        614 697
        614 698
        614 700
        677 701
        677 702
        677 703
        688 724
        688 725
        688 726
        699 727
        699 728
        699 729
        710 730
        710 731
        214 732
        710 733
        721 734
        721 735
        721 736
        214 743
        214 754
        127 210
        727 210
        625 223
        221 223
        222 223
        122 229
        727 229
        49 236
        235 236
        136 241
        687 241
        76 248
        247 248
        130 253
        687 253
        669 263
        262 263
        77 283
        728 283
        658 291
        289 291
        290 291
        138 295
        728 295
        19 302
        301 302
        1 320
        319 320
        112 346
        689 346
        104 362
        729 362
        115 368
        689 368
        57 390
        729 390
        50 412
        729 412
        47 423
        730 423
        126 429
        690 429
        121 445
        690 445
        135 461
        730 461
        137 467
        690 467
        131 484
        701 484
        106 525
        701 525
        111 573
        731 573
        81 579
        731 579
        724 633
        727 634
        728 635
        730 637
        731 638
        734 639
        732 737
        732 738
        732 739
        743 740
        743 741
        743 742
        754 744
        754 745
        754 746
        687 747
        689 748
        691 749
        692 750
        694 751
        695 752
        697 753
        701 755
        702 756
        125 211
        210 211
        223 226
        225 226
        120 230
        229 230
        625 237
        235 237
        236 237
        117 242
        241 242
        636 249
        247 249
        248 249
        114 254
        253 254
        68 264
        261 264
        263 264
        101 265
        634 265
        66 271
        634 271
        64 277
        747 277
        24 284
        283 284
        676 292
        291 292
        6 296
        295 296
        658 303
        301 303
        302 303
        95 307
        635 307
        132 313
        635 313
        636 321
        319 321
        320 321
        56 340
        747 340
        10 347
        346 347
        71 363
        362 363
        12 369
        368 369
        75 384
        748 384
        7 391
        390 391
        48 406
        748 406
        4 413
        412 413
        22 424
        423 424
        78 430
        429 430
        67 446
        445 446
        60 462
        461 462
        88 468
        467 468
        100 478
        637 478
        82 485
        484 485
        96 526
        525 526
        110 536
        755 536
        107 552
        637 552
        109 574
        573 574
        39 580
        579 580
        87 585
        638 585
        737 640
        738 641
        740 642
        741 643
        744 644
        755 212
        210 212
        211 212
        89 227
        224 227
        226 227
        702 231
        229 231
        230 231
        676 238
        237 238
        638 243
        241 243
        242 243
        676 250
        249 250
        733 255
        253 255
        254 255
        36 266
        265 266
        17 272
        271 272
        18 278
        277 278
        756 285
        283 285
        284 285
        26 293
        675 293
        292 293
        703 297
        295 297
        296 297
        678 304
        303 304
        33 308
        307 308
        3 314
        313 314
        678 322
        321 322
        30 341
        340 341
        734 348
        346 348
        347 348
        724 364
        362 364
        363 364
        734 370
        368 370
        369 370
        25 385
        384 385
        724 392
        390 392
        391 392
        28 407
        406 407
        633 414
        412 414
        413 414
        633 425
        423 425
        424 425
        735 431
        429 431
        430 431
        735 447
        445 447
        446 447
        725 463
        461 463
        462 463
        735 469
        467 469
        468 469
        15 479
        478 479
        736 486
        484 486
        485 486
        736 527
        525 527
        526 527
        102 537
        536 537
        105 553
        552 553
        726 575
        573 575
        574 575
        726 581
        579 581
        580 581
        42 586
        585 586
        212 216
        691 216
        226 228
        227 228
        691 232
        231 232
        90 239
        669 239
        238 239
        749 244
        243 244
        84 251
        669 251
        250 251
        749 256
        255 256
        702 267
        265 267
        266 267
        756 273
        271 273
        272 273
        733 279
        277 279
        278 279
        750 286
        285 286
        292 294
        293 294
        693 298
        297 298
        19 305
        675 305
        304 305
        703 309
        307 309
        308 309
        703 315
        313 315
        314 315
        83 323
        675 323
        322 323
        733 342
        340 342
        341 342
        694 349
        348 349
        751 365
        364 365
        751 371
        370 371
        639 386
        384 386
        385 386
        695 393
        392 393
        639 408
        406 408
        407 408
        752 415
        414 415
        696 426
        425 426
        696 432
        431 432
        696 448
        447 448
        697 464
        463 464
        697 470
        469 470
        725 480
        478 480
        479 480
        753 487
        486 487
        698 528
        527 528
        736 538
        536 538
        537 538
        725 554
        552 554
        553 554
        700 576
        575 576
        700 582
        581 582
        726 587
        585 587
        586 587
        127 217
        737 217
        216 217
        122 233
        737 233
        232 233
        238 240
        239 240
        117 245
        640 245
        244 245
        250 252
        251 252
        114 257
        640 257
        256 257
        692 268
        267 268
        692 274
        273 274
        750 280
        279 280
        77 287
        641 287
        286 287
        138 299
        739 299
        298 299
        304 306
        305 306
        693 310
        309 310
        693 316
        315 316
        322 324
        323 324
        694 343
        342 343
        10 350
        740 350
        349 350
        104 366
        642 366
        365 366
        12 372
        642 372
        371 372
        695 387
        386 387
        57 394
        741 394
        393 394
        752 409
        408 409
        50 416
        643 416
        415 416
        47 427
        742 427
        426 427
        78 433
        742 433
        432 433
        67 449
        742 449
        448 449
        135 465
        744 465
        464 465
        88 471
        744 471
        470 471
        753 481
        480 481
        82 488
        644 488
        487 488
        96 529
        745 529
        528 529
        698 539
        538 539
        698 555
        554 555
        111 577
        746 577
        576 577
        81 583
        746 583
        582 583
        700 588
        587 588
        216 218
        217 218
        232 234
        233 234
        244 246
        245 246
        256 258
        257 258
        101 269
        738 269
        268 269
        66 275
        738 275
        274 275
        18 281
        641 281
        280 281
        286 288
        287 288
        298 300
        299 300
        95 311
        739 311
        310 311
        132 317
        739 317
        316 317
        30 344
        740 344
        343 344
        349 351
        350 351
        365 367
        366 367
        371 373
        372 373
        25 388
        741 388
        387 388
        393 395
        394 395
        28 410
        643 410
        409 410
        415 417
        416 417
        426 428
        427 428
        432 434
        433 434
        448 450
        449 450
        464 466
        465 466
        470 472
        471 472
        100 482
        644 482
        481 482
        487 489
        488 489
        528 530
        529 530
        102 540
        745 540
        539 540
        107 556
        745 556
        555 556
        576 578
        577 578
        582 584
        583 584
        87 589
        746 589
        588 589
        268 270
        269 270
        274 276
        275 276
        280 282
        281 282
        310 312
        311 312
        316 318
        317 318
        343 345
        344 345
        387 389
        388 389
        409 411
        410 411
        481 483
        482 483
        539 541
        540 541
        555 557
        556 557
        588 590
        589 590
        218 139
        228 140
        234 141
        240 142
        246 143
        252 144
        258 145
        264 146
        270 147
        276 148
        282 149
        288 150
        294 151
        300 152
        306 153
        312 154
        318 155
        324 156
        329 157
        334 158
        339 159
        345 160
        351 161
        356 162
        361 163
        367 164
        373 165
        378 166
        383 167
        389 168
        395 169
        400 170
        405 171
        411 172
        417 173
        422 174
        428 175
        434 176
        439 177
        444 178
        450 179
        455 180
        460 181
        466 182
        472 183
        477 184
        483 185
        489 186
        494 187
        499 188
        504 189
        509 190
        514 191
        519 192
        524 193
        530 194
        535 195
        541 196
        546 197
        551 198
        557 199
        562 200
        567 201
        572 202
        578 203
        584 204
        590 205
    ]
]
