circuit_name:lalnew_processed
[
    node:
    [
        1 x0 0 PI
        2 x1 0 PI
        3 x2 0 PI
        4 x3 0 PI
        5 x4 0 PI
        6 x5 0 PI
        7 x6 0 PI
        8 x7 0 PI
        9 x8 0 PI
        10 x9 0 PI
        11 x10 0 PI
        12 x11 0 PI
        13 x12 0 PI
        14 x13 0 PI
        15 x14 0 PI
        16 x15 0 PI
        17 x16 0 PI
        18 x17 0 PI
        19 x18 0 PI
        20 x19 0 PI
        21 x20 0 PI
        22 x21 0 PI
        23 x22 0 PI
        24 x23 0 PI
        25 x24 0 PI
        26 x25 0 PI
        27 y0 2 PO_0
        28 y1 9 PO_1
        29 y2 1 PO_0
        30 y3 9 PO_1
        31 y4 13 PO_0
        32 y5 3 PO_1
        33 y6 3 PO_0
        34 y7 3 PO_1
        35 y8 9 PO_0
        36 y9 6 PO_0
        37 y10 6 PO_1
        38 y11 7 PO_0
        39 y12 7 PO_0
        40 y13 11 PO_0
        41 y14 10 PO_0
        42 y15 11 PO_0
        43 y16 12 PO_0
        44 y17 12 PO_0
        45 y18 12 PO_0
        46 n100 8 MAJ_1
        47 n101 9 OR_0
        48 n102 5 AND_1
        49 n103 3 AND_1
        50 n104 6 MAJ_1
        51 n105 7 OR_0
        52 n106 2 OR_0
        53 n107 3 AND_1
        54 n108 4 AND_0
        55 n109 5 AND_0
        56 n110 8 OR_0
        57 n111 9 MAJ_1
        58 n112 10 OR_0
        59 n113 6 AND_1
        60 n114 3 AND_1
        61 n115 7 MAJ_1
        62 n116 8 OR_0
        63 n117 2 OR_0
        64 n118 3 OR_0
        65 n119 4 MAJ_1
        66 n120 5 AND_1
        67 n121 9 OR_0
        68 n122 10 MAJ_1
        69 n123 11 OR_0
        70 n124 6 AND_1
        71 n125 3 AND_1
        72 n126 7 MAJ_1
        73 n127 8 OR_0
        74 n128 2 OR_0
        75 n129 3 OR_0
        76 n130 2 AND_1
        77 n131 4 MAJ_1
        78 n132 5 AND_1
        79 n133 9 OR_0
        80 n134 10 MAJ_1
        81 n135 11 OR_0
        82 n136 6 AND_1
        83 n137 2 AND_1
        84 n138 7 MAJ_1
        85 n139 4 MAJ_1
        86 n140 5 AND_1
        87 n141 6 AND_0
        88 n142 2 AND_1
        89 n143 7 MAJ_1
        90 n144 8 OR_0
        91 n145 9 MAJ_0
        92 n146 10 OR_0
        93 n147 11 OR_0
        94 n27 1 AND_1
        95 n28 2 OR_0
        96 n29 2 AND_1
        97 n30 3 MAJ_1
        98 n31 2 AND_0
        99 n32 4 AND_1
        100 n33 5 MAJ_1
        101 n34 3 AND_1
        102 n35 4 MAJ_1
        103 n36 5 AND_1
        104 n37 2 AND_1
        105 n38 3 MAJ_1
        106 n39 4 AND_1
        107 n40 6 OR_0
        108 n41 7 AND_0
        109 n42 8 MAJ_0
        110 n43 4 MAJ_1
        111 n44 5 AND_1
        112 n45 6 OR_0
        113 n46 7 MAJ_0
        114 n47 8 OR_0
        115 n48 1 AND_1
        116 n49 2 AND_1
        117 n50 3 MAJ_1
        118 n51 1 AND_1
        119 n52 4 OR_0
        120 n53 1 AND_1
        121 n54 2 OR_0
        122 n55 3 MAJ_1
        123 n56 5 OR_0
        124 n57 6 MAJ_1
        125 n58 7 OR_0
        126 n59 8 OR_0
        127 n60 9 MAJ_1
        128 n61 10 OR_0
        129 n62 8 AND_1
        130 n63 9 MAJ_1
        131 n64 10 AND_0
        132 n65 11 AND_1
        133 n66 12 AND_1
        134 n67 2 OR_0
        135 n68 2 AND_1
        136 n69 2 AND_1
        137 n70 3 AND_1
        138 n71 4 MAJ_1
        139 n72 5 AND_1
        140 n73 2 OR_0
        141 n74 3 MAJ_0
        142 n75 4 OR_0
        143 n76 5 OR_0
        144 n77 2 AND_1
        145 n78 5 MAJ_1
        146 n79 6 MAJ_1
        147 n80 2 AND_0
        148 n81 4 OR_0
        149 n82 5 MAJ_0
        150 n83 6 AND_1
        151 n84 2 AND_0
        152 n85 3 AND_0
        153 n86 3 MAJ_1
        154 n87 4 AND_1
        155 n88 5 OR_0
        156 n89 6 MAJ_0
        157 n90 7 OR_0
        158 n91 8 OR_0
        159 n92 9 MAJ_1
        160 n93 10 OR_0
        161 n94 4 AND_1
        162 n95 2 AND_1
        163 n96 5 MAJ_1
        164 n97 2 AND_0
        165 n98 6 OR_0
        166 n99 7 OR_0
        167 v1 3 VIR
        168 v10 1 VIR
        169 v11 1 VIR
        170 v12 1 VIR
        171 v13 1 VIR
        172 v14 1 VIR
        173 v15 1 VIR
        174 v16 1 VIR
        175 v17 1 VIR
        176 v18 1 VIR
        177 v19 1 VIR
        178 v2 3 VIR
        179 v20 1 VIR
        180 v21 1 VIR
        181 v22 1 VIR
        182 v23 1 VIR
        183 v24 1 VIR
        184 v25 1 VIR
        185 v26 1 VIR
        186 v27 1 VIR
        187 v28 1 VIR
        188 v29 1 VIR
        189 v3 3 VIR
        190 v30 1 VIR
        191 v31 1 VIR
        192 v32 1 VIR
        193 v33 1 VIR
        194 v34 1 VIR
        195 v35 2 VIR
        196 v36 2 VIR
        197 v37 2 VIR
        198 v38 2 VIR
        199 v4 1 VIR
        200 v5 1 VIR
        201 v6 1 VIR
        202 v7 1 VIR
        203 v8 1 VIR
        204 v9 1 VIR
    ]
    edge:
    [
        4 94
        21 94
        16 115
        25 115
        14 118
        23 118
        16 120
        25 120
        17 168
        17 169
        18 170
        18 171
        20 172
        20 173
        20 174
        3 175
        3 176
        3 177
        21 179
        5 180
        5 181
        5 182
        6 183
        6 184
        7 185
        7 186
        8 187
        8 188
        8 190
        9 191
        9 192
        10 193
        10 194
        2 199
        2 200
        11 201
        11 202
        12 203
        12 204
        187 52
        9 52
        191 63
        10 63
        193 74
        11 74
        180 76
        187 76
        176 83
        203 83
        199 88
        181 88
        180 95
        183 95
        186 96
        188 96
        191 98
        193 98
        203 104
        172 104
        15 116
        115 116
        15 121
        120 121
        179 134
        26 134
        1 135
        179 135
        19 136
        179 136
        176 140
        172 140
        182 144
        184 144
        180 147
        6 147
        183 151
        7 151
        175 162
        190 162
        168 164
        170 164
        172 195
        175 196
        176 197
        177 198
        196 49
        192 49
        185 53
        52 53
        196 60
        194 60
        187 64
        63 64
        196 71
        201 71
        191 75
        74 75
        188 97
        95 97
        96 97
        199 101
        195 101
        168 105
        170 105
        104 105
        24 117
        115 117
        116 117
        24 122
        120 122
        121 122
        198 137
        169 137
        168 141
        170 141
        140 141
        181 152
        151 152
        185 153
        188 153
        147 153
        147 167
        147 178
        164 189
        183 54
        53 54
        185 65
        167 65
        64 65
        151 77
        75 77
        76 77
        12 85
        53 85
        74 85
        201 99
        97 99
        169 102
        171 102
        101 102
        104 106
        105 106
        204 110
        97 110
        98 110
        117 119
        118 119
        171 138
        174 138
        137 138
        140 142
        141 142
        186 148
        178 148
        167 154
        153 154
        192 161
        152 161
        193 48
        154 48
        181 55
        54 55
        167 66
        65 66
        76 78
        77 78
        74 86
        85 86
        202 100
        98 100
        99 100
        101 103
        102 103
        98 111
        110 111
        119 123
        122 123
        137 139
        138 139
        182 143
        142 143
        184 145
        142 145
        144 145
        186 149
        142 149
        178 149
        175 155
        154 155
        197 163
        161 163
        162 163
        197 50
        48 50
        49 50
        201 59
        55 59
        203 70
        66 70
        2 82
        78 82
        184 87
        86 87
        200 107
        100 107
        200 112
        111 112
        13 124
        22 124
        123 124
        182 146
        144 146
        145 146
        148 150
        149 150
        17 156
        18 156
        155 156
        163 165
        164 165
        164 51
        50 51
        177 61
        59 61
        60 61
        177 72
        70 72
        71 72
        198 84
        82 84
        83 84
        199 89
        87 89
        88 89
        106 108
        107 108
        202 113
        204 113
        112 113
        123 125
        124 125
        155 157
        156 157
        173 166
        165 166
        192 46
        154 46
        166 46
        173 56
        51 56
        189 62
        61 62
        189 73
        72 73
        84 90
        89 90
        103 109
        107 109
        108 109
        112 114
        113 114
        13 126
        125 126
        22 129
        125 129
        195 158
        157 158
        166 47
        46 47
        194 57
        55 57
        56 57
        173 67
        62 67
        174 79
        73 79
        169 91
        171 91
        90 91
        14 127
        23 127
        126 127
        14 130
        23 130
        129 130
        190 159
        152 159
        158 159
        56 58
        57 58
        202 68
        66 68
        67 68
        204 80
        78 80
        79 80
        90 92
        91 92
        126 128
        127 128
        129 131
        130 131
        158 160
        159 160
        67 69
        68 69
        79 81
        80 81
        174 93
        92 93
        128 132
        131 132
        21 133
        132 133
        94 27
        109 28
        4 29
        114 30
        133 31
        134 32
        135 33
        136 34
        114 35
        139 36
        143 37
        146 38
        150 39
        160 40
        47 41
        58 42
        69 43
        81 44
        93 45
    ]
]
