circuit_name:paritynew_processed
[
    node:
    [
        1 x0 0 PI
        2 x1 0 PI
        3 x2 0 PI
        4 x3 0 PI
        5 x4 0 PI
        6 x5 0 PI
        7 x6 0 PI
        8 x7 0 PI
        9 x8 0 PI
        10 x9 0 PI
        11 x10 0 PI
        12 x11 0 PI
        13 x12 0 PI
        14 x13 0 PI
        15 x14 0 PI
        16 x15 0 PI
        17 y0 11 PO_0
        18 n17 1 AND_1
        19 n18 2 MAJ_1
        20 n19 3 OR_0
        21 n20 4 MAJ_1
        22 n21 4 MAJ_1
        23 n22 5 MAJ_1
        24 n23 1 AND_1
        25 n24 2 MAJ_1
        26 n25 3 OR_0
        27 n26 4 MAJ_1
        28 n27 4 MAJ_1
        29 n28 5 MAJ_1
        30 n29 1 AND_1
        31 n30 2 MAJ_1
        32 n31 3 OR_0
        33 n32 4 MAJ_1
        34 n33 4 MAJ_1
        35 n34 5 MAJ_1
        36 n35 1 AND_1
        37 n36 2 MAJ_1
        38 n37 3 OR_0
        39 n38 4 MAJ_1
        40 n39 4 MAJ_1
        41 n40 5 MAJ_1
        42 n41 6 AND_1
        43 n42 7 MAJ_1
        44 n43 8 OR_0
        45 n44 9 MAJ_1
        46 n45 9 MAJ_1
        47 n46 10 MAJ_1
    ]
    edge:
    [
        13 18
        15 18
        9 24
        11 24
        5 30
        7 30
        1 36
        3 36
        13 19
        15 19
        18 19
        9 25
        11 25
        24 25
        5 31
        7 31
        30 31
        1 37
        3 37
        36 37
        18 20
        19 20
        24 26
        25 26
        30 32
        31 32
        36 38
        37 38
        14 21
        16 21
        20 21
        14 22
        16 22
        20 22
        10 27
        12 27
        26 27
        10 28
        12 28
        26 28
        6 33
        8 33
        32 33
        6 34
        8 34
        32 34
        2 39
        4 39
        38 39
        2 40
        4 40
        38 40
        20 23
        21 23
        22 23
        26 29
        27 29
        28 29
        32 35
        33 35
        34 35
        38 41
        39 41
        40 41
        23 42
        35 42
        23 43
        35 43
        42 43
        42 44
        43 44
        29 45
        41 45
        44 45
        29 46
        41 46
        44 46
        44 47
        45 47
        46 47
        47 17
    ]
]
