circuit_name:pclenew_processed
[
    node:
    [
        1 x0 0 PI
        2 x1 0 PI
        3 x2 0 PI
        4 x3 0 PI
        5 x4 0 PI
        6 x5 0 PI
        7 x6 0 PI
        8 x7 0 PI
        9 x8 0 PI
        10 x9 0 PI
        11 x10 0 PI
        12 x11 0 PI
        13 x12 0 PI
        14 x13 0 PI
        15 x14 0 PI
        16 x15 0 PI
        17 x16 0 PI
        18 x17 0 PI
        19 x18 0 PI
        20 y0 8 PO_0
        21 y1 8 PO_0
        22 y2 8 PO_0
        23 y3 6 PO_0
        24 y4 6 PO_0
        25 y5 7 PO_0
        26 y6 6 PO_0
        27 y7 7 PO_0
        28 y8 9 PO_0
        29 n20 2 AND_0
        30 n21 1 AND_1
        31 n22 2 AND_1
        32 n23 1 AND_0
        33 n24 2 MAJ_1
        34 n25 3 AND_0
        35 n26 4 AND_0
        36 n27 5 AND_0
        37 n28 6 MAJ_0
        38 n29 6 AND_0
        39 n30 7 MAJ_1
        40 n31 2 AND_0
        41 n32 1 AND_0
        42 n33 4 MAJ_1
        43 n34 5 AND_0
        44 n35 6 MAJ_1
        45 n36 6 OR_0
        46 n37 7 MAJ_1
        47 n38 6 AND_0
        48 n39 7 AND_0
        49 n40 2 AND_0
        50 n41 4 OR_0
        51 n42 5 MAJ_1
        52 n43 2 AND_0
        53 n44 4 MAJ_1
        54 n45 2 OR_0
        55 n46 5 MAJ_1
        56 n47 3 OR_0
        57 n48 4 MAJ_1
        58 n49 5 AND_1
        59 n50 2 AND_0
        60 n51 6 OR_0
        61 n52 1 AND_0
        62 n53 2 AND_0
        63 n54 2 AND_0
        64 n55 4 MAJ_1
        65 n56 3 OR_0
        66 n57 5 MAJ_1
        67 n58 2 AND_0
        68 n59 5 MAJ_1
        69 n60 5 OR_0
        70 n61 6 MAJ_1
        71 n62 5 AND_0
        72 n63 6 OR_0
        73 n64 6 MAJ_1
        74 n65 7 AND_1
        75 n66 2 AND_0
        76 n67 8 OR_0
        77 v1 3 VIR
        78 v10 1 VIR
        79 v11 1 VIR
        80 v12 1 VIR
        81 v13 1 VIR
        82 v2 3 VIR
        83 v3 3 VIR
        84 v4 2 VIR
        85 v5 4 VIR
        86 v6 1 VIR
        87 v7 1 VIR
        88 v8 1 VIR
        89 v9 1 VIR
    ]
    edge:
    [
        14 30
        15 30
        16 32
        17 32
        1 41
        2 41
        17 61
        18 61
        13 78
        16 79
        17 80
        18 81
        1 86
        2 87
        13 88
        13 89
        11 29
        88 29
        88 31
        30 31
        18 33
        19 33
        32 33
        12 40
        89 40
        5 49
        88 49
        6 52
        89 52
        79 54
        80 54
        7 59
        89 59
        16 62
        61 62
        8 63
        78 63
        9 67
        78 67
        10 75
        78 75
        32 84
        32 34
        33 34
        81 56
        84 56
        19 65
        62 65
        31 77
        31 82
        31 83
        2 35
        34 35
        3 42
        34 42
        41 42
        82 50
        49 50
        79 53
        80 53
        83 53
        81 57
        77 57
        84 57
        19 64
        83 64
        62 64
        34 85
        86 36
        35 36
        41 43
        42 43
        79 51
        49 51
        50 51
        52 55
        53 55
        54 55
        56 58
        57 58
        63 66
        64 66
        65 66
        86 68
        83 68
        85 68
        86 69
        85 69
        1 71
        85 71
        3 37
        77 37
        36 37
        3 38
        36 38
        4 44
        82 44
        43 44
        4 45
        43 45
        82 47
        43 47
        58 60
        59 60
        67 70
        68 70
        69 70
        87 72
        71 72
        87 73
        77 73
        71 73
        29 39
        37 39
        38 39
        40 46
        44 46
        45 46
        4 48
        47 48
        72 74
        73 74
        74 76
        75 76
        39 20
        46 21
        48 22
        51 23
        55 24
        60 25
        66 26
        70 27
        76 28
    ]
]
