circuit_name:pcler8new_processed
[
    node:
    [
        1 x0 0 PI
        2 x1 0 PI
        3 x2 0 PI
        4 x3 0 PI
        5 x4 0 PI
        6 x5 0 PI
        7 x6 0 PI
        8 x7 0 PI
        9 x8 0 PI
        10 x9 0 PI
        11 x10 0 PI
        12 x11 0 PI
        13 x12 0 PI
        14 x13 0 PI
        15 x14 0 PI
        16 x15 0 PI
        17 x16 0 PI
        18 x17 0 PI
        19 x18 0 PI
        20 x19 0 PI
        21 x20 0 PI
        22 x21 0 PI
        23 x22 0 PI
        24 x23 0 PI
        25 x24 0 PI
        26 x25 0 PI
        27 x26 0 PI
        28 y0 9 PO_0
        29 y1 3 PO_0
        30 y2 3 PO_0
        31 y3 4 PO_0
        32 y4 4 PO_0
        33 y5 3 PO_0
        34 y6 3 PO_0
        35 y7 3 PO_0
        36 y8 3 PO_0
        37 y9 13 PO_0
        38 y10 11 PO_0
        39 y11 11 PO_0
        40 y12 11 PO_0
        41 y13 11 PO_0
        42 y14 11 PO_0
        43 y15 12 PO_0
        44 y16 11 PO_0
        45 n100 7 AND_1
        46 n101 8 AND_0
        47 n102 9 OR_0
        48 n103 10 MAJ_0
        49 n104 11 OR_0
        50 n105 7 AND_1
        51 n106 5 AND_0
        52 n107 6 MAJ_1
        53 n108 7 AND_0
        54 n109 8 OR_0
        55 n110 9 MAJ_0
        56 n111 10 OR_0
        57 n28 1 AND_0
        58 n29 2 MAJ_1
        59 n30 3 AND_0
        60 n31 1 AND_0
        61 n32 4 MAJ_1
        62 n33 5 AND_0
        63 n34 1 AND_1
        64 n35 2 AND_1
        65 n36 6 AND_0
        66 n37 7 AND_0
        67 n38 2 AND_0
        68 n39 2 AND_0
        69 n40 3 AND_0
        70 n41 3 AND_0
        71 n42 2 AND_0
        72 n43 2 AND_0
        73 n44 2 AND_0
        74 n45 2 AND_0
        75 n46 9 AND_0
        76 n47 10 AND_1
        77 n48 11 MAJ_1
        78 n49 12 OR_0
        79 n50 2 AND_1
        80 n51 5 OR_0
        81 n52 6 MAJ_0
        82 n53 4 AND_1
        83 n54 5 AND_0
        84 n55 7 OR_0
        85 n56 9 MAJ_0
        86 n57 10 OR_0
        87 n58 2 AND_1
        88 n59 4 OR_0
        89 n60 5 MAJ_0
        90 n61 4 AND_0
        91 n62 5 MAJ_1
        92 n63 6 AND_1
        93 n64 7 OR_0
        94 n65 9 MAJ_0
        95 n66 10 OR_0
        96 n67 1 AND_0
        97 n68 2 AND_0
        98 n69 3 AND_1
        99 n70 5 OR_0
        100 n71 6 MAJ_0
        101 n72 5 AND_1
        102 n73 6 AND_0
        103 n74 7 OR_0
        104 n75 9 MAJ_0
        105 n76 10 OR_0
        106 n77 5 AND_1
        107 n78 5 OR_0
        108 n79 6 MAJ_0
        109 n80 5 AND_1
        110 n81 6 AND_0
        111 n82 7 OR_0
        112 n83 9 MAJ_0
        113 n84 10 OR_0
        114 n85 5 AND_0
        115 n86 6 AND_1
        116 n87 4 OR_0
        117 n88 7 MAJ_0
        118 n89 5 AND_0
        119 n90 6 MAJ_1
        120 n91 7 AND_1
        121 n92 8 OR_0
        122 n93 9 MAJ_0
        123 n94 10 OR_0
        124 n95 5 AND_0
        125 n96 6 AND_0
        126 n97 7 AND_1
        127 n98 5 OR_0
        128 n99 8 MAJ_0
        129 v1 4 VIR
        130 v10 1 VIR
        131 v11 1 VIR
        132 v12 1 VIR
        133 v13 1 VIR
        134 v14 1 VIR
        135 v15 1 VIR
        136 v16 1 VIR
        137 v17 1 VIR
        138 v18 1 VIR
        139 v19 2 VIR
        140 v2 4 VIR
        141 v20 4 VIR
        142 v21 4 VIR
        143 v22 4 VIR
        144 v3 3 VIR
        145 v4 3 VIR
        146 v5 3 VIR
        147 v6 8 VIR
        148 v7 8 VIR
        149 v8 8 VIR
        150 v9 1 VIR
    ]
    edge:
    [
        6 57
        7 57
        10 60
        11 60
        22 63
        23 63
        7 96
        8 96
        21 130
        21 131
        21 132
        6 133
        6 134
        7 135
        8 136
        10 137
        10 138
        11 150
        8 58
        9 58
        57 58
        130 64
        63 64
        13 67
        132 67
        14 68
        130 68
        17 71
        131 71
        18 72
        131 72
        19 73
        131 73
        20 74
        132 74
        133 79
        135 79
        136 87
        57 87
        133 97
        96 97
        130 139
        57 59
        58 59
        15 69
        139 69
        16 70
        139 70
        9 98
        97 98
        64 144
        64 145
        64 146
        12 61
        59 61
        60 61
        135 82
        145 82
        145 88
        69 88
        136 90
        144 90
        146 116
        72 116
        59 129
        59 140
        144 141
        145 142
        146 143
        2 51
        141 51
        60 62
        61 62
        141 80
        68 80
        134 83
        82 83
        69 89
        87 89
        88 89
        133 91
        135 91
        90 91
        142 99
        70 99
        142 101
        97 101
        137 106
        129 106
        142 107
        71 107
        140 109
        146 109
        137 114
        129 114
        150 118
        141 118
        11 124
        129 124
        143 127
        73 127
        5 52
        62 52
        51 52
        62 65
        144 65
        68 81
        79 81
        80 81
        90 92
        91 92
        70 100
        98 100
        99 100
        9 102
        101 102
        71 108
        106 108
        107 108
        138 110
        109 110
        150 115
        114 115
        138 119
        140 119
        118 119
        137 125
        124 125
        143 45
        125 45
        2 50
        65 50
        51 53
        52 53
        2 66
        65 66
        81 84
        83 84
        89 93
        92 93
        100 103
        102 103
        108 111
        110 111
        72 117
        115 117
        116 117
        118 120
        119 120
        12 126
        125 126
        12 46
        45 46
        50 54
        53 54
        117 121
        120 121
        73 128
        126 128
        127 128
        66 147
        66 148
        66 149
        128 47
        46 47
        20 55
        132 55
        54 55
        24 75
        147 75
        25 85
        147 85
        84 85
        26 94
        147 94
        93 94
        27 104
        148 104
        103 104
        1 112
        148 112
        111 112
        3 122
        148 122
        121 122
        4 48
        149 48
        47 48
        54 56
        55 56
        134 76
        75 76
        84 86
        85 86
        93 95
        94 95
        103 105
        104 105
        111 113
        112 113
        121 123
        122 123
        47 49
        48 49
        143 77
        75 77
        76 77
        67 78
        77 78
        149 28
        67 29
        68 30
        69 31
        70 32
        71 33
        72 34
        73 35
        74 36
        78 37
        86 38
        95 39
        105 40
        113 41
        123 42
        49 43
        56 44
    ]
]
