circuit_name:pm1new_processed
[
    node:
    [
        1 x0 0 PI
        2 x1 0 PI
        3 x2 0 PI
        4 x3 0 PI
        5 x4 0 PI
        6 x5 0 PI
        7 x6 0 PI
        8 x7 0 PI
        9 x8 0 PI
        10 x9 0 PI
        11 x10 0 PI
        12 x11 0 PI
        13 x12 0 PI
        14 x13 0 PI
        15 x14 0 PI
        16 x15 0 PI
        17 y0 5 PO_0
        18 y1 7 PO_0
        19 y2 4 PO_0
        20 y3 7 PO_0
        21 y4 4 PO_1
        22 y5 6 PO_0
        23 y6 6 PO_1
        24 y7 7 PO_1
        25 y8 1 PO_1
        26 y9 1 PO_1
        27 y10 6 PO_0
        28 y11 1 PO_1
        29 y12 8 PO_1
        30 n17 3 MAJ_1
        31 n18 3 MAJ_1
        32 n19 4 AND_1
        33 n20 2 AND_0
        34 n21 1 AND_0
        35 n22 3 AND_1
        36 n23 4 MAJ_1
        37 n24 2 AND_1
        38 n25 5 MAJ_1
        39 n26 6 AND_0
        40 n27 2 OR_0
        41 n28 3 OR_0
        42 n29 1 AND_0
        43 n30 2 AND_0
        44 n31 3 MAJ_1
        45 n32 4 AND_1
        46 n33 1 AND_1
        47 n34 2 MAJ_1
        48 n35 3 AND_0
        49 n36 4 AND_0
        50 n37 5 MAJ_1
        51 n38 6 AND_0
        52 n39 3 AND_1
        53 n40 2 AND_1
        54 n41 3 MAJ_1
        55 n42 4 AND_1
        56 n43 5 AND_0
        57 n44 1 AND_0
        58 n45 2 MAJ_1
        59 n46 3 AND_0
        60 n47 2 AND_0
        61 n48 4 MAJ_1
        62 n49 5 AND_0
        63 n50 1 AND_0
        64 n51 1 AND_0
        65 n52 3 AND_1
        66 n53 4 MAJ_1
        67 n54 5 AND_0
        68 n55 6 AND_0
        69 n56 2 AND_0
        70 n57 4 AND_1
        71 n58 3 AND_1
        72 n59 5 MAJ_1
        73 n60 3 AND_0
        74 n61 4 AND_1
        75 n62 5 MAJ_1
        76 n63 6 AND_1
        77 n64 7 AND_0
        78 v1 1 VIR
        79 v10 1 VIR
        80 v11 1 VIR
        81 v12 2 VIR
        82 v13 2 VIR
        83 v14 2 VIR
        84 v15 2 VIR
        85 v2 1 VIR
        86 v3 1 VIR
        87 v4 1 VIR
        88 v5 1 VIR
        89 v6 1 VIR
        90 v7 1 VIR
        91 v8 1 VIR
        92 v9 1 VIR
    ]
    edge:
    [
        5 34
        6 34
        6 42
        7 42
        3 46
        13 46
        8 57
        10 57
        10 63
        11 63
        8 64
        9 64
        12 78
        3 79
        4 80
        12 85
        13 86
        14 87
        14 88
        14 89
        15 90
        15 91
        15 92
        3 33
        78 33
        13 37
        87 37
        89 40
        92 40
        12 43
        90 43
        4 47
        90 47
        46 47
        79 53
        78 53
        11 58
        78 58
        57 58
        9 60
        88 60
        4 69
        85 69
        87 81
        88 82
        90 83
        91 84
        79 30
        82 30
        91 30
        86 31
        89 31
        84 31
        7 35
        33 35
        80 41
        40 41
        5 44
        42 44
        43 44
        46 48
        47 48
        81 52
        83 52
        86 54
        88 54
        53 54
        57 59
        58 59
        83 65
        63 65
        42 71
        69 71
        7 73
        43 73
        30 32
        31 32
        33 36
        34 36
        35 36
        43 45
        44 45
        81 49
        48 49
        53 55
        54 55
        92 61
        59 61
        60 61
        91 66
        64 66
        65 66
        5 70
        52 70
        87 74
        73 74
        84 38
        36 38
        37 38
        80 50
        45 50
        49 50
        92 56
        55 56
        60 62
        61 62
        89 67
        66 67
        69 72
        70 72
        71 72
        82 75
        34 75
        74 75
        37 39
        38 39
        49 51
        50 51
        85 68
        67 68
        86 76
        75 76
        79 77
        76 77
        32 17
        39 18
        41 19
        51 20
        52 21
        56 22
        62 23
        68 24
        1 25
        16 26
        72 27
        2 28
        77 29
    ]
]
