circuit_name:rd53new_processed
[
    node:
    [
        1 x0 0 PI
        2 x1 0 PI
        3 x2 0 PI
        4 x3 0 PI
        5 x4 0 PI
        6 y0 14 PO_0
        7 y1 13 PO_0
        8 y2 10 PO_0
        9 n10 3 OR_0
        10 n11 4 AND_1
        11 n12 5 MAJ_1
        12 n13 5 AND_1
        13 n14 6 MAJ_1
        14 n15 3 AND_1
        15 n16 2 OR_0
        16 n17 3 AND_1
        17 n18 3 OR_0
        18 n19 4 MAJ_0
        19 n20 4 MAJ_1
        20 n21 5 AND_1
        21 n22 3 AND_0
        22 n23 6 OR_0
        23 n24 7 MAJ_0
        24 n25 4 AND_0
        25 n26 8 OR_0
        26 n27 9 MAJ_0
        27 n28 10 OR_0
        28 n29 3 AND_1
        29 n30 4 AND_1
        30 n31 3 AND_1
        31 n32 3 AND_1
        32 n33 4 MAJ_1
        33 n34 5 AND_0
        34 n35 6 OR_0
        35 n36 7 MAJ_0
        36 n37 4 AND_0
        37 n38 4 MAJ_1
        38 n39 5 MAJ_1
        39 n40 6 AND_1
        40 n41 7 OR_0
        41 n42 8 MAJ_0
        42 n43 5 AND_1
        43 n44 6 AND_0
        44 n45 5 OR_0
        45 n46 7 MAJ_0
        46 n47 8 OR_0
        47 n48 9 MAJ_0
        48 n49 11 OR_0
        49 n50 12 MAJ_1
        50 n51 13 OR_0
        51 n52 5 MAJ_1
        52 n53 6 AND_1
        53 n54 3 AND_0
        54 n55 3 OR_0
        55 n56 7 OR_0
        56 n57 8 MAJ_1
        57 n58 5 MAJ_1
        58 n59 6 AND_1
        59 n6 2 AND_0
        60 n60 3 AND_1
        61 n61 4 MAJ_1
        62 n62 4 MAJ_0
        63 n63 5 AND_1
        64 n64 3 MAJ_0
        65 n65 3 MAJ_0
        66 n66 4 AND_1
        67 n67 5 MAJ_0
        68 n68 6 AND_1
        69 n69 4 AND_1
        70 n7 3 AND_0
        71 n70 5 AND_1
        72 n71 6 AND_1
        73 n72 7 MAJ_1
        74 n73 8 OR_0
        75 n74 9 MAJ_0
        76 n75 10 OR_0
        77 n76 9 OR_0
        78 n77 11 MAJ_1
        79 n78 12 OR_0
        80 n79 5 MAJ_1
        81 n8 3 AND_1
        82 n80 6 AND_0
        83 n81 5 MAJ_1
        84 n82 6 AND_0
        85 n83 5 MAJ_1
        86 n84 6 AND_0
        87 n85 5 AND_1
        88 n86 6 AND_1
        89 n87 7 MAJ_1
        90 n88 8 OR_0
        91 n89 9 OR_0
        92 n9 4 AND_1
        93 v1 4 VIR
        94 v10 1 VIR
        95 v11 1 VIR
        96 v12 1 VIR
        97 v13 1 VIR
        98 v14 1 VIR
        99 v15 1 VIR
        100 v16 1 VIR
        101 v17 1 VIR
        102 v18 1 VIR
        103 v19 1 VIR
        104 v2 4 VIR
        105 v20 1 VIR
        106 v21 1 VIR
        107 v22 1 VIR
        108 v23 2 VIR
        109 v24 2 VIR
        110 v25 2 VIR
        111 v26 2 VIR
        112 v27 2 VIR
        113 v28 2 VIR
        114 v29 2 VIR
        115 v3 4 VIR
        116 v30 2 VIR
        117 v31 2 VIR
        118 v32 2 VIR
        119 v33 2 VIR
        120 v34 2 VIR
        121 v35 2 VIR
        122 v36 2 VIR
        123 v37 2 VIR
        124 v38 2 VIR
        125 v39 2 VIR
        126 v4 4 VIR
        127 v5 4 VIR
        128 v6 4 VIR
        129 v7 4 VIR
        130 v8 1 VIR
        131 v9 1 VIR
    ]
    edge:
    [
        1 94
        2 95
        2 96
        2 97
        3 98
        3 99
        3 100
        4 101
        4 102
        4 103
        5 105
        5 106
        5 107
        1 130
        1 131
        101 15
        105 15
        101 59
        105 59
        94 108
        95 109
        95 110
        96 111
        96 112
        97 113
        97 114
        98 116
        99 117
        100 118
        101 119
        102 120
        103 121
        105 122
        106 123
        130 124
        131 125
        124 9
        109 9
        125 14
        111 14
        98 16
        15 16
        98 17
        15 17
        124 21
        109 21
        119 28
        122 28
        99 30
        59 30
        131 31
        110 31
        94 53
        120 53
        113 54
        100 54
        108 60
        103 60
        111 64
        102 64
        123 64
        117 65
        120 65
        123 65
        116 70
        59 70
        119 81
        122 81
        70 10
        9 10
        130 18
        95 18
        17 18
        130 19
        109 19
        16 19
        116 24
        81 24
        99 29
        28 29
        17 32
        30 32
        31 32
        117 36
        28 36
        125 37
        111 37
        30 37
        114 61
        107 61
        60 61
        114 62
        118 62
        60 62
        64 66
        65 66
        131 69
        28 69
        116 92
        81 92
        9 93
        21 104
        21 115
        21 126
        31 127
        31 128
        70 129
        124 11
        92 11
        9 11
        110 12
        93 12
        18 20
        19 20
        127 33
        32 33
        94 38
        112 38
        29 38
        125 42
        24 42
        97 44
        36 44
        117 51
        106 51
        127 51
        100 57
        103 57
        128 57
        61 63
        62 63
        102 67
        106 67
        93 67
        96 71
        92 71
        121 80
        107 80
        126 80
        118 83
        107 83
        115 83
        118 85
        121 85
        104 85
        113 87
        129 87
        10 13
        11 13
        12 13
        70 22
        20 22
        29 34
        33 34
        37 39
        38 39
        112 43
        42 43
        127 52
        51 52
        128 58
        57 58
        93 68
        67 68
        69 72
        71 72
        126 82
        80 82
        126 84
        83 84
        115 86
        85 86
        108 88
        87 88
        20 23
        104 23
        22 23
        104 35
        33 35
        34 35
        36 40
        39 40
        14 45
        43 45
        44 45
        52 55
        53 55
        113 73
        68 73
        72 73
        129 89
        86 89
        88 89
        13 25
        23 25
        128 41
        39 41
        40 41
        16 46
        45 46
        52 56
        54 56
        55 56
        66 74
        73 74
        84 90
        89 90
        14 26
        24 26
        25 26
        115 47
        45 47
        46 47
        108 75
        29 75
        74 75
        56 77
        58 77
        82 91
        90 91
        25 27
        26 27
        74 76
        75 76
        27 48
        35 48
        63 78
        76 78
        77 78
        41 49
        47 49
        48 49
        77 79
        78 79
        48 50
        49 50
        50 6
        79 7
        91 8
    ]
]
