circuit_name:routernew_processed
[
    node:
    [
        1 x0 0 PI
        2 x1 0 PI
        3 x2 0 PI
        4 x3 0 PI
        5 x4 0 PI
        6 x5 0 PI
        7 x6 0 PI
        8 x7 0 PI
        9 x8 0 PI
        10 x9 0 PI
        11 x10 0 PI
        12 x11 0 PI
        13 x12 0 PI
        14 x13 0 PI
        15 x14 0 PI
        16 x15 0 PI
        17 x16 0 PI
        18 x17 0 PI
        19 x18 0 PI
        20 x19 0 PI
        21 x20 0 PI
        22 x21 0 PI
        23 x22 0 PI
        24 x23 0 PI
        25 x24 0 PI
        26 x25 0 PI
        27 x26 0 PI
        28 x27 0 PI
        29 x28 0 PI
        30 x29 0 PI
        31 x30 0 PI
        32 x31 0 PI
        33 x32 0 PI
        34 x33 0 PI
        35 x34 0 PI
        36 x35 0 PI
        37 x36 0 PI
        38 x37 0 PI
        39 x38 0 PI
        40 x39 0 PI
        41 x40 0 PI
        42 x41 0 PI
        43 x42 0 PI
        44 x43 0 PI
        45 x44 0 PI
        46 x45 0 PI
        47 x46 0 PI
        48 x47 0 PI
        49 x48 0 PI
        50 x49 0 PI
        51 x50 0 PI
        52 x51 0 PI
        53 x52 0 PI
        54 x53 0 PI
        55 x54 0 PI
        56 x55 0 PI
        57 x56 0 PI
        58 x57 0 PI
        59 x58 0 PI
        60 x59 0 PI
        61 y0 49 PO_1
        62 y1 54 PO_1
        63 y2 50 PO_0
        64 n100 24 MAJ_1
        65 n101 25 MAJ_0
        66 n102 12 MAJ_0
        67 n103 26 AND_1
        68 n104 9 MAJ_0
        69 n105 10 AND_1
        70 n106 27 MAJ_0
        71 n107 28 MAJ_1
        72 n108 7 MAJ_0
        73 n109 8 AND_1
        74 n110 29 MAJ_0
        75 n111 30 MAJ_1
        76 n112 31 MAJ_1
        77 n113 5 MAJ_0
        78 n114 32 AND_1
        79 n115 5 AND_0
        80 n116 33 MAJ_1
        81 n117 34 MAJ_1
        82 n118 4 AND_0
        83 n119 5 AND_1
        84 n120 35 MAJ_1
        85 n121 36 AND_1
        86 n122 2 MAJ_1
        87 n123 3 AND_1
        88 n124 37 MAJ_0
        89 n125 38 MAJ_1
        90 n126 1 AND_0
        91 n127 39 MAJ_1
        92 n128 40 AND_0
        93 n129 1 AND_0
        94 n130 41 MAJ_1
        95 n131 42 AND_0
        96 n132 43 AND_0
        97 n133 44 AND_0
        98 n134 45 AND_0
        99 n135 2 AND_0
        100 n136 46 OR_0
        101 n137 47 MAJ_0
        102 n138 6 AND_0
        103 n139 7 OR_0
        104 n140 1 OR_0
        105 n141 2 MAJ_1
        106 n142 3 OR_0
        107 n143 1 OR_0
        108 n144 4 MAJ_1
        109 n145 5 OR_0
        110 n146 6 MAJ_1
        111 n147 2 MAJ_0
        112 n148 7 AND_1
        113 n149 3 MAJ_1
        114 n150 4 AND_1
        115 n151 8 MAJ_0
        116 n152 9 MAJ_1
        117 n153 10 MAJ_1
        118 n154 5 MAJ_0
        119 n155 11 AND_1
        120 n156 6 MAJ_0
        121 n157 7 AND_1
        122 n158 12 MAJ_0
        123 n159 13 MAJ_1
        124 n160 8 MAJ_1
        125 n161 9 AND_1
        126 n162 14 MAJ_0
        127 n163 15 MAJ_1
        128 n164 10 MAJ_1
        129 n165 11 OR_0
        130 n166 16 MAJ_1
        131 n167 17 MAJ_1
        132 n168 18 MAJ_1
        133 n169 19 AND_1
        134 n170 14 AND_1
        135 n171 20 MAJ_1
        136 n172 21 MAJ_0
        137 n173 13 MAJ_1
        138 n174 14 OR_0
        139 n175 22 MAJ_1
        140 n176 23 MAJ_1
        141 n177 15 AND_0
        142 n178 16 AND_1
        143 n179 24 MAJ_1
        144 n180 25 AND_1
        145 n181 16 AND_1
        146 n182 26 MAJ_0
        147 n183 27 MAJ_1
        148 n184 16 MAJ_1
        149 n185 17 OR_0
        150 n186 28 MAJ_1
        151 n187 29 MAJ_1
        152 n188 30 AND_0
        153 n189 31 MAJ_1
        154 n190 32 AND_1
        155 n191 48 AND_1
        156 n192 1 AND_1
        157 n193 2 AND_1
        158 n194 3 MAJ_1
        159 n195 4 OR_0
        160 n196 5 AND_0
        161 n197 6 AND_1
        162 n198 7 AND_0
        163 n199 8 MAJ_0
        164 n200 9 OR_0
        165 n201 10 AND_0
        166 n202 1 OR_0
        167 n203 11 MAJ_0
        168 n204 12 OR_0
        169 n205 13 AND_0
        170 n206 2 AND_0
        171 n207 14 OR_0
        172 n208 15 MAJ_0
        173 n209 16 AND_0
        174 n210 17 AND_0
        175 n211 18 AND_0
        176 n212 2 OR_0
        177 n213 2 AND_0
        178 n214 5 MAJ_0
        179 n215 6 AND_0
        180 n216 11 AND_0
        181 n217 12 OR_0
        182 n218 14 AND_0
        183 n219 15 AND_0
        184 n220 17 AND_1
        185 n221 18 AND_1
        186 n222 19 MAJ_1
        187 n223 2 AND_1
        188 n224 20 MAJ_1
        189 n225 21 AND_0
        190 n226 16 MAJ_0
        191 n227 17 AND_1
        192 n228 22 MAJ_0
        193 n229 23 MAJ_1
        194 n230 24 MAJ_0
        195 n231 15 MAJ_1
        196 n232 25 AND_1
        197 n233 13 MAJ_1
        198 n234 14 AND_1
        199 n235 26 MAJ_0
        200 n236 27 MAJ_1
        201 n237 28 MAJ_0
        202 n238 12 MAJ_0
        203 n239 29 AND_1
        204 n240 9 MAJ_0
        205 n241 10 AND_1
        206 n242 30 MAJ_0
        207 n243 31 MAJ_1
        208 n244 7 MAJ_0
        209 n245 8 AND_1
        210 n246 32 MAJ_0
        211 n247 33 MAJ_1
        212 n248 7 AND_1
        213 n249 34 MAJ_0
        214 n250 35 MAJ_1
        215 n251 5 MAJ_1
        216 n252 6 AND_1
        217 n253 36 MAJ_0
        218 n254 37 MAJ_1
        219 n255 4 AND_0
        220 n256 5 AND_1
        221 n257 38 MAJ_1
        222 n258 39 AND_1
        223 n259 2 MAJ_1
        224 n260 3 AND_1
        225 n261 40 MAJ_0
        226 n262 41 MAJ_1
        227 n263 1 AND_0
        228 n264 42 MAJ_1
        229 n265 43 AND_0
        230 n266 1 AND_0
        231 n267 44 MAJ_1
        232 n268 45 AND_0
        233 n269 46 AND_0
        234 n270 6 AND_0
        235 n271 7 OR_0
        236 n272 1 OR_0
        237 n273 2 MAJ_1
        238 n274 3 OR_0
        239 n275 1 OR_0
        240 n276 4 MAJ_1
        241 n277 5 OR_0
        242 n278 6 MAJ_1
        243 n279 2 MAJ_0
        244 n280 7 AND_1
        245 n281 3 MAJ_1
        246 n282 4 AND_1
        247 n283 8 MAJ_0
        248 n284 9 MAJ_1
        249 n285 10 MAJ_1
        250 n286 5 MAJ_0
        251 n287 11 AND_1
        252 n288 7 MAJ_0
        253 n289 8 AND_1
        254 n290 12 MAJ_0
        255 n291 13 MAJ_1
        256 n292 8 MAJ_1
        257 n293 9 AND_1
        258 n294 14 MAJ_0
        259 n295 15 MAJ_1
        260 n296 10 MAJ_1
        261 n297 11 OR_0
        262 n298 16 MAJ_1
        263 n299 17 MAJ_1
        264 n300 18 MAJ_1
        265 n301 19 AND_1
        266 n302 14 AND_1
        267 n303 20 MAJ_1
        268 n304 21 MAJ_0
        269 n305 13 MAJ_1
        270 n306 14 OR_0
        271 n307 22 MAJ_1
        272 n308 23 MAJ_1
        273 n309 15 AND_0
        274 n310 16 AND_1
        275 n311 24 MAJ_1
        276 n312 25 AND_1
        277 n313 16 AND_1
        278 n314 26 MAJ_0
        279 n315 27 MAJ_1
        280 n316 16 MAJ_1
        281 n317 17 OR_0
        282 n318 28 MAJ_1
        283 n319 29 MAJ_1
        284 n320 30 AND_0
        285 n321 31 AND_1
        286 n322 47 AND_0
        287 n323 48 OR_0
        288 n324 19 AND_1
        289 n325 20 AND_1
        290 n326 49 MAJ_1
        291 n327 50 AND_0
        292 n328 51 AND_1
        293 n329 52 AND_0
        294 n330 53 MAJ_1
        295 n331 2 AND_0
        296 n332 32 OR_0
        297 n333 33 MAJ_0
        298 n334 49 AND_0
        299 n61 1 AND_1
        300 n62 2 AND_1
        301 n63 3 MAJ_1
        302 n64 4 OR_0
        303 n65 5 AND_0
        304 n66 6 AND_1
        305 n67 7 AND_0
        306 n68 8 MAJ_0
        307 n69 9 OR_0
        308 n70 10 AND_0
        309 n71 1 OR_0
        310 n72 11 MAJ_0
        311 n73 12 OR_0
        312 n74 13 AND_0
        313 n75 2 AND_0
        314 n76 14 OR_0
        315 n77 15 MAJ_0
        316 n78 16 AND_0
        317 n79 2 OR_0
        318 n80 1 AND_0
        319 n81 5 MAJ_0
        320 n82 6 AND_0
        321 n83 11 AND_0
        322 n84 12 OR_0
        323 n85 14 AND_0
        324 n86 15 AND_0
        325 n87 17 MAJ_1
        326 n88 17 MAJ_1
        327 n89 18 AND_1
        328 n90 16 MAJ_0
        329 n91 17 AND_1
        330 n92 19 MAJ_0
        331 n93 20 MAJ_1
        332 n94 21 MAJ_0
        333 n95 15 MAJ_1
        334 n96 22 AND_1
        335 n97 13 MAJ_1
        336 n98 14 AND_1
        337 n99 23 MAJ_0
        338 v1 4 VIR
        339 v10 4 VIR
        340 v11 4 VIR
        341 v12 11 VIR
        342 v13 14 VIR
        343 v14 17 VIR
        344 v15 3 VIR
        345 v16 13 VIR
        346 v17 13 VIR
        347 v18 1 VIR
        348 v19 1 VIR
        349 v2 4 VIR
        350 v20 1 VIR
        351 v21 1 VIR
        352 v22 1 VIR
        353 v23 1 VIR
        354 v24 1 VIR
        355 v25 1 VIR
        356 v26 1 VIR
        357 v27 1 VIR
        358 v28 1 VIR
        359 v29 1 VIR
        360 v3 6 VIR
        361 v30 1 VIR
        362 v31 1 VIR
        363 v32 1 VIR
        364 v33 1 VIR
        365 v34 1 VIR
        366 v35 1 VIR
        367 v36 1 VIR
        368 v37 1 VIR
        369 v38 1 VIR
        370 v39 1 VIR
        371 v4 11 VIR
        372 v40 1 VIR
        373 v41 1 VIR
        374 v42 1 VIR
        375 v43 1 VIR
        376 v44 1 VIR
        377 v45 1 VIR
        378 v46 1 VIR
        379 v47 1 VIR
        380 v48 1 VIR
        381 v49 1 VIR
        382 v5 14 VIR
        383 v50 1 VIR
        384 v51 1 VIR
        385 v52 1 VIR
        386 v53 1 VIR
        387 v54 1 VIR
        388 v55 1 VIR
        389 v56 1 VIR
        390 v57 1 VIR
        391 v58 1 VIR
        392 v59 1 VIR
        393 v6 19 VIR
        394 v60 1 VIR
        395 v61 1 VIR
        396 v62 1 VIR
        397 v63 1 VIR
        398 v64 1 VIR
        399 v65 1 VIR
        400 v66 1 VIR
        401 v67 1 VIR
        402 v68 1 VIR
        403 v69 1 VIR
        404 v7 3 VIR
        405 v70 1 VIR
        406 v8 13 VIR
        407 v9 13 VIR
    ]
    edge:
    [
        7 90
        8 90
        4 93
        5 93
        2 104
        3 104
        6 107
        7 107
        41 156
        42 156
        52 166
        53 166
        37 227
        38 227
        34 230
        35 230
        32 236
        33 236
        36 239
        37 239
        11 299
        12 299
        22 309
        23 309
        15 318
        16 318
        1 347
        11 348
        11 350
        12 351
        13 352
        14 353
        14 354
        15 355
        16 356
        17 357
        17 358
        18 359
        20 361
        21 362
        21 363
        22 364
        23 365
        25 366
        25 367
        25 368
        26 369
        27 370
        28 372
        29 373
        29 374
        40 375
        40 376
        41 377
        41 378
        42 379
        43 380
        44 381
        45 383
        46 384
        46 385
        47 386
        47 387
        48 388
        50 389
        51 390
        51 391
        52 392
        53 394
        55 395
        55 396
        55 397
        56 398
        57 399
        58 400
        59 401
        59 402
        10 403
        10 405
        405 86
        350 86
        351 86
        374 99
        30 99
        4 105
        5 105
        104 105
        9 111
        405 111
        348 111
        40 157
        156 157
        395 170
        56 170
        375 176
        377 176
        383 177
        384 177
        31 187
        375 187
        376 223
        378 223
        379 223
        34 237
        35 237
        236 237
        39 243
        376 243
        377 243
        347 295
        31 295
        10 300
        299 300
        366 313
        26 313
        403 317
        348 317
        350 87
        86 87
        104 106
        105 106
        351 113
        13 113
        317 113
        42 158
        43 158
        157 158
        378 224
        223 224
        236 238
        237 238
        379 245
        43 245
        176 245
        12 301
        13 301
        300 301
        317 344
        176 404
        351 82
        344 82
        8 108
        106 108
        107 108
        317 114
        113 114
        44 159
        158 159
        379 219
        404 219
        38 240
        238 240
        239 240
        176 246
        245 246
        14 302
        301 302
        158 338
        301 339
        301 340
        158 349
        355 77
        356 77
        302 77
        354 79
        340 79
        352 83
        82 83
        107 109
        108 109
        353 118
        355 118
        339 118
        45 160
        159 160
        381 178
        338 178
        177 178
        381 215
        383 215
        349 215
        380 220
        219 220
        239 241
        240 241
        381 250
        45 250
        338 250
        15 303
        302 303
        353 319
        339 319
        318 319
        356 102
        303 102
        403 110
        348 110
        109 110
        356 120
        357 120
        303 120
        47 161
        160 161
        177 179
        178 179
        349 216
        215 216
        384 234
        160 234
        375 242
        377 242
        241 242
        17 304
        303 304
        318 320
        319 320
        160 360
        357 72
        18 72
        320 72
        358 103
        102 103
        110 112
        111 112
        358 121
        120 121
        46 162
        161 162
        387 208
        388 208
        179 208
        385 212
        360 212
        386 235
        234 235
        242 244
        243 244
        384 252
        386 252
        360 252
        16 305
        304 305
        359 73
        72 73
        344 115
        112 115
        113 115
        359 124
        19 124
        103 124
        386 163
        48 163
        162 163
        388 209
        208 209
        404 247
        244 247
        245 247
        387 253
        252 253
        48 256
        49 256
        235 256
        357 306
        18 306
        305 306
        19 68
        20 68
        306 68
        113 116
        114 116
        115 116
        103 125
        124 125
        49 164
        163 164
        49 204
        50 204
        163 204
        245 248
        246 248
        247 248
        235 257
        256 257
        19 307
        306 307
        361 69
        68 69
        353 117
        339 117
        116 117
        361 128
        363 128
        307 128
        50 165
        164 165
        389 205
        204 205
        44 249
        338 249
        248 249
        389 260
        391 260
        164 260
        20 308
        307 308
        117 119
        118 119
        363 129
        128 129
        51 167
        165 167
        166 167
        390 180
        165 180
        249 251
        250 251
        391 261
        260 261
        21 310
        308 310
        309 310
        362 321
        308 321
        308 341
        165 371
        362 66
        364 66
        341 66
        358 122
        119 122
        120 122
        166 168
        167 168
        52 181
        180 181
        390 202
        392 202
        371 202
        387 254
        251 254
        252 254
        309 311
        310 311
        22 322
        321 322
        120 123
        121 123
        122 123
        24 137
        367 137
        311 137
        54 169
        168 169
        53 197
        54 197
        181 197
        252 255
        253 255
        254 255
        54 269
        396 269
        168 269
        24 312
        311 312
        23 335
        24 335
        322 335
        322 345
        322 346
        181 406
        181 407
        103 126
        123 126
        124 126
        365 134
        345 134
        367 138
        137 138
        57 171
        169 171
        56 182
        169 182
        406 198
        197 198
        235 258
        255 258
        256 258
        394 266
        406 266
        396 270
        269 270
        27 314
        312 314
        26 323
        312 323
        345 336
        335 336
        312 342
        169 382
        124 127
        125 127
        126 127
        368 141
        342 141
        57 172
        170 172
        171 172
        395 183
        182 183
        396 195
        398 195
        382 195
        256 259
        257 259
        258 259
        397 273
        382 273
        27 315
        313 315
        314 315
        366 324
        323 324
        367 333
        369 333
        342 333
        363 130
        127 130
        128 130
        369 142
        141 142
        370 145
        324 145
        372 148
        373 148
        315 148
        58 173
        172 173
        399 190
        58 190
        183 190
        391 262
        259 262
        260 262
        398 274
        273 274
        399 277
        183 277
        400 280
        401 280
        172 280
        28 316
        315 316
        370 328
        28 328
        324 328
        128 131
        129 131
        130 131
        373 149
        148 149
        60 174
        173 174
        59 184
        173 184
        400 191
        190 191
        260 263
        261 263
        262 263
        401 281
        280 281
        29 325
        30 325
        316 325
        403 326
        373 326
        316 326
        372 329
        328 329
        316 343
        364 132
        321 132
        131 132
        402 175
        174 175
        173 185
        184 185
        392 264
        180 264
        263 264
        325 327
        326 327
        346 133
        132 133
        401 186
        184 186
        185 186
        407 265
        264 265
        31 288
        175 288
        372 330
        327 330
        328 330
        175 393
        346 135
        133 135
        134 135
        60 188
        186 188
        187 188
        407 267
        265 267
        266 267
        1 289
        288 289
        328 331
        329 331
        330 331
        365 136
        134 136
        135 136
        187 189
        188 189
        394 268
        266 268
        267 268
        366 332
        342 332
        331 332
        368 139
        136 139
        137 139
        400 192
        189 192
        190 192
        397 271
        268 271
        269 271
        332 334
        333 334
        137 140
        138 140
        139 140
        190 193
        191 193
        192 193
        269 272
        270 272
        271 272
        345 337
        334 337
        335 337
        335 64
        336 64
        337 64
        369 143
        140 143
        141 143
        395 194
        382 194
        193 194
        398 275
        272 275
        273 275
        362 65
        341 65
        64 65
        142 144
        143 144
        194 196
        195 196
        274 276
        275 276
        65 67
        66 67
        324 146
        144 146
        145 146
        406 199
        196 199
        197 199
        183 278
        276 278
        277 278
        361 70
        67 70
        68 70
        370 147
        145 147
        146 147
        197 200
        198 200
        199 200
        399 279
        277 279
        278 279
        68 71
        69 71
        70 71
        374 150
        147 150
        148 150
        390 201
        371 201
        200 201
        402 282
        279 282
        280 282
        359 74
        71 74
        72 74
        148 151
        149 151
        150 151
        201 203
        202 203
        280 283
        281 283
        282 283
        72 75
        73 75
        74 75
        405 152
        151 152
        389 206
        203 206
        204 206
        376 284
        283 284
        355 76
        302 76
        75 76
        343 153
        99 153
        152 153
        204 207
        205 207
        206 207
        175 285
        284 285
        76 78
        77 78
        99 154
        153 154
        388 210
        207 210
        208 210
        393 296
        285 296
        340 80
        78 80
        79 80
        208 211
        209 211
        210 211
        285 297
        295 297
        296 297
        354 81
        79 81
        80 81
        360 213
        211 213
        212 213
        352 84
        81 84
        82 84
        385 214
        212 214
        213 214
        83 85
        84 85
        349 217
        214 217
        215 217
        350 88
        85 88
        86 88
        215 218
        216 218
        217 218
        86 89
        87 89
        88 89
        380 221
        218 221
        219 221
        9 91
        89 91
        90 91
        220 222
        221 222
        90 92
        91 92
        378 225
        222 225
        223 225
        6 94
        92 94
        93 94
        223 226
        224 226
        225 226
        93 95
        94 95
        39 228
        226 228
        227 228
        3 96
        95 96
        227 229
        228 229
        2 97
        96 97
        36 231
        229 231
        230 231
        1 98
        97 98
        230 232
        231 232
        343 100
        98 100
        33 233
        232 233
        98 101
        99 101
        100 101
        32 286
        233 286
        101 155
        154 155
        285 287
        286 287
        393 290
        287 290
        289 290
        155 298
        297 298
        101 291
        290 291
        393 292
        291 292
        347 293
        292 293
        154 294
        291 294
        293 294
        155 61
        294 62
        298 63
    ]
]
