circuit_name:sao2new_processed
[
    node:
    [
        1 x0 0 PI
        2 x1 0 PI
        3 x2 0 PI
        4 x3 0 PI
        5 x4 0 PI
        6 x5 0 PI
        7 x6 0 PI
        8 x7 0 PI
        9 x8 0 PI
        10 x9 0 PI
        11 y0 17 PO_0
        12 y1 15 PO_1
        13 y2 17 PO_0
        14 y3 16 PO_0
        15 n100 7 AND_0
        16 n101 6 AND_1
        17 n102 8 OR_0
        18 n103 9 MAJ_0
        19 n104 12 OR_0
        20 n105 13 MAJ_1
        21 n106 14 OR_0
        22 n107 13 OR_0
        23 n108 15 MAJ_1
        24 n109 16 OR_0
        25 n11 3 OR_0
        26 n110 3 OR_0
        27 n111 5 MAJ_1
        28 n112 6 AND_1
        29 n113 3 OR_0
        30 n114 3 OR_0
        31 n115 5 MAJ_1
        32 n116 6 AND_1
        33 n117 3 OR_0
        34 n118 3 AND_1
        35 n119 5 AND_1
        36 n12 4 AND_1
        37 n120 7 AND_1
        38 n121 8 MAJ_1
        39 n122 2 AND_1
        40 n123 3 OR_0
        41 n124 4 MAJ_1
        42 n125 5 AND_1
        43 n126 3 OR_0
        44 n127 3 OR_0
        45 n128 5 MAJ_1
        46 n129 6 AND_1
        47 n13 3 OR_0
        48 n130 2 OR_0
        49 n131 4 MAJ_1
        50 n132 5 AND_1
        51 n133 7 OR_0
        52 n134 8 OR_0
        53 n135 4 MAJ_1
        54 n136 5 AND_1
        55 n137 3 AND_1
        56 n138 5 MAJ_0
        57 n139 6 AND_1
        58 n14 5 MAJ_1
        59 n140 3 OR_0
        60 n141 5 MAJ_1
        61 n142 6 AND_1
        62 n143 9 OR_0
        63 n144 10 MAJ_1
        64 n145 11 OR_0
        65 n146 5 MAJ_0
        66 n147 6 AND_1
        67 n148 4 MAJ_0
        68 n149 5 AND_1
        69 n15 6 AND_1
        70 n150 4 MAJ_1
        71 n151 5 AND_1
        72 n152 6 OR_0
        73 n153 7 OR_0
        74 n154 5 MAJ_1
        75 n155 6 AND_1
        76 n156 5 MAJ_1
        77 n157 6 AND_1
        78 n158 7 OR_0
        79 n159 8 MAJ_1
        80 n16 2 OR_0
        81 n160 9 OR_0
        82 n161 3 OR_0
        83 n162 5 MAJ_1
        84 n163 6 AND_1
        85 n164 5 MAJ_1
        86 n165 6 AND_1
        87 n166 7 OR_0
        88 n167 8 MAJ_1
        89 n168 9 AND_1
        90 n169 3 AND_1
        91 n17 3 OR_0
        92 n170 5 MAJ_0
        93 n171 6 AND_1
        94 n172 3 AND_1
        95 n173 5 MAJ_0
        96 n174 6 AND_1
        97 n175 5 MAJ_1
        98 n176 6 AND_1
        99 n177 6 MAJ_0
        100 n178 7 AND_1
        101 n179 7 OR_0
        102 n18 2 AND_1
        103 n180 8 MAJ_1
        104 n181 9 OR_0
        105 n182 10 OR_0
        106 n183 11 MAJ_1
        107 n184 12 AND_1
        108 n185 9 OR_0
        109 n186 13 MAJ_1
        110 n187 14 AND_1
        111 n188 3 OR_0
        112 n189 2 OR_0
        113 n19 3 AND_1
        114 n190 3 OR_0
        115 n191 5 AND_1
        116 n192 4 OR_0
        117 n193 6 MAJ_1
        118 n194 7 AND_1
        119 n195 2 AND_1
        120 n196 4 MAJ_1
        121 n197 5 AND_1
        122 n198 2 AND_0
        123 n199 6 MAJ_1
        124 n20 3 OR_0
        125 n200 7 AND_0
        126 n201 3 AND_1
        127 n202 3 AND_1
        128 n203 5 MAJ_1
        129 n204 6 AND_0
        130 n205 5 AND_0
        131 n206 6 MAJ_1
        132 n207 7 AND_0
        133 n208 4 AND_0
        134 n209 8 OR_0
        135 n21 5 MAJ_1
        136 n210 9 MAJ_0
        137 n211 6 MAJ_0
        138 n212 7 AND_1
        139 n213 4 OR_0
        140 n214 5 MAJ_1
        141 n215 6 AND_1
        142 n216 6 AND_0
        143 n217 7 OR_0
        144 n218 8 MAJ_0
        145 n219 5 MAJ_1
        146 n22 6 AND_1
        147 n220 6 OR_0
        148 n221 7 MAJ_0
        149 n222 8 AND_1
        150 n223 5 MAJ_1
        151 n224 6 AND_0
        152 n225 3 AND_1
        153 n226 5 MAJ_1
        154 n227 6 AND_0
        155 n228 7 MAJ_1
        156 n229 8 AND_1
        157 n23 3 AND_1
        158 n230 9 OR_0
        159 n231 10 MAJ_0
        160 n232 11 OR_0
        161 n233 12 OR_0
        162 n234 13 MAJ_0
        163 n235 14 OR_0
        164 n236 8 OR_0
        165 n237 15 MAJ_1
        166 n238 16 OR_0
        167 n239 5 MAJ_0
        168 n24 2 AND_1
        169 n240 6 AND_1
        170 n241 6 OR_0
        171 n242 7 OR_0
        172 n243 7 OR_0
        173 n244 8 MAJ_1
        174 n245 9 OR_0
        175 n246 7 OR_0
        176 n247 10 MAJ_1
        177 n248 11 OR_0
        178 n249 4 AND_1
        179 n25 5 AND_1
        180 n250 4 MAJ_0
        181 n251 5 AND_1
        182 n252 3 AND_1
        183 n253 4 MAJ_0
        184 n254 5 AND_1
        185 n255 6 OR_0
        186 n256 7 MAJ_1
        187 n257 8 OR_0
        188 n258 5 MAJ_0
        189 n259 6 AND_1
        190 n26 6 MAJ_1
        191 n260 7 OR_0
        192 n261 8 MAJ_1
        193 n262 9 OR_0
        194 n263 10 MAJ_1
        195 n264 11 OR_0
        196 n265 12 MAJ_1
        197 n266 13 OR_0
        198 n267 7 AND_0
        199 n268 8 AND_1
        200 n269 5 OR_0
        201 n27 7 AND_0
        202 n270 7 OR_0
        203 n271 8 MAJ_1
        204 n272 7 OR_0
        205 n273 9 MAJ_1
        206 n274 10 OR_0
        207 n275 9 OR_0
        208 n276 11 MAJ_1
        209 n277 12 OR_0
        210 n278 14 OR_0
        211 n279 15 OR_0
        212 n28 8 OR_0
        213 n29 9 AND_1
        214 n30 10 MAJ_1
        215 n31 7 AND_1
        216 n32 11 AND_1
        217 n33 12 MAJ_1
        218 n34 3 AND_1
        219 n35 4 MAJ_1
        220 n36 5 AND_1
        221 n37 3 OR_0
        222 n38 6 MAJ_0
        223 n39 7 AND_1
        224 n40 3 AND_0
        225 n41 4 AND_0
        226 n42 3 AND_1
        227 n43 4 AND_1
        228 n44 3 AND_0
        229 n45 5 MAJ_1
        230 n46 6 AND_0
        231 n47 8 AND_1
        232 n48 9 AND_0
        233 n49 10 MAJ_1
        234 n50 4 AND_1
        235 n51 11 OR_0
        236 n52 12 MAJ_0
        237 n53 4 AND_1
        238 n54 6 MAJ_1
        239 n55 7 AND_0
        240 n56 3 AND_0
        241 n57 4 AND_1
        242 n58 6 MAJ_1
        243 n59 7 AND_0
        244 n60 8 AND_1
        245 n61 9 MAJ_0
        246 n62 10 AND_0
        247 n63 5 AND_1
        248 n64 11 OR_0
        249 n65 12 MAJ_0
        250 n66 5 MAJ_1
        251 n67 6 AND_0
        252 n68 3 AND_0
        253 n69 7 MAJ_1
        254 n70 8 AND_1
        255 n71 7 MAJ_0
        256 n72 8 AND_0
        257 n73 9 AND_1
        258 n74 10 OR_0
        259 n75 3 AND_1
        260 n76 4 AND_0
        261 n77 6 MAJ_1
        262 n78 7 AND_0
        263 n79 5 MAJ_1
        264 n80 6 AND_0
        265 n81 5 AND_1
        266 n82 8 MAJ_0
        267 n83 9 AND_0
        268 n84 7 AND_1
        269 n85 10 OR_0
        270 n86 11 MAJ_0
        271 n87 6 MAJ_1
        272 n88 7 AND_1
        273 n89 5 AND_1
        274 n90 6 MAJ_1
        275 n91 7 AND_0
        276 n92 8 OR_0
        277 n93 9 MAJ_0
        278 n94 10 OR_0
        279 n95 11 MAJ_0
        280 n96 3 AND_1
        281 n97 4 AND_0
        282 n98 5 AND_1
        283 n99 6 MAJ_1
        284 v1 4 VIR
        285 v10 3 VIR
        286 v100 2 VIR
        287 v101 2 VIR
        288 v102 2 VIR
        289 v103 2 VIR
        290 v104 2 VIR
        291 v105 2 VIR
        292 v106 2 VIR
        293 v107 5 VIR
        294 v11 3 VIR
        295 v12 3 VIR
        296 v13 4 VIR
        297 v14 4 VIR
        298 v15 4 VIR
        299 v16 4 VIR
        300 v17 4 VIR
        301 v18 4 VIR
        302 v19 4 VIR
        303 v2 4 VIR
        304 v20 3 VIR
        305 v21 4 VIR
        306 v22 4 VIR
        307 v23 4 VIR
        308 v24 4 VIR
        309 v25 3 VIR
        310 v26 3 VIR
        311 v27 4 VIR
        312 v28 4 VIR
        313 v29 4 VIR
        314 v3 4 VIR
        315 v30 4 VIR
        316 v31 5 VIR
        317 v32 5 VIR
        318 v33 4 VIR
        319 v34 4 VIR
        320 v35 4 VIR
        321 v36 5 VIR
        322 v37 5 VIR
        323 v38 5 VIR
        324 v39 1 VIR
        325 v4 4 VIR
        326 v40 1 VIR
        327 v41 1 VIR
        328 v42 1 VIR
        329 v43 1 VIR
        330 v44 1 VIR
        331 v45 1 VIR
        332 v46 1 VIR
        333 v47 1 VIR
        334 v48 1 VIR
        335 v49 1 VIR
        336 v5 4 VIR
        337 v50 1 VIR
        338 v51 1 VIR
        339 v52 1 VIR
        340 v53 1 VIR
        341 v54 1 VIR
        342 v55 1 VIR
        343 v56 1 VIR
        344 v57 1 VIR
        345 v58 1 VIR
        346 v59 1 VIR
        347 v6 4 VIR
        348 v60 1 VIR
        349 v61 1 VIR
        350 v62 1 VIR
        351 v63 1 VIR
        352 v64 1 VIR
        353 v65 1 VIR
        354 v66 1 VIR
        355 v67 1 VIR
        356 v68 1 VIR
        357 v69 2 VIR
        358 v7 4 VIR
        359 v70 2 VIR
        360 v71 2 VIR
        361 v72 2 VIR
        362 v73 2 VIR
        363 v74 2 VIR
        364 v75 2 VIR
        365 v76 2 VIR
        366 v77 2 VIR
        367 v78 2 VIR
        368 v79 2 VIR
        369 v8 4 VIR
        370 v80 2 VIR
        371 v81 2 VIR
        372 v82 2 VIR
        373 v83 2 VIR
        374 v84 2 VIR
        375 v85 2 VIR
        376 v86 2 VIR
        377 v87 2 VIR
        378 v88 2 VIR
        379 v89 2 VIR
        380 v9 4 VIR
        381 v90 2 VIR
        382 v91 2 VIR
        383 v92 2 VIR
        384 v93 2 VIR
        385 v94 2 VIR
        386 v95 2 VIR
        387 v96 2 VIR
        388 v97 2 VIR
        389 v98 2 VIR
        390 v99 2 VIR
    ]
    edge:
    [
        1 324
        1 326
        1 327
        2 328
        2 329
        2 330
        3 331
        3 332
        3 333
        4 334
        4 335
        4 337
        5 338
        5 339
        5 340
        6 341
        6 342
        6 343
        7 344
        7 345
        7 346
        8 348
        8 349
        8 350
        9 351
        9 352
        9 353
        10 354
        10 355
        10 356
        324 39
        331 39
        335 48
        345 48
        351 80
        354 80
        341 102
        344 102
        338 112
        344 112
        326 119
        330 119
        342 122
        349 122
        329 168
        332 168
        351 286
        352 287
        353 288
        354 289
        354 290
        355 291
        356 292
        324 357
        324 359
        326 360
        326 361
        327 362
        327 363
        328 364
        329 365
        331 366
        334 367
        334 368
        335 370
        337 371
        338 372
        338 373
        339 374
        339 375
        340 376
        340 377
        341 378
        342 379
        343 381
        344 382
        345 383
        346 384
        348 385
        348 386
        349 387
        349 388
        350 389
        350 390
        331 25
        372 25
        357 26
        372 26
        357 29
        367 29
        379 30
        346 30
        359 33
        332 33
        334 34
        372 34
        370 40
        387 40
        357 43
        328 43
        337 44
        374 44
        335 47
        378 47
        342 55
        386 55
        365 59
        337 59
        371 82
        287 82
        370 90
        345 90
        385 91
        80 91
        383 94
        353 94
        343 111
        288 111
        367 113
        102 113
        367 114
        112 114
        365 124
        333 124
        379 126
        286 126
        330 127
        384 127
        364 152
        382 152
        385 157
        80 157
        368 182
        378 182
        328 218
        366 218
        385 221
        286 221
        351 224
        289 224
        378 226
        382 226
        329 228
        366 228
        341 240
        382 240
        387 252
        352 252
        352 259
        290 259
        333 280
        374 280
        39 285
        39 294
        39 295
        48 304
        119 309
        122 310
        364 36
        25 36
        353 41
        294 41
        40 41
        388 49
        285 49
        48 49
        291 53
        285 53
        40 53
        291 67
        29 67
        55 67
        388 70
        294 70
        59 70
        389 116
        111 116
        333 120
        114 120
        309 120
        390 133
        126 133
        375 139
        91 139
        371 178
        55 178
        348 180
        102 180
        29 180
        289 183
        26 183
        182 183
        373 219
        113 219
        218 219
        386 225
        224 225
        370 227
        226 227
        360 234
        157 234
        386 237
        224 237
        368 241
        240 241
        387 260
        259 260
        330 281
        280 281
        26 284
        40 296
        43 297
        43 298
        43 299
        44 300
        44 301
        47 302
        26 303
        55 305
        59 306
        113 307
        113 308
        157 311
        182 312
        218 313
        29 314
        218 315
        228 318
        228 319
        228 320
        33 325
        33 336
        33 347
        34 358
        34 369
        34 380
        381 27
        390 27
        303 27
        389 31
        314 31
        30 31
        292 35
        380 35
        296 42
        41 42
        346 45
        298 45
        44 45
        304 50
        49 50
        296 54
        53 54
        288 56
        314 56
        305 56
        383 58
        36 58
        47 58
        376 60
        336 60
        59 60
        288 65
        336 65
        358 65
        305 68
        67 68
        306 71
        70 71
        383 74
        290 74
        284 74
        287 76
        297 76
        48 76
        356 83
        298 83
        82 83
        350 85
        302 85
        325 85
        287 92
        284 92
        90 92
        356 95
        314 95
        94 95
        389 97
        294 97
        300 97
        361 115
        315 115
        309 121
        120 121
        369 128
        295 128
        127 128
        377 130
        311 130
        375 135
        307 135
        124 135
        308 140
        325 140
        139 140
        332 145
        297 145
        114 145
        376 150
        227 150
        119 150
        358 153
        285 153
        152 153
        292 167
        347 167
        380 167
        373 179
        307 179
        102 181
        180 181
        182 184
        183 184
        286 188
        325 188
        312 188
        384 200
        347 200
        313 220
        219 220
        375 229
        227 229
        319 229
        360 247
        237 247
        373 250
        318 250
        241 250
        374 263
        307 263
        318 263
        359 265
        225 265
        359 273
        36 273
        360 282
        308 282
        358 293
        225 316
        227 317
        237 321
        241 322
        241 323
        363 16
        220 16
        303 28
        27 28
        30 32
        31 32
        300 46
        45 46
        305 57
        56 57
        306 61
        60 61
        369 66
        65 66
        47 69
        58 69
        68 72
        71 72
        284 75
        74 75
        304 77
        76 77
        82 84
        83 84
        302 86
        85 86
        90 93
        92 93
        94 96
        95 96
        300 98
        97 98
        384 99
        336 99
        293 99
        114 117
        115 117
        116 117
        292 123
        121 123
        310 123
        127 129
        128 129
        323 131
        295 131
        130 131
        381 137
        301 137
        115 137
        139 141
        140 141
        321 142
        323 142
        124 146
        135 146
        297 147
        145 147
        119 151
        150 151
        152 154
        153 154
        380 169
        167 169
        50 170
        54 170
        181 185
        184 185
        312 189
        188 189
        157 190
        168 190
        179 190
        289 222
        220 222
        221 222
        319 230
        229 230
        377 238
        315 238
        317 238
        340 242
        168 242
        322 242
        318 251
        250 251
        339 261
        313 261
        322 261
        319 264
        263 264
        376 271
        320 271
        323 271
        237 274
        322 274
        273 274
        260 283
        281 283
        282 283
        282 15
        283 15
        32 37
        347 37
        46 51
        50 51
        66 73
        72 73
        75 78
        77 78
        84 87
        86 87
        369 100
        99 100
        93 101
        96 101
        116 118
        117 118
        310 125
        123 125
        130 132
        131 132
        301 138
        137 138
        115 143
        141 143
        355 148
        126 148
        147 148
        355 155
        122 155
        154 155
        46 171
        170 171
        57 172
        61 172
        32 175
        169 175
        298 186
        178 186
        185 186
        317 191
        189 191
        69 198
        321 198
        179 201
        190 201
        293 202
        93 202
        86 204
        96 204
        363 215
        69 215
        221 223
        222 223
        315 239
        238 239
        168 243
        242 243
        291 253
        251 253
        252 253
        69 255
        247 255
        251 255
        313 262
        261 262
        327 268
        251 268
        320 272
        271 272
        273 275
        274 275
        316 17
        15 17
        32 38
        35 38
        37 38
        42 52
        51 52
        362 79
        371 79
        78 79
        343 88
        299 88
        87 88
        98 103
        100 103
        101 103
        129 134
        132 134
        141 144
        142 144
        143 144
        126 149
        148 149
        122 156
        155 156
        118 164
        125 164
        66 173
        171 173
        172 173
        185 187
        186 187
        303 192
        189 192
        191 192
        363 199
        198 199
        93 203
        200 203
        202 203
        91 212
        201 212
        223 231
        225 231
        361 244
        243 244
        252 254
        253 254
        247 256
        255 256
        262 266
        264 266
        265 266
        264 276
        275 276
        15 18
        16 18
        17 18
        52 62
        54 62
        78 81
        79 81
        87 89
        88 89
        101 104
        103 104
        28 108
        38 108
        132 136
        133 136
        134 136
        149 158
        156 158
        172 174
        173 174
        187 193
        192 193
        98 205
        203 205
        204 205
        84 207
        199 207
        146 213
        212 213
        230 232
        231 232
        311 245
        316 245
        244 245
        361 257
        254 257
        265 267
        266 267
        234 277
        275 277
        276 277
        57 63
        61 63
        62 63
        73 105
        81 105
        321 159
        151 159
        158 159
        42 176
        174 176
        175 176
        308 194
        299 194
        193 194
        204 206
        205 206
        362 214
        201 214
        213 214
        362 233
        223 233
        232 233
        244 246
        245 246
        256 258
        257 258
        260 269
        267 269
        272 278
        277 278
        62 64
        63 64
        89 106
        104 106
        105 106
        158 160
        159 160
        175 177
        176 177
        193 195
        194 195
        118 208
        206 208
        207 208
        91 216
        214 216
        220 235
        233 235
        239 248
        246 248
        267 270
        268 270
        269 270
        265 279
        277 279
        278 279
        258 19
        270 19
        105 107
        106 107
        144 161
        160 161
        72 196
        77 196
        195 196
        207 209
        208 209
        214 217
        215 217
        216 217
        233 236
        234 236
        235 236
        246 249
        247 249
        248 249
        279 20
        18 20
        19 20
        217 22
        236 22
        64 109
        107 109
        108 109
        316 162
        138 162
        161 162
        72 197
        196 197
        19 21
        20 21
        108 110
        109 110
        161 163
        162 163
        197 210
        209 210
        249 23
        21 23
        22 23
        136 165
        163 165
        164 165
        177 211
        210 211
        22 24
        23 24
        164 166
        165 166
        24 11
        110 12
        166 13
        211 14
    ]
]
