circuit_name:sqrt8mlnew_processed
[
    node:
    [
        1 x0 0 PI
        2 x1 0 PI
        3 x2 0 PI
        4 x3 0 PI
        5 x4 0 PI
        6 x5 0 PI
        7 x6 0 PI
        8 x7 0 PI
        9 y0 4 PO_0
        10 y1 7 PO_0
        11 y2 13 PO_0
        12 y3 23 PO_0
        13 n10 3 MAJ_1
        14 n11 4 MAJ_1
        15 n12 5 OR_0
        16 n13 3 OR_0
        17 n14 4 AND_1
        18 n15 4 MAJ_1
        19 n16 5 AND_1
        20 n17 2 OR_0
        21 n18 6 AND_1
        22 n19 7 MAJ_1
        23 n20 8 MAJ_1
        24 n21 9 OR_0
        25 n22 2 AND_0
        26 n23 2 MAJ_0
        27 n24 3 AND_0
        28 n25 4 MAJ_0
        29 n26 5 MAJ_1
        30 n27 10 MAJ_1
        31 n28 11 OR_0
        32 n29 1 OR_0
        33 n30 7 AND_0
        34 n31 3 OR_0
        35 n32 8 AND_1
        36 n33 9 MAJ_1
        37 n34 10 OR_0
        38 n35 2 MAJ_1
        39 n36 2 AND_1
        40 n37 3 MAJ_1
        41 n38 2 MAJ_1
        42 n39 3 MAJ_1
        43 n40 4 MAJ_1
        44 n41 9 AND_1
        45 n42 13 MAJ_1
        46 n43 13 AND_1
        47 n44 14 MAJ_1
        48 n45 13 AND_1
        49 n46 14 MAJ_1
        50 n47 15 MAJ_1
        51 n48 16 OR_0
        52 n49 13 AND_1
        53 n50 14 AND_1
        54 n51 15 OR_0
        55 n52 16 MAJ_1
        56 n53 17 MAJ_1
        57 n54 13 OR_0
        58 n55 13 AND_0
        59 n56 14 MAJ_1
        60 n57 15 MAJ_1
        61 n58 16 MAJ_1
        62 n59 18 MAJ_1
        63 n60 19 OR_0
        64 n61 13 AND_1
        65 n62 14 AND_1
        66 n63 20 MAJ_1
        67 n64 21 OR_0
        68 n65 13 AND_1
        69 n66 22 OR_0
        70 n9 2 AND_0
        71 v1 6 VIR
        72 v10 1 VIR
        73 v11 1 VIR
        74 v12 1 VIR
        75 v13 1 VIR
        76 v14 1 VIR
        77 v15 1 VIR
        78 v16 1 VIR
        79 v17 1 VIR
        80 v18 1 VIR
        81 v19 1 VIR
        82 v2 6 VIR
        83 v20 1 VIR
        84 v21 2 VIR
        85 v22 2 VIR
        86 v23 2 VIR
        87 v3 3 VIR
        88 v4 12 VIR
        89 v5 12 VIR
        90 v6 12 VIR
        91 v7 1 VIR
        92 v8 1 VIR
        93 v9 1 VIR
    ]
    edge:
    [
        5 32
        6 32
        2 72
        2 73
        2 74
        3 75
        3 76
        3 77
        4 78
        4 79
        4 80
        5 81
        6 83
        1 91
        1 92
        1 93
        92 20
        73 20
        76 25
        79 25
        91 26
        72 26
        78 26
        74 38
        77 38
        80 38
        73 39
        79 39
        93 41
        74 41
        80 41
        91 70
        72 70
        75 84
        76 85
        77 86
        75 13
        78 13
        70 13
        84 16
        79 16
        78 27
        26 27
        85 34
        32 34
        93 40
        74 40
        39 40
        77 42
        39 42
        41 42
        20 87
        91 14
        70 14
        13 14
        92 17
        16 17
        92 18
        73 18
        16 18
        72 28
        76 28
        27 28
        38 43
        40 43
        42 43
        70 15
        14 15
        17 19
        18 19
        25 29
        26 29
        28 29
        75 21
        15 21
        15 71
        19 82
        5 22
        6 22
        21 22
        85 33
        71 33
        84 23
        21 23
        22 23
        33 35
        34 35
        21 24
        23 24
        20 36
        29 36
        35 36
        35 44
        43 44
        20 30
        24 30
        29 30
        82 37
        36 37
        19 31
        30 31
        31 88
        31 89
        31 90
        89 45
        35 45
        43 45
        29 46
        89 46
        81 48
        88 48
        81 52
        88 52
        15 57
        88 57
        89 58
        32 58
        90 64
        36 64
        90 68
        37 68
        44 47
        45 47
        46 47
        7 49
        8 49
        48 49
        83 53
        52 53
        86 59
        57 59
        58 59
        19 65
        64 65
        81 50
        48 50
        49 50
        83 54
        53 54
        86 60
        58 60
        59 60
        48 51
        50 51
        52 55
        53 55
        54 55
        57 61
        59 61
        60 61
        71 56
        51 56
        55 56
        87 62
        56 62
        61 62
        47 63
        62 63
        82 66
        63 66
        64 66
        65 67
        66 67
        67 69
        68 69
        87 9
        71 10
        90 11
        69 12
    ]
]
