circuit_name:squar5new_processed
[
    node:
    [
        1 x0 0 PI
        2 x1 0 PI
        3 x2 0 PI
        4 x3 0 PI
        5 x4 0 PI
        6 y0 11 PO_0
        7 y1 12 PO_0
        8 y2 11 PO_0
        9 y3 5 PO_0
        10 y4 12 PO_0
        11 y5 11 PO_0
        12 y6 12 PO_0
        13 y7 10 PO_0
        14 n10 3 OR_0
        15 n100 9 AND_1
        16 n101 5 AND_1
        17 n102 6 AND_0
        18 n103 7 MAJ_0
        19 n104 8 OR_0
        20 n105 10 MAJ_1
        21 n106 11 OR_0
        22 n107 4 OR_0
        23 n108 5 AND_1
        24 n109 6 MAJ_0
        25 n11 5 AND_0
        26 n110 5 AND_0
        27 n111 5 MAJ_1
        28 n112 5 OR_0
        29 n113 6 MAJ_0
        30 n114 5 OR_0
        31 n115 6 AND_1
        32 n116 7 MAJ_0
        33 n117 6 AND_0
        34 n118 7 MAJ_0
        35 n119 7 OR_0
        36 n12 5 AND_1
        37 n120 8 MAJ_1
        38 n121 9 OR_0
        39 n13 6 AND_1
        40 n14 3 AND_1
        41 n15 3 AND_1
        42 n16 5 MAJ_0
        43 n17 6 MAJ_1
        44 n18 4 AND_1
        45 n19 5 MAJ_1
        46 n20 6 MAJ_1
        47 n21 7 AND_1
        48 n22 7 OR_0
        49 n23 8 MAJ_1
        50 n24 9 OR_0
        51 n25 5 AND_1
        52 n26 10 OR_0
        53 n27 2 AND_1
        54 n28 3 AND_0
        55 n29 3 AND_0
        56 n30 5 AND_1
        57 n31 6 AND_0
        58 n32 7 MAJ_0
        59 n33 2 AND_1
        60 n34 5 MAJ_1
        61 n35 6 AND_0
        62 n36 4 AND_1
        63 n37 6 MAJ_1
        64 n38 7 MAJ_1
        65 n39 8 AND_1
        66 n40 8 OR_0
        67 n41 9 MAJ_1
        68 n42 10 OR_0
        69 n43 5 AND_1
        70 n44 11 OR_0
        71 n45 4 AND_1
        72 n46 5 MAJ_1
        73 n47 6 MAJ_1
        74 n48 7 AND_1
        75 n49 5 OR_0
        76 n50 6 MAJ_1
        77 n51 7 MAJ_1
        78 n52 8 AND_0
        79 n53 9 OR_0
        80 n54 10 OR_0
        81 n55 3 AND_1
        82 n56 4 AND_0
        83 n57 5 MAJ_1
        84 n58 6 AND_0
        85 n59 3 AND_1
        86 n6 2 AND_1
        87 n60 4 MAJ_1
        88 n61 5 AND_0
        89 n62 2 OR_0
        90 n63 3 AND_1
        91 n64 4 AND_1
        92 n65 5 MAJ_1
        93 n66 6 MAJ_1
        94 n67 7 AND_1
        95 n68 6 AND_1
        96 n69 7 AND_0
        97 n7 3 AND_1
        98 n70 8 MAJ_1
        99 n71 7 OR_0
        100 n72 9 MAJ_1
        101 n73 10 OR_0
        102 n74 5 AND_1
        103 n75 6 AND_0
        104 n76 11 MAJ_1
        105 n77 2 OR_0
        106 n78 5 MAJ_0
        107 n79 6 AND_1
        108 n8 2 AND_0
        109 n80 5 AND_1
        110 n81 6 AND_1
        111 n82 7 MAJ_1
        112 n83 5 MAJ_0
        113 n84 5 MAJ_1
        114 n85 6 AND_0
        115 n86 3 OR_0
        116 n87 4 MAJ_0
        117 n88 4 MAJ_1
        118 n89 5 AND_1
        119 n9 3 AND_0
        120 n90 8 OR_0
        121 n91 9 MAJ_1
        122 n92 10 OR_0
        123 n93 5 OR_0
        124 n94 6 MAJ_0
        125 n95 5 AND_1
        126 n96 6 AND_0
        127 n97 7 MAJ_0
        128 n98 7 MAJ_1
        129 n99 8 MAJ_1
        130 v1 4 VIR
        131 v10 3 VIR
        132 v11 3 VIR
        133 v12 5 VIR
        134 v13 6 VIR
        135 v14 6 VIR
        136 v15 4 VIR
        137 v16 4 VIR
        138 v17 4 VIR
        139 v18 4 VIR
        140 v19 4 VIR
        141 v2 4 VIR
        142 v20 4 VIR
        143 v21 4 VIR
        144 v22 4 VIR
        145 v23 1 VIR
        146 v24 1 VIR
        147 v25 1 VIR
        148 v26 1 VIR
        149 v27 1 VIR
        150 v28 1 VIR
        151 v29 1 VIR
        152 v3 4 VIR
        153 v30 1 VIR
        154 v31 1 VIR
        155 v32 1 VIR
        156 v33 1 VIR
        157 v34 1 VIR
        158 v35 1 VIR
        159 v36 1 VIR
        160 v37 5 VIR
        161 v38 2 VIR
        162 v39 2 VIR
        163 v4 4 VIR
        164 v40 2 VIR
        165 v41 2 VIR
        166 v42 2 VIR
        167 v43 2 VIR
        168 v44 2 VIR
        169 v45 2 VIR
        170 v46 2 VIR
        171 v47 2 VIR
        172 v48 2 VIR
        173 v49 2 VIR
        174 v5 4 VIR
        175 v50 2 VIR
        176 v51 2 VIR
        177 v52 2 VIR
        178 v53 2 VIR
        179 v54 2 VIR
        180 v55 2 VIR
        181 v56 2 VIR
        182 v57 3 VIR
        183 v58 3 VIR
        184 v59 3 VIR
        185 v6 4 VIR
        186 v7 4 VIR
        187 v8 4 VIR
        188 v9 4 VIR
    ]
    edge:
    [
        1 145
        1 146
        1 147
        2 148
        2 149
        2 150
        3 151
        3 153
        3 154
        4 155
        4 156
        5 157
        5 158
        5 159
        155 53
        158 53
        153 59
        156 59
        155 86
        157 86
        4 89
        157 89
        154 105
        156 105
        155 108
        157 108
        145 161
        145 162
        145 164
        146 165
        146 166
        146 167
        147 168
        147 169
        147 170
        148 171
        148 172
        148 173
        149 175
        149 176
        149 177
        150 178
        150 179
        150 180
        151 181
        164 14
        172 14
        153 40
        108 40
        161 41
        171 41
        153 54
        53 54
        181 55
        86 55
        154 81
        53 81
        162 85
        172 85
        151 90
        89 90
        181 97
        86 97
        154 115
        89 115
        151 119
        108 119
        59 131
        59 132
        161 182
        165 183
        168 184
        176 22
        81 22
        161 44
        97 44
        182 62
        54 62
        164 71
        55 71
        182 82
        171 82
        159 87
        131 87
        85 87
        171 91
        90 91
        184 116
        178 116
        81 116
        184 117
        178 117
        115 117
        40 130
        81 136
        90 137
        90 138
        97 139
        97 140
        40 141
        119 142
        119 143
        119 144
        40 152
        41 163
        41 174
        41 185
        54 186
        54 187
        55 188
        139 16
        186 16
        137 23
        22 23
        143 25
        14 25
        152 26
        174 26
        166 27
        174 27
        188 27
        177 28
        174 28
        167 30
        139 30
        172 36
        142 36
        173 42
        130 42
        163 42
        173 45
        130 45
        44 45
        170 51
        140 51
        142 56
        55 56
        158 60
        163 60
        131 60
        170 69
        187 69
        176 72
        144 72
        71 72
        162 75
        188 75
        158 83
        59 83
        82 83
        132 88
        87 88
        162 92
        186 92
        91 92
        179 102
        136 102
        159 106
        82 106
        105 106
        142 109
        85 109
        168 112
        177 112
        187 112
        168 113
        178 113
        137 113
        116 118
        117 118
        186 123
        137 123
        164 125
        143 125
        62 133
        130 160
        179 17
        16 17
        169 24
        136 24
        23 24
        26 29
        27 29
        28 29
        152 31
        30 31
        133 33
        138 33
        165 39
        36 39
        165 43
        163 43
        42 43
        183 46
        44 46
        45 46
        173 57
        56 57
        132 61
        60 61
        175 63
        160 63
        62 63
        167 73
        71 73
        72 73
        176 76
        141 76
        75 76
        131 84
        83 84
        175 93
        91 93
        92 93
        175 95
        160 95
        170 103
        102 103
        105 107
        106 107
        141 110
        109 110
        112 114
        113 114
        185 124
        138 124
        123 124
        188 126
        125 126
        75 134
        75 135
        169 18
        139 18
        17 18
        180 32
        140 32
        31 32
        180 34
        187 34
        33 34
        24 35
        29 35
        44 47
        46 47
        25 48
        39 48
        183 58
        143 58
        57 58
        166 64
        62 64
        63 64
        71 74
        73 74
        167 77
        134 77
        76 77
        91 94
        93 94
        166 96
        95 96
        39 99
        84 99
        84 111
        85 111
        110 111
        179 127
        144 127
        126 127
        177 128
        141 128
        134 128
        124 19
        127 19
        32 37
        34 37
        35 37
        43 49
        47 49
        48 49
        133 65
        64 65
        43 66
        58 66
        135 78
        77 78
        152 98
        94 98
        96 98
        107 120
        111 120
        169 129
        134 129
        128 129
        135 15
        129 15
        35 38
        37 38
        48 50
        49 50
        61 67
        65 67
        66 67
        74 79
        78 79
        88 100
        98 100
        99 100
        114 121
        118 121
        120 121
        15 20
        18 20
        19 20
        50 52
        51 52
        66 68
        67 68
        25 80
        79 80
        99 101
        100 101
        120 122
        121 122
        19 21
        20 21
        68 70
        69 70
        136 104
        101 104
        103 104
        52 6
        70 7
        80 8
        185 9
        104 10
        122 11
        21 12
        38 13
    ]
]
