circuit_name:term1new_processed
[
    node:
    [
        1 x0 0 PI
        2 x1 0 PI
        3 x2 0 PI
        4 x3 0 PI
        5 x4 0 PI
        6 x5 0 PI
        7 x6 0 PI
        8 x7 0 PI
        9 x8 0 PI
        10 x9 0 PI
        11 x10 0 PI
        12 x11 0 PI
        13 x12 0 PI
        14 x13 0 PI
        15 x14 0 PI
        16 x15 0 PI
        17 x16 0 PI
        18 x17 0 PI
        19 x18 0 PI
        20 x19 0 PI
        21 x20 0 PI
        22 x21 0 PI
        23 x22 0 PI
        24 x23 0 PI
        25 x24 0 PI
        26 x25 0 PI
        27 x26 0 PI
        28 x27 0 PI
        29 x28 0 PI
        30 x29 0 PI
        31 x30 0 PI
        32 x31 0 PI
        33 x32 0 PI
        34 x33 0 PI
        35 y0 2 PO_1
        36 y1 6 PO_1
        37 y2 16 PO_0
        38 y3 14 PO_0
        39 y4 19 PO_0
        40 y5 26 PO_0
        41 y6 25 PO_0
        42 y7 18 PO_1
        43 y8 25 PO_0
        44 y9 25 PO_0
        45 n100 3 AND_0
        46 n101 9 OR_0
        47 n102 11 MAJ_0
        48 n103 3 AND_1
        49 n104 12 MAJ_1
        50 n105 13 AND_1
        51 n106 3 OR_0
        52 n107 3 OR_0
        53 n108 5 AND_0
        54 n109 6 MAJ_0
        55 n110 7 AND_0
        56 n111 8 AND_0
        57 n112 8 AND_0
        58 n113 9 AND_0
        59 n114 10 MAJ_0
        60 n115 4 AND_0
        61 n116 5 MAJ_0
        62 n117 6 AND_0
        63 n118 7 MAJ_0
        64 n119 8 AND_0
        65 n120 6 AND_0
        66 n121 7 MAJ_0
        67 n122 8 AND_0
        68 n123 9 AND_0
        69 n124 10 MAJ_0
        70 n125 11 OR_0
        71 n126 12 AND_0
        72 n127 13 MAJ_0
        73 n128 9 AND_0
        74 n129 10 MAJ_0
        75 n130 11 AND_0
        76 n131 8 AND_0
        77 n132 9 MAJ_0
        78 n133 10 AND_0
        79 n134 11 AND_0
        80 n135 12 MAJ_0
        81 n136 13 OR_0
        82 n137 3 AND_1
        83 n138 14 OR_0
        84 n139 15 AND_1
        85 n140 15 AND_1
        86 n141 16 MAJ_1
        87 n142 17 MAJ_1
        88 n143 18 AND_0
        89 n144 4 AND_0
        90 n145 5 OR_0
        91 n146 6 MAJ_0
        92 n147 3 AND_0
        93 n148 4 AND_0
        94 n149 5 OR_0
        95 n150 6 MAJ_0
        96 n151 4 AND_0
        97 n152 5 OR_0
        98 n153 6 MAJ_0
        99 n154 4 AND_0
        100 n155 5 OR_0
        101 n156 6 MAJ_0
        102 n157 7 OR_0
        103 n158 8 MAJ_1
        104 n159 9 OR_0
        105 n160 10 AND_0
        106 n161 11 MAJ_0
        107 n162 12 AND_0
        108 n163 3 AND_0
        109 n164 4 AND_0
        110 n165 3 AND_0
        111 n166 5 OR_0
        112 n167 6 MAJ_0
        113 n168 4 AND_0
        114 n169 5 AND_0
        115 n170 3 AND_0
        116 n171 6 OR_0
        117 n172 7 MAJ_0
        118 n173 3 AND_0
        119 n174 4 AND_0
        120 n175 4 AND_0
        121 n176 5 OR_0
        122 n177 6 MAJ_0
        123 n178 4 AND_0
        124 n179 4 AND_0
        125 n180 5 OR_0
        126 n181 6 MAJ_0
        127 n182 8 OR_0
        128 n183 9 MAJ_1
        129 n184 10 OR_0
        130 n185 11 AND_0
        131 n186 12 MAJ_0
        132 n187 13 AND_0
        133 n188 13 OR_0
        134 n189 14 AND_0
        135 n190 15 MAJ_0
        136 n191 16 OR_0
        137 n192 17 AND_1
        138 n193 3 OR_0
        139 n194 5 AND_0
        140 n195 6 MAJ_0
        141 n196 7 AND_0
        142 n197 8 AND_0
        143 n198 8 AND_0
        144 n199 9 AND_0
        145 n200 10 MAJ_0
        146 n201 11 OR_0
        147 n202 12 AND_0
        148 n203 13 MAJ_0
        149 n204 18 AND_1
        150 n205 18 AND_1
        151 n206 19 AND_0
        152 n207 20 AND_1
        153 n208 21 MAJ_1
        154 n209 3 AND_1
        155 n210 19 AND_0
        156 n211 20 AND_1
        157 n212 22 MAJ_1
        158 n213 18 OR_0
        159 n214 19 AND_1
        160 n215 19 AND_1
        161 n216 20 MAJ_1
        162 n217 19 OR_0
        163 n218 20 AND_1
        164 n219 21 MAJ_0
        165 n220 23 AND_1
        166 n221 24 MAJ_1
        167 n222 25 AND_0
        168 n223 3 AND_0
        169 n224 4 MAJ_0
        170 n225 5 AND_0
        171 n226 3 AND_0
        172 n227 6 OR_0
        173 n228 7 MAJ_0
        174 n229 8 OR_0
        175 n230 8 OR_0
        176 n231 4 AND_0
        177 n232 9 OR_0
        178 n233 10 MAJ_0
        179 n234 7 AND_0
        180 n235 9 OR_0
        181 n236 10 MAJ_0
        182 n237 11 AND_0
        183 n238 12 AND_0
        184 n239 12 AND_0
        185 n240 13 AND_0
        186 n241 14 MAJ_0
        187 n242 3 AND_0
        188 n243 4 AND_0
        189 n244 5 AND_1
        190 n245 6 AND_0
        191 n246 12 MAJ_0
        192 n247 3 AND_1
        193 n248 15 MAJ_0
        194 n249 16 AND_1
        195 n250 7 OR_0
        196 n251 6 MAJ_0
        197 n252 7 OR_0
        198 n253 8 AND_0
        199 n254 9 MAJ_0
        200 n255 10 AND_0
        201 n256 3 OR_0
        202 n257 4 AND_0
        203 n258 5 MAJ_0
        204 n259 4 OR_0
        205 n260 6 AND_0
        206 n261 7 MAJ_0
        207 n262 8 AND_0
        208 n263 7 AND_0
        209 n264 8 MAJ_0
        210 n265 9 AND_0
        211 n266 5 MAJ_0
        212 n267 6 AND_0
        213 n268 10 OR_0
        214 n269 11 MAJ_0
        215 n270 12 OR_0
        216 n271 5 OR_0
        217 n272 6 OR_0
        218 n273 3 OR_0
        219 n274 7 AND_0
        220 n275 8 MAJ_0
        221 n276 13 AND_0
        222 n277 17 AND_1
        223 n278 17 AND_1
        224 n279 18 AND_0
        225 n280 19 AND_1
        226 n281 20 MAJ_1
        227 n282 3 AND_1
        228 n283 4 AND_0
        229 n284 18 AND_0
        230 n285 19 AND_1
        231 n286 21 MAJ_1
        232 n287 17 OR_0
        233 n288 18 AND_1
        234 n289 18 AND_1
        235 n290 19 MAJ_1
        236 n291 18 OR_0
        237 n292 19 AND_1
        238 n293 20 MAJ_0
        239 n294 22 AND_1
        240 n295 23 MAJ_1
        241 n296 24 AND_0
        242 n297 6 AND_1
        243 n298 2 OR_0
        244 n299 7 MAJ_0
        245 n300 8 AND_1
        246 n301 9 MAJ_1
        247 n302 10 AND_1
        248 n303 11 AND_0
        249 n304 12 AND_1
        250 n305 3 AND_0
        251 n306 5 AND_0
        252 n307 12 AND_0
        253 n308 13 AND_0
        254 n309 13 AND_1
        255 n310 14 MAJ_1
        256 n311 3 AND_0
        257 n312 4 AND_0
        258 n313 3 AND_0
        259 n314 5 OR_0
        260 n315 6 MAJ_0
        261 n316 4 AND_0
        262 n317 5 AND_0
        263 n318 7 OR_0
        264 n319 8 MAJ_0
        265 n320 3 AND_0
        266 n321 4 AND_0
        267 n322 3 AND_0
        268 n323 5 OR_0
        269 n324 6 MAJ_0
        270 n325 3 AND_0
        271 n326 4 AND_0
        272 n327 5 OR_0
        273 n328 6 MAJ_0
        274 n329 9 OR_0
        275 n330 10 MAJ_1
        276 n331 11 OR_0
        277 n332 14 OR_0
        278 n333 13 AND_1
        279 n334 15 MAJ_1
        280 n335 5 MAJ_0
        281 n336 6 AND_0
        282 n337 7 AND_1
        283 n338 8 AND_1
        284 n339 9 MAJ_1
        285 n340 7 AND_1
        286 n341 8 AND_1
        287 n342 12 MAJ_1
        288 n343 10 OR_0
        289 n344 13 MAJ_0
        290 n345 13 OR_0
        291 n346 14 MAJ_0
        292 n347 3 AND_0
        293 n348 7 MAJ_1
        294 n349 8 AND_0
        295 n35 3 MAJ_0
        296 n350 14 AND_0
        297 n351 15 OR_0
        298 n352 16 MAJ_0
        299 n353 16 OR_0
        300 n354 17 AND_1
        301 n355 3 AND_0
        302 n356 4 AND_0
        303 n357 3 OR_0
        304 n358 6 AND_0
        305 n359 7 AND_0
        306 n36 4 MAJ_1
        307 n360 8 AND_1
        308 n361 9 MAJ_0
        309 n362 10 AND_0
        310 n363 3 AND_1
        311 n364 5 MAJ_0
        312 n365 11 MAJ_1
        313 n366 12 MAJ_0
        314 n367 13 OR_0
        315 n368 14 MAJ_0
        316 n369 3 AND_1
        317 n37 5 MAJ_1
        318 n370 13 OR_0
        319 n371 14 MAJ_0
        320 n372 6 AND_1
        321 n373 15 OR_0
        322 n374 15 AND_0
        323 n375 16 MAJ_0
        324 n376 3 MAJ_0
        325 n377 4 MAJ_1
        326 n378 5 AND_0
        327 n379 5 AND_1
        328 n38 1 AND_1
        329 n380 6 MAJ_1
        330 n381 15 OR_0
        331 n382 16 AND_0
        332 n383 17 MAJ_0
        333 n384 3 AND_0
        334 n385 4 AND_1
        335 n386 3 AND_1
        336 n387 4 AND_0
        337 n388 7 AND_0
        338 n389 8 MAJ_0
        339 n39 2 AND_1
        340 n390 9 AND_0
        341 n391 18 AND_0
        342 n392 19 OR_0
        343 n393 3 AND_1
        344 n394 4 AND_1
        345 n395 5 MAJ_1
        346 n396 5 MAJ_1
        347 n397 6 AND_1
        348 n398 3 MAJ_0
        349 n399 7 MAJ_1
        350 n40 3 MAJ_1
        351 n400 8 AND_1
        352 n401 3 AND_1
        353 n402 4 AND_0
        354 n403 9 MAJ_0
        355 n404 10 AND_0
        356 n405 11 AND_0
        357 n406 11 MAJ_1
        358 n407 12 AND_0
        359 n408 12 AND_1
        360 n409 13 MAJ_1
        361 n41 4 OR_0
        362 n410 5 AND_0
        363 n411 13 AND_1
        364 n412 14 MAJ_1
        365 n413 4 AND_1
        366 n414 3 AND_1
        367 n415 5 MAJ_1
        368 n416 4 MAJ_1
        369 n417 5 AND_1
        370 n418 3 AND_1
        371 n419 4 OR_0
        372 n42 5 MAJ_1
        373 n420 5 MAJ_0
        374 n421 7 AND_0
        375 n422 8 MAJ_0
        376 n423 9 AND_0
        377 n424 5 MAJ_1
        378 n425 6 AND_0
        379 n426 7 AND_1
        380 n427 10 AND_1
        381 n428 11 OR_0
        382 n429 15 OR_0
        383 n43 5 MAJ_1
        384 n430 16 AND_0
        385 n431 17 AND_0
        386 n432 20 MAJ_0
        387 n433 21 MAJ_1
        388 n434 22 AND_1
        389 n435 23 AND_0
        390 n436 24 AND_1
        391 n437 3 AND_0
        392 n438 4 MAJ_0
        393 n439 5 AND_0
        394 n44 6 MAJ_1
        395 n440 6 OR_0
        396 n441 7 AND_1
        397 n442 8 MAJ_1
        398 n443 4 MAJ_0
        399 n444 5 AND_0
        400 n445 3 AND_1
        401 n446 6 AND_1
        402 n447 7 MAJ_1
        403 n448 6 OR_0
        404 n449 7 OR_0
        405 n45 2 OR_0
        406 n450 8 MAJ_1
        407 n451 4 AND_1
        408 n452 5 AND_0
        409 n453 9 MAJ_0
        410 n454 3 AND_1
        411 n455 4 MAJ_0
        412 n456 5 AND_0
        413 n457 10 AND_1
        414 n458 11 MAJ_0
        415 n459 12 AND_0
        416 n46 3 AND_0
        417 n460 6 MAJ_1
        418 n461 7 AND_1
        419 n462 6 AND_0
        420 n463 6 OR_0
        421 n464 7 AND_0
        422 n465 8 MAJ_0
        423 n466 13 MAJ_0
        424 n467 13 MAJ_1
        425 n468 14 AND_1
        426 n469 15 AND_1
        427 n47 4 MAJ_1
        428 n470 7 AND_0
        429 n471 8 AND_1
        430 n472 9 MAJ_1
        431 n473 10 AND_1
        432 n474 11 AND_1
        433 n475 3 AND_1
        434 n476 4 MAJ_1
        435 n477 5 MAJ_1
        436 n478 6 MAJ_0
        437 n479 3 AND_1
        438 n48 2 AND_1
        439 n480 4 MAJ_1
        440 n481 5 MAJ_1
        441 n482 6 MAJ_0
        442 n483 7 AND_0
        443 n484 8 MAJ_0
        444 n485 7 AND_1
        445 n486 8 MAJ_0
        446 n487 9 MAJ_1
        447 n488 10 OR_0
        448 n489 4 AND_0
        449 n49 5 AND_1
        450 n490 11 MAJ_1
        451 n491 12 AND_0
        452 n492 3 MAJ_0
        453 n493 3 MAJ_1
        454 n494 4 AND_0
        455 n495 4 MAJ_1
        456 n496 5 AND_0
        457 n497 3 AND_0
        458 n498 6 AND_1
        459 n499 7 MAJ_1
        460 n50 2 AND_0
        461 n500 8 AND_1
        462 n501 9 MAJ_1
        463 n502 10 AND_1
        464 n503 3 AND_1
        465 n504 11 MAJ_1
        466 n505 12 AND_1
        467 n506 16 OR_0
        468 n507 17 MAJ_1
        469 n508 18 OR_0
        470 n509 16 OR_0
        471 n51 6 AND_1
        472 n510 3 AND_1
        473 n511 4 MAJ_1
        474 n512 5 AND_1
        475 n513 17 AND_1
        476 n514 19 AND_1
        477 n515 20 MAJ_1
        478 n516 19 OR_0
        479 n517 20 AND_1
        480 n518 21 MAJ_0
        481 n519 16 AND_1
        482 n52 7 AND_1
        483 n520 6 AND_0
        484 n521 17 AND_1
        485 n522 18 MAJ_1
        486 n523 17 AND_0
        487 n524 18 AND_1
        488 n525 19 MAJ_1
        489 n526 22 AND_0
        490 n527 23 AND_0
        491 n528 24 AND_1
        492 n53 3 MAJ_1
        493 n54 4 MAJ_1
        494 n55 5 MAJ_1
        495 n56 2 AND_1
        496 n57 3 MAJ_1
        497 n58 4 MAJ_1
        498 n59 7 AND_1
        499 n60 8 AND_0
        500 n61 9 AND_1
        501 n62 10 MAJ_1
        502 n63 6 OR_0
        503 n64 8 AND_0
        504 n65 7 OR_0
        505 n66 8 AND_1
        506 n67 8 AND_1
        507 n68 9 MAJ_1
        508 n69 6 AND_1
        509 n70 8 OR_0
        510 n71 11 OR_0
        511 n72 12 MAJ_1
        512 n73 13 AND_1
        513 n74 7 MAJ_1
        514 n75 14 MAJ_0
        515 n76 15 AND_1
        516 n77 2 AND_1
        517 n78 3 AND_0
        518 n79 3 AND_0
        519 n80 5 AND_0
        520 n81 6 OR_0
        521 n82 7 MAJ_0
        522 n83 3 AND_0
        523 n84 5 AND_0
        524 n85 6 OR_0
        525 n86 7 MAJ_0
        526 n87 3 AND_0
        527 n88 5 AND_0
        528 n89 6 OR_0
        529 n90 7 MAJ_0
        530 n91 5 AND_0
        531 n92 6 OR_0
        532 n93 7 MAJ_0
        533 n94 8 OR_0
        534 n95 9 MAJ_1
        535 n96 10 OR_0
        536 n97 4 OR_0
        537 n98 6 AND_0
        538 n99 7 MAJ_0
        539 v1 4 VIR
        540 v10 5 VIR
        541 v100 2 VIR
        542 v101 2 VIR
        543 v102 2 VIR
        544 v103 2 VIR
        545 v104 2 VIR
        546 v105 2 VIR
        547 v106 2 VIR
        548 v107 2 VIR
        549 v108 2 VIR
        550 v109 2 VIR
        551 v11 6 VIR
        552 v110 2 VIR
        553 v111 2 VIR
        554 v112 2 VIR
        555 v113 2 VIR
        556 v114 2 VIR
        557 v115 2 VIR
        558 v116 2 VIR
        559 v117 2 VIR
        560 v118 2 VIR
        561 v119 2 VIR
        562 v12 6 VIR
        563 v120 2 VIR
        564 v121 2 VIR
        565 v122 2 VIR
        566 v123 2 VIR
        567 v124 2 VIR
        568 v125 2 VIR
        569 v126 2 VIR
        570 v127 2 VIR
        571 v128 2 VIR
        572 v129 2 VIR
        573 v13 7 VIR
        574 v130 2 VIR
        575 v131 2 VIR
        576 v132 2 VIR
        577 v133 2 VIR
        578 v134 2 VIR
        579 v135 2 VIR
        580 v136 2 VIR
        581 v137 2 VIR
        582 v138 2 VIR
        583 v139 2 VIR
        584 v14 4 VIR
        585 v140 2 VIR
        586 v141 2 VIR
        587 v142 2 VIR
        588 v143 2 VIR
        589 v144 2 VIR
        590 v145 2 VIR
        591 v146 2 VIR
        592 v147 2 VIR
        593 v148 2 VIR
        594 v149 2 VIR
        595 v15 4 VIR
        596 v150 2 VIR
        597 v151 2 VIR
        598 v152 2 VIR
        599 v153 2 VIR
        600 v154 2 VIR
        601 v155 2 VIR
        602 v156 2 VIR
        603 v157 2 VIR
        604 v158 2 VIR
        605 v159 2 VIR
        606 v16 13 VIR
        607 v160 2 VIR
        608 v161 2 VIR
        609 v162 2 VIR
        610 v163 2 VIR
        611 v164 2 VIR
        612 v165 2 VIR
        613 v166 2 VIR
        614 v167 2 VIR
        615 v168 2 VIR
        616 v169 2 VIR
        617 v17 6 VIR
        618 v170 2 VIR
        619 v171 2 VIR
        620 v172 2 VIR
        621 v173 2 VIR
        622 v174 2 VIR
        623 v175 2 VIR
        624 v176 2 VIR
        625 v177 2 VIR
        626 v178 2 VIR
        627 v179 2 VIR
        628 v18 3 VIR
        629 v180 2 VIR
        630 v181 2 VIR
        631 v182 2 VIR
        632 v183 2 VIR
        633 v184 2 VIR
        634 v185 2 VIR
        635 v186 2 VIR
        636 v187 2 VIR
        637 v188 2 VIR
        638 v189 2 VIR
        639 v19 3 VIR
        640 v190 2 VIR
        641 v191 2 VIR
        642 v192 2 VIR
        643 v193 2 VIR
        644 v194 2 VIR
        645 v195 2 VIR
        646 v196 3 VIR
        647 v197 3 VIR
        648 v198 3 VIR
        649 v199 3 VIR
        650 v2 4 VIR
        651 v20 4 VIR
        652 v200 3 VIR
        653 v201 3 VIR
        654 v202 3 VIR
        655 v203 3 VIR
        656 v21 4 VIR
        657 v22 4 VIR
        658 v23 4 VIR
        659 v24 4 VIR
        660 v25 4 VIR
        661 v26 5 VIR
        662 v27 5 VIR
        663 v28 5 VIR
        664 v29 8 VIR
        665 v3 14 VIR
        666 v30 1 VIR
        667 v31 1 VIR
        668 v32 1 VIR
        669 v33 1 VIR
        670 v34 1 VIR
        671 v35 1 VIR
        672 v36 1 VIR
        673 v37 1 VIR
        674 v38 1 VIR
        675 v39 1 VIR
        676 v4 14 VIR
        677 v40 1 VIR
        678 v41 1 VIR
        679 v42 1 VIR
        680 v43 1 VIR
        681 v44 1 VIR
        682 v45 1 VIR
        683 v46 1 VIR
        684 v47 1 VIR
        685 v48 1 VIR
        686 v49 1 VIR
        687 v5 4 VIR
        688 v50 1 VIR
        689 v51 1 VIR
        690 v52 1 VIR
        691 v53 1 VIR
        692 v54 1 VIR
        693 v55 1 VIR
        694 v56 1 VIR
        695 v57 1 VIR
        696 v58 1 VIR
        697 v59 1 VIR
        698 v6 5 VIR
        699 v60 1 VIR
        700 v61 1 VIR
        701 v62 1 VIR
        702 v63 1 VIR
        703 v64 1 VIR
        704 v65 1 VIR
        705 v66 1 VIR
        706 v67 1 VIR
        707 v68 1 VIR
        708 v69 1 VIR
        709 v7 5 VIR
        710 v70 1 VIR
        711 v71 1 VIR
        712 v72 1 VIR
        713 v73 1 VIR
        714 v74 1 VIR
        715 v75 1 VIR
        716 v76 1 VIR
        717 v77 1 VIR
        718 v78 1 VIR
        719 v79 1 VIR
        720 v8 5 VIR
        721 v80 1 VIR
        722 v81 1 VIR
        723 v82 1 VIR
        724 v83 1 VIR
        725 v84 1 VIR
        726 v85 1 VIR
        727 v86 1 VIR
        728 v87 1 VIR
        729 v88 1 VIR
        730 v89 1 VIR
        731 v9 4 VIR
        732 v90 1 VIR
        733 v91 1 VIR
        734 v92 1 VIR
        735 v93 1 VIR
        736 v94 1 VIR
        737 v95 6 VIR
        738 v96 6 VIR
        739 v97 6 VIR
        740 v98 2 VIR
        741 v99 2 VIR
    ]
    edge:
    [
        28 328
        29 328
        1 666
        1 667
        1 668
        2 669
        11 670
        11 671
        11 672
        12 673
        12 674
        12 675
        13 677
        13 678
        13 679
        14 680
        14 681
        14 682
        15 683
        16 684
        16 685
        16 686
        17 688
        18 689
        18 690
        18 691
        3 692
        3 693
        3 694
        21 695
        21 696
        22 697
        22 699
        22 700
        23 701
        23 702
        23 703
        24 704
        24 705
        24 706
        26 707
        27 708
        27 710
        30 711
        4 712
        4 713
        4 714
        31 715
        32 716
        5 717
        5 718
        5 719
        6 721
        6 722
        6 723
        7 724
        7 725
        7 726
        8 727
        8 728
        8 729
        9 730
        9 732
        9 733
        10 734
        10 735
        10 736
        2 243
        671 243
        699 339
        706 339
        704 405
        27 405
        701 438
        25 438
        704 460
        708 460
        697 495
        26 495
        669 516
        19 516
        666 541
        667 542
        667 543
        667 544
        668 545
        668 546
        668 547
        670 548
        670 549
        671 550
        672 552
        673 553
        674 554
        675 555
        677 556
        678 557
        680 558
        681 559
        682 560
        684 561
        684 563
        685 564
        685 565
        686 566
        686 567
        689 568
        692 569
        692 570
        692 571
        693 572
        693 574
        693 575
        694 576
        694 577
        694 578
        697 579
        699 580
        700 581
        701 582
        702 583
        712 585
        712 586
        712 587
        713 588
        713 589
        713 590
        714 591
        714 592
        714 593
        717 594
        717 596
        717 597
        718 598
        718 599
        718 600
        719 601
        719 602
        721 603
        721 604
        721 605
        722 607
        722 608
        722 609
        723 610
        723 611
        723 612
        724 613
        724 614
        725 615
        725 616
        726 618
        726 619
        727 620
        727 621
        727 622
        728 623
        728 624
        728 625
        729 626
        729 627
        729 629
        730 630
        730 631
        730 632
        732 633
        732 634
        732 635
        733 636
        733 637
        733 638
        734 640
        734 641
        735 642
        735 643
        736 644
        736 645
        666 740
        666 741
        579 45
        702 45
        602 48
        695 48
        605 51
        564 51
        588 52
        559 52
        602 82
        618 82
        585 92
        603 92
        734 108
        561 108
        740 110
        553 110
        640 115
        553 115
        604 118
        640 118
        741 138
        641 138
        726 154
        638 154
        680 168
        561 168
        594 171
        613 171
        614 187
        632 187
        550 192
        701 192
        631 201
        681 201
        577 218
        555 218
        637 227
        552 227
        630 250
        670 250
        682 256
        568 256
        626 258
        560 258
        612 265
        690 265
        593 267
        627 267
        566 270
        690 270
        578 292
        645 292
        683 295
        581 295
        703 295
        578 301
        716 301
        594 303
        613 303
        631 310
        548 310
        592 316
        612 316
        598 324
        615 324
        633 324
        577 333
        711 333
        577 335
        715 335
        614 343
        631 343
        588 348
        622 348
        556 348
        700 350
        706 350
        339 350
        609 352
        623 352
        608 366
        33 366
        624 370
        716 370
        550 391
        678 391
        570 400
        30 400
        630 410
        677 410
        697 416
        405 416
        589 433
        624 433
        588 437
        609 437
        587 452
        608 452
        621 452
        610 453
        624 453
        32 453
        596 457
        632 457
        576 464
        550 464
        545 472
        629 472
        704 492
        708 492
        438 492
        705 496
        708 496
        495 496
        569 517
        680 517
        673 518
        558 518
        569 522
        585 522
        585 526
        673 526
        516 628
        516 639
        569 646
        603 647
        604 648
        607 649
        608 652
        610 653
        620 654
        740 655
        586 60
        51 60
        684 89
        526 89
        646 93
        92 93
        563 96
        522 96
        563 99
        517 99
        570 109
        108 109
        646 113
        603 113
        570 119
        118 119
        655 120
        607 120
        605 123
        115 123
        655 124
        571 124
        620 169
        689 169
        168 169
        652 176
        558 176
        597 188
        187 188
        725 202
        201 202
        559 204
        171 204
        618 228
        227 228
        611 257
        256 257
        647 261
        620 261
        591 266
        265 266
        592 271
        270 271
        545 302
        301 302
        688 306
        703 306
        295 306
        634 325
        671 325
        324 325
        544 334
        333 334
        545 336
        335 336
        596 344
        343 344
        589 353
        352 353
        339 361
        350 361
        649 365
        34 365
        621 368
        31 368
        92 368
        586 371
        648 371
        599 392
        616 392
        391 392
        594 398
        724 398
        250 398
        649 407
        654 407
        596 411
        613 411
        410 411
        26 427
        405 427
        416 427
        625 434
        715 434
        433 434
        610 439
        31 439
        437 439
        636 448
        391 448
        452 454
        453 454
        652 455
        622 455
        32 455
        17 473
        711 473
        472 473
        705 493
        438 493
        492 493
        705 497
        405 497
        496 497
        654 536
        689 536
        51 539
        303 584
        303 595
        52 650
        517 651
        518 656
        518 657
        522 658
        522 659
        526 660
        92 687
        250 731
        539 53
        52 53
        558 61
        51 61
        60 61
        647 90
        89 90
        561 94
        93 94
        604 97
        96 97
        648 100
        99 100
        563 111
        109 111
        740 114
        113 114
        674 121
        119 121
        564 125
        123 125
        539 139
        138 139
        168 170
        169 170
        642 189
        188 189
        565 203
        201 203
        202 203
        626 211
        568 211
        176 211
        642 216
        188 216
        599 251
        731 251
        566 259
        257 259
        586 262
        261 262
        567 268
        266 268
        560 272
        271 272
        612 280
        567 280
        656 280
        549 311
        584 311
        310 311
        581 317
        295 317
        306 317
        324 326
        325 326
        636 327
        325 327
        633 345
        549 345
        344 345
        607 346
        30 346
        658 346
        672 362
        595 362
        622 367
        365 367
        366 367
        687 369
        368 369
        583 372
        710 372
        361 372
        590 373
        370 373
        371 373
        653 377
        625 377
        658 377
        703 383
        710 383
        361 383
        391 393
        392 393
        250 399
        398 399
        587 408
        407 408
        410 412
        411 412
        611 435
        433 435
        434 435
        625 440
        437 440
        439 440
        427 449
        438 449
        452 456
        455 456
        472 474
        473 474
        710 494
        492 494
        493 494
        736 519
        651 519
        644 523
        656 523
        644 527
        659 527
        644 530
        660 530
        261 540
        536 661
        536 662
        536 663
        93 698
        93 709
        188 720
        572 54
        554 54
        53 54
        571 62
        61 62
        674 65
        61 65
        518 91
        89 91
        90 91
        656 95
        698 95
        94 95
        517 98
        96 98
        97 98
        526 101
        99 101
        100 101
        109 112
        110 112
        111 112
        685 116
        114 116
        119 122
        120 122
        121 122
        123 126
        124 126
        125 126
        574 140
        675 140
        139 140
        630 172
        170 172
        575 190
        189 190
        614 196
        633 196
        662 196
        203 205
        204 205
        176 212
        211 212
        543 217
        216 217
        678 242
        720 242
        257 260
        258 260
        259 260
        266 269
        267 269
        268 269
        540 273
        271 273
        272 273
        657 281
        280 281
        34 304
        698 304
        592 320
        540 320
        672 329
        326 329
        327 329
        658 347
        346 347
        659 378
        377 378
        361 394
        372 394
        383 394
        679 395
        345 395
        262 401
        371 401
        677 403
        399 403
        716 417
        261 417
        367 417
        589 419
        367 419
        571 420
        369 420
        591 436
        433 436
        435 436
        591 441
        437 441
        440 441
        456 458
        457 458
        449 471
        460 471
        698 483
        474 483
        580 502
        494 502
        707 508
        494 508
        546 520
        519 520
        546 524
        523 524
        547 528
        527 528
        547 531
        530 531
        605 537
        661 537
        262 551
        262 562
        367 617
        661 737
        662 738
        663 739
        53 55
        54 55
        541 63
        735 63
        62 63
        541 66
        641 66
        65 66
        91 102
        95 102
        114 117
        115 117
        116 117
        139 141
        140 141
        170 173
        171 173
        172 173
        681 179
        737 179
        597 195
        738 195
        738 197
        196 197
        598 206
        566 206
        205 206
        590 208
        738 208
        720 219
        217 219
        2 244
        242 244
        243 244
        691 263
        562 263
        629 282
        281 282
        691 285
        281 285
        739 293
        61 293
        292 293
        741 305
        304 305
        562 337
        329 337
        623 349
        556 349
        347 349
        617 374
        373 374
        544 379
        378 379
        637 396
        395 396
        371 402
        400 402
        401 402
        548 404
        403 404
        540 418
        417 418
        419 421
        420 421
        715 428
        551 428
        584 442
        441 442
        572 444
        551 444
        454 459
        457 459
        458 459
        582 482
        471 482
        471 498
        497 498
        25 504
        471 504
        695 513
        328 513
        394 513
        657 521
        519 521
        520 521
        659 525
        523 525
        524 525
        660 529
        527 529
        528 529
        651 532
        530 532
        531 532
        564 538
        661 538
        537 538
        281 573
        543 56
        55 56
        643 57
        55 57
        62 64
        63 64
        65 67
        66 67
        554 76
        538 76
        98 103
        101 103
        102 103
        112 127
        117 127
        627 142
        141 142
        690 143
        141 143
        587 174
        173 174
        538 175
        173 175
        195 198
        197 198
        205 207
        206 207
        611 209
        565 209
        208 209
        217 220
        218 220
        219 220
        19 245
        244 245
        168 264
        562 264
        263 264
        691 283
        282 283
        629 286
        285 286
        292 294
        293 294
        621 307
        305 307
        334 338
        336 338
        337 338
        348 351
        349 351
        576 375
        369 375
        374 375
        393 397
        395 397
        396 397
        399 406
        402 406
        404 406
        418 422
        420 422
        421 422
        574 429
        428 429
        584 443
        436 443
        442 443
        617 445
        373 445
        444 445
        419 461
        459 461
        482 499
        494 499
        498 503
        502 503
        482 505
        504 505
        707 506
        482 506
        504 509
        508 509
        521 533
        525 533
        538 664
        664 46
        45 46
        739 58
        57 58
        663 68
        67 68
        575 73
        664 73
        541 77
        642 77
        76 77
        102 104
        103 104
        122 128
        126 128
        127 128
        650 144
        143 144
        609 177
        174 177
        737 180
        175 180
        634 199
        686 199
        198 199
        208 210
        209 210
        579 246
        702 246
        245 246
        260 274
        264 274
        578 284
        573 284
        283 284
        548 308
        303 308
        307 308
        337 340
        338 340
        653 354
        351 354
        353 354
        374 376
        375 376
        623 409
        406 409
        408 409
        635 430
        344 430
        429 430
        575 446
        444 446
        445 446
        615 462
        635 462
        461 462
        707 500
        499 500
        700 507
        505 507
        506 507
        529 534
        532 534
        533 534
        739 59
        56 59
        58 59
        663 69
        64 69
        68 69
        543 74
        643 74
        73 74
        76 78
        77 78
        737 105
        104 105
        127 129
        128 129
        650 145
        142 145
        144 145
        175 178
        176 178
        177 178
        174 181
        179 181
        180 181
        198 200
        199 200
        210 213
        212 213
        245 247
        246 247
        269 275
        273 275
        274 275
        593 288
        284 288
        307 309
        308 309
        345 355
        354 355
        544 380
        376 380
        409 413
        412 413
        557 431
        430 431
        444 447
        446 447
        461 463
        462 463
        498 501
        499 501
        500 501
        533 535
        534 535
        535 47
        45 47
        46 47
        583 70
        59 70
        73 75
        74 75
        52 79
        78 79
        741 106
        640 106
        105 106
        662 130
        129 130
        616 146
        69 146
        178 182
        181 182
        200 214
        207 214
        213 214
        21 248
        247 248
        274 276
        275 276
        309 312
        310 312
        311 312
        576 356
        355 356
        626 357
        687 357
        355 357
        379 381
        380 381
        572 414
        551 414
        413 414
        552 432
        431 432
        443 450
        447 450
        448 450
        557 465
        463 465
        464 465
        501 510
        503 510
        516 49
        47 49
        48 49
        580 71
        70 71
        650 80
        75 80
        79 80
        105 107
        106 107
        590 131
        682 131
        130 131
        599 147
        146 147
        574 183
        182 183
        675 184
        182 184
        182 191
        720 191
        190 191
        213 215
        214 215
        679 249
        248 249
        248 252
        251 252
        276 287
        573 287
        286 287
        634 313
        310 313
        312 313
        687 358
        357 358
        636 359
        356 359
        413 415
        414 415
        448 451
        450 451
        464 466
        465 466
        507 511
        509 511
        510 511
        48 50
        49 50
        69 72
        70 72
        71 72
        45 81
        80 81
        130 132
        131 132
        615 133
        107 133
        145 148
        146 148
        147 148
        542 185
        183 185
        215 221
        220 221
        618 253
        252 253
        645 254
        249 254
        555 278
        249 278
        660 289
        287 289
        288 289
        664 290
        287 290
        33 314
        313 314
        627 318
        313 318
        731 360
        358 360
        359 360
        595 363
        358 363
        542 423
        378 423
        415 423
        542 424
        415 424
        422 424
        510 512
        511 512
        313 606
        601 83
        72 83
        598 134
        133 134
        138 186
        184 186
        185 186
        115 255
        253 255
        254 255
        249 277
        253 277
        76 291
        284 291
        290 291
        547 296
        289 296
        124 315
        606 315
        314 315
        606 319
        316 319
        318 319
        356 364
        362 364
        363 364
        423 425
        424 425
        695 514
        328 514
        512 514
        81 665
        81 676
        619 84
        83 84
        619 85
        676 85
        132 135
        133 135
        134 135
        186 193
        191 193
        192 193
        276 279
        277 279
        278 279
        291 297
        294 297
        319 321
        320 321
        315 322
        319 322
        315 330
        320 330
        360 382
        364 382
        17 426
        425 426
        513 515
        514 515
        82 86
        84 86
        85 86
        582 136
        135 136
        192 194
        193 194
        294 298
        296 298
        297 298
        255 299
        279 299
        302 323
        321 323
        322 323
        606 331
        330 331
        381 384
        382 384
        426 467
        432 467
        546 470
        426 470
        688 481
        426 481
        696 87
        628 87
        86 87
        637 137
        136 137
        194 222
        221 222
        699 223
        194 223
        552 232
        194 232
        298 300
        299 300
        329 332
        330 332
        331 332
        15 385
        384 385
        451 468
        466 468
        467 468
        397 475
        470 475
        709 484
        481 484
        474 486
        481 486
        639 88
        87 88
        137 149
        148 149
        579 150
        137 150
        638 158
        137 158
        665 224
        223 224
        222 229
        228 229
        223 233
        232 233
        601 234
        223 234
        665 236
        232 236
        323 341
        332 341
        467 469
        468 469
        470 485
        483 485
        484 485
        397 487
        486 487
        81 151
        150 151
        149 155
        154 155
        150 159
        158 159
        600 160
        150 160
        665 162
        158 162
        719 225
        224 225
        676 230
        229 230
        228 235
        233 235
        234 235
        602 237
        236 237
        340 342
        341 342
        469 476
        475 476
        397 478
        469 478
        481 488
        485 488
        487 488
        600 152
        151 152
        676 156
        155 156
        154 161
        159 161
        160 161
        601 163
        162 163
        222 226
        224 226
        225 226
        232 238
        235 238
        237 238
        679 386
        342 386
        385 386
        474 477
        475 477
        476 477
        709 479
        478 479
        149 153
        151 153
        152 153
        158 164
        161 164
        163 164
        222 231
        226 231
        230 231
        15 387
        385 387
        386 387
        469 480
        477 480
        479 480
        149 157
        153 157
        156 157
        231 239
        238 239
        385 388
        387 388
        480 489
        488 489
        157 165
        164 165
        696 240
        628 240
        239 240
        20 389
        388 389
        20 490
        489 490
        696 166
        628 166
        165 166
        639 241
        240 241
        669 390
        389 390
        669 491
        490 491
        639 167
        166 167
        683 35
        317 36
        515 37
        50 38
        88 39
        167 40
        241 41
        300 42
        390 43
        491 44
    ]
]
