circuit_name:ttt2new_processed
[
    node:
    [
        1 x0 0 PI
        2 x1 0 PI
        3 x2 0 PI
        4 x3 0 PI
        5 x4 0 PI
        6 x5 0 PI
        7 x6 0 PI
        8 x7 0 PI
        9 x8 0 PI
        10 x9 0 PI
        11 x10 0 PI
        12 x11 0 PI
        13 x12 0 PI
        14 x13 0 PI
        15 x14 0 PI
        16 x15 0 PI
        17 x16 0 PI
        18 x17 0 PI
        19 x18 0 PI
        20 x19 0 PI
        21 x20 0 PI
        22 x21 0 PI
        23 x22 0 PI
        24 x23 0 PI
        25 y0 18 PO_0
        26 y1 10 PO_0
        27 y2 22 PO_0
        28 y3 9 PO_0
        29 y4 11 PO_1
        30 y5 4 PO_1
        31 y6 8 PO_0
        32 y7 6 PO_0
        33 y8 8 PO_0
        34 y9 16 PO_0
        35 y10 11 PO_1
        36 y11 14 PO_0
        37 y12 14 PO_0
        38 y13 19 PO_0
        39 y14 13 PO_0
        40 y15 14 PO_0
        41 y16 14 PO_0
        42 y17 13 PO_0
        43 y18 12 PO_0
        44 y19 6 PO_0
        45 y20 5 PO_0
        46 n100 13 OR_0
        47 n101 14 MAJ_0
        48 n102 9 MAJ_1
        49 n103 10 AND_1
        50 n104 12 OR_0
        51 n105 13 OR_0
        52 n106 15 MAJ_1
        53 n107 11 OR_0
        54 n108 16 MAJ_1
        55 n109 17 OR_0
        56 n110 12 AND_0
        57 n111 9 AND_0
        58 n112 10 AND_0
        59 n113 11 MAJ_0
        60 n114 12 AND_0
        61 n115 13 AND_1
        62 n116 14 AND_0
        63 n117 15 MAJ_1
        64 n118 12 AND_0
        65 n119 13 AND_0
        66 n120 14 AND_1
        67 n121 15 MAJ_1
        68 n122 3 OR_0
        69 n123 10 MAJ_0
        70 n124 11 AND_1
        71 n125 16 OR_0
        72 n126 17 MAJ_0
        73 n127 18 OR_0
        74 n128 9 AND_0
        75 n129 10 AND_1
        76 n130 10 MAJ_0
        77 n131 11 AND_1
        78 n132 12 OR_0
        79 n133 13 MAJ_0
        80 n134 14 OR_0
        81 n135 15 MAJ_0
        82 n136 16 OR_0
        83 n137 10 AND_0
        84 n138 11 AND_1
        85 n139 3 AND_1
        86 n140 10 MAJ_1
        87 n141 11 AND_0
        88 n142 10 AND_1
        89 n143 11 AND_1
        90 n144 12 AND_0
        91 n145 13 MAJ_1
        92 n146 14 OR_0
        93 n147 15 MAJ_1
        94 n148 16 OR_0
        95 n149 10 MAJ_1
        96 n150 11 AND_1
        97 n151 11 AND_1
        98 n152 12 OR_0
        99 n153 13 MAJ_0
        100 n154 14 OR_0
        101 n155 15 MAJ_0
        102 n156 16 OR_0
        103 n157 11 AND_0
        104 n158 12 AND_1
        105 n159 13 MAJ_1
        106 n160 12 AND_1
        107 n161 13 AND_1
        108 n162 14 MAJ_1
        109 n163 17 OR_0
        110 n164 18 MAJ_1
        111 n165 19 OR_0
        112 n166 18 OR_0
        113 n167 20 MAJ_1
        114 n168 21 OR_0
        115 n169 3 AND_0
        116 n170 4 AND_1
        117 n171 5 AND_0
        118 n172 6 MAJ_0
        119 n173 7 AND_1
        120 n174 8 AND_1
        121 n175 4 MAJ_1
        122 n176 5 AND_1
        123 n177 6 AND_1
        124 n178 7 MAJ_1
        125 n179 3 AND_1
        126 n180 4 OR_0
        127 n181 5 MAJ_0
        128 n182 8 OR_0
        129 n183 9 OR_0
        130 n184 4 AND_1
        131 n185 10 OR_0
        132 n186 3 OR_0
        133 n187 3 AND_1
        134 n188 4 AND_1
        135 n189 3 AND_1
        136 n190 4 MAJ_1
        137 n191 5 AND_1
        138 n192 4 MAJ_0
        139 n193 5 AND_1
        140 n194 6 OR_0
        141 n195 7 OR_0
        142 n196 3 AND_0
        143 n197 4 OR_0
        144 n198 4 MAJ_0
        145 n199 5 AND_1
        146 n200 3 AND_0
        147 n201 2 AND_0
        148 n202 3 MAJ_1
        149 n203 4 MAJ_1
        150 n204 4 AND_0
        151 n205 5 OR_0
        152 n206 6 MAJ_1
        153 n207 7 AND_1
        154 n208 3 AND_1
        155 n209 4 AND_1
        156 n210 3 OR_0
        157 n211 4 AND_1
        158 n212 5 AND_0
        159 n213 6 OR_0
        160 n214 3 OR_0
        161 n215 4 MAJ_1
        162 n216 5 AND_1
        163 n217 2 AND_1
        164 n218 3 MAJ_1
        165 n219 4 AND_1
        166 n220 6 AND_1
        167 n221 7 AND_1
        168 n222 7 OR_0
        169 n223 8 MAJ_1
        170 n224 9 OR_0
        171 n225 6 AND_1
        172 n226 7 AND_1
        173 n227 8 AND_0
        174 n228 9 AND_1
        175 n229 10 MAJ_1
        176 n230 7 MAJ_1
        177 n231 8 AND_1
        178 n232 8 AND_0
        179 n233 9 AND_1
        180 n234 10 MAJ_1
        181 n235 11 OR_0
        182 n236 12 OR_0
        183 n237 5 AND_1
        184 n238 5 AND_1
        185 n239 6 AND_1
        186 n240 7 MAJ_1
        187 n241 9 AND_1
        188 n242 10 OR_0
        189 n243 11 MAJ_0
        190 n244 8 AND_0
        191 n245 9 AND_1
        192 n246 10 MAJ_1
        193 n247 13 OR_0
        194 n248 14 MAJ_1
        195 n249 15 OR_0
        196 n25 3 OR_0
        197 n250 4 AND_1
        198 n251 5 AND_1
        199 n252 6 MAJ_1
        200 n253 7 AND_1
        201 n254 8 MAJ_1
        202 n255 5 OR_0
        203 n256 9 MAJ_1
        204 n257 10 OR_0
        205 n258 3 AND_0
        206 n259 4 AND_1
        207 n26 3 AND_1
        208 n260 3 AND_0
        209 n261 4 MAJ_0
        210 n262 5 MAJ_1
        211 n263 5 MAJ_0
        212 n264 6 AND_1
        213 n265 7 AND_0
        214 n266 3 AND_0
        215 n267 4 AND_1
        216 n268 7 AND_0
        217 n269 8 AND_0
        218 n27 3 AND_1
        219 n270 8 AND_0
        220 n271 9 AND_0
        221 n272 10 MAJ_1
        222 n273 3 AND_1
        223 n274 5 OR_0
        224 n275 8 OR_0
        225 n276 9 AND_1
        226 n277 10 MAJ_1
        227 n278 7 AND_0
        228 n279 9 AND_0
        229 n28 4 AND_1
        230 n280 8 AND_0
        231 n281 9 AND_0
        232 n282 10 MAJ_1
        233 n283 9 OR_0
        234 n284 9 AND_0
        235 n285 10 MAJ_1
        236 n286 11 OR_0
        237 n287 12 MAJ_1
        238 n288 13 OR_0
        239 n289 3 AND_1
        240 n29 4 OR_0
        241 n290 4 AND_0
        242 n291 5 MAJ_1
        243 n292 7 MAJ_1
        244 n293 7 MAJ_0
        245 n294 8 AND_1
        246 n295 3 AND_1
        247 n296 4 AND_1
        248 n297 3 OR_0
        249 n298 5 MAJ_0
        250 n299 6 AND_1
        251 n30 3 AND_1
        252 n300 7 MAJ_0
        253 n301 8 AND_0
        254 n302 7 AND_0
        255 n303 9 AND_1
        256 n304 10 MAJ_1
        257 n305 8 MAJ_1
        258 n306 9 AND_1
        259 n307 6 AND_1
        260 n308 7 AND_1
        261 n309 7 AND_0
        262 n31 4 MAJ_1
        263 n310 9 MAJ_1
        264 n311 10 MAJ_1
        265 n312 11 OR_0
        266 n313 12 MAJ_1
        267 n314 13 OR_0
        268 n315 3 AND_0
        269 n316 4 OR_0
        270 n317 5 AND_1
        271 n318 6 MAJ_0
        272 n319 7 AND_0
        273 n32 5 AND_1
        274 n320 9 AND_0
        275 n321 10 AND_1
        276 n322 10 AND_1
        277 n323 11 AND_1
        278 n324 12 MAJ_1
        279 n325 9 AND_1
        280 n326 10 AND_0
        281 n327 3 AND_1
        282 n328 9 MAJ_1
        283 n329 10 AND_1
        284 n33 6 MAJ_1
        285 n330 9 MAJ_1
        286 n331 10 AND_1
        287 n332 8 AND_1
        288 n333 9 AND_0
        289 n334 10 AND_1
        290 n335 11 AND_0
        291 n336 12 MAJ_1
        292 n337 13 OR_0
        293 n338 14 MAJ_1
        294 n339 15 OR_0
        295 n34 7 OR_0
        296 n340 9 AND_1
        297 n341 10 AND_0
        298 n342 11 MAJ_1
        299 n343 12 AND_0
        300 n344 10 AND_0
        301 n345 11 AND_0
        302 n346 12 AND_0
        303 n347 13 MAJ_1
        304 n348 3 AND_1
        305 n349 4 MAJ_0
        306 n35 8 AND_1
        307 n350 9 MAJ_1
        308 n351 10 MAJ_0
        309 n352 4 OR_0
        310 n353 11 AND_0
        311 n354 10 AND_0
        312 n355 11 MAJ_1
        313 n356 12 AND_0
        314 n357 13 OR_0
        315 n358 14 MAJ_0
        316 n359 15 OR_0
        317 n36 9 MAJ_0
        318 n360 16 OR_0
        319 n361 17 MAJ_1
        320 n362 18 OR_0
        321 n363 3 AND_1
        322 n364 5 AND_1
        323 n365 6 MAJ_1
        324 n366 7 AND_0
        325 n367 7 AND_1
        326 n368 8 OR_0
        327 n369 9 MAJ_0
        328 n37 3 AND_1
        329 n370 5 MAJ_1
        330 n371 6 AND_1
        331 n372 3 AND_0
        332 n373 9 AND_1
        333 n374 10 MAJ_1
        334 n375 8 AND_1
        335 n376 9 OR_0
        336 n377 10 MAJ_0
        337 n378 10 OR_0
        338 n379 11 MAJ_1
        339 n38 4 AND_1
        340 n380 12 OR_0
        341 n381 5 MAJ_1
        342 n382 6 AND_1
        343 n383 7 AND_1
        344 n384 8 MAJ_1
        345 n385 3 AND_1
        346 n386 9 MAJ_1
        347 n387 10 AND_0
        348 n388 5 MAJ_1
        349 n389 6 AND_0
        350 n39 7 MAJ_1
        351 n390 7 AND_1
        352 n391 8 MAJ_0
        353 n392 9 AND_0
        354 n393 11 AND_1
        355 n394 12 AND_1
        356 n395 13 MAJ_1
        357 n396 3 AND_0
        358 n397 5 MAJ_1
        359 n398 6 AND_1
        360 n399 4 OR_0
        361 n40 3 AND_1
        362 n400 3 AND_1
        363 n401 4 AND_1
        364 n402 5 MAJ_0
        365 n403 3 OR_0
        366 n404 6 MAJ_0
        367 n405 7 AND_1
        368 n406 4 MAJ_1
        369 n407 5 AND_0
        370 n408 6 AND_1
        371 n409 7 AND_1
        372 n41 3 AND_0
        373 n410 8 AND_1
        374 n411 9 AND_1
        375 n412 10 MAJ_1
        376 n413 11 AND_1
        377 n414 12 AND_0
        378 n415 13 MAJ_1
        379 n416 5 MAJ_0
        380 n417 6 AND_1
        381 n418 3 AND_0
        382 n419 6 MAJ_1
        383 n42 4 MAJ_1
        384 n420 7 AND_0
        385 n421 3 MAJ_1
        386 n422 3 MAJ_1
        387 n423 4 AND_0
        388 n424 5 MAJ_0
        389 n425 6 AND_1
        390 n426 7 AND_1
        391 n427 8 AND_1
        392 n428 9 MAJ_1
        393 n429 10 AND_1
        394 n43 3 AND_1
        395 n430 11 AND_0
        396 n431 12 MAJ_1
        397 n432 3 AND_1
        398 n433 3 AND_1
        399 n434 4 AND_1
        400 n435 5 MAJ_1
        401 n436 6 AND_1
        402 n437 4 AND_0
        403 n438 5 AND_1
        404 n439 7 MAJ_1
        405 n44 5 OR_0
        406 n440 4 MAJ_1
        407 n441 5 AND_0
        408 n442 7 AND_1
        409 n443 7 AND_0
        410 n444 8 AND_1
        411 n445 9 MAJ_1
        412 n446 8 OR_0
        413 n447 10 MAJ_1
        414 n448 11 OR_0
        415 n449 3 AND_1
        416 n45 10 AND_1
        417 n450 4 MAJ_1
        418 n451 5 MAJ_1
        419 n452 2 AND_1
        420 n453 3 MAJ_1
        421 n454 4 MAJ_1
        422 n46 11 MAJ_1
        423 n47 12 AND_1
        424 n48 5 AND_0
        425 n49 6 AND_1
        426 n50 13 MAJ_1
        427 n51 3 AND_1
        428 n52 5 AND_1
        429 n53 13 AND_1
        430 n54 13 AND_0
        431 n55 14 AND_1
        432 n56 15 MAJ_1
        433 n57 14 OR_0
        434 n58 16 MAJ_1
        435 n59 17 OR_0
        436 n60 3 OR_0
        437 n61 4 MAJ_1
        438 n62 5 AND_1
        439 n63 3 AND_0
        440 n64 4 OR_0
        441 n65 6 AND_1
        442 n66 7 MAJ_1
        443 n67 8 AND_0
        444 n68 4 MAJ_0
        445 n69 5 AND_1
        446 n70 7 AND_1
        447 n71 9 AND_1
        448 n72 2 AND_1
        449 n73 3 AND_1
        450 n74 4 MAJ_1
        451 n75 5 AND_1
        452 n76 3 OR_0
        453 n77 6 AND_1
        454 n78 7 MAJ_1
        455 n79 3 AND_1
        456 n80 9 MAJ_1
        457 n81 10 AND_0
        458 n82 4 AND_0
        459 n83 4 AND_1
        460 n84 5 OR_0
        461 n85 3 AND_1
        462 n86 9 MAJ_1
        463 n87 10 AND_1
        464 n88 10 MAJ_1
        465 n89 11 AND_0
        466 n90 9 AND_1
        467 n91 10 AND_1
        468 n92 12 AND_0
        469 n93 13 AND_1
        470 n94 14 MAJ_1
        471 n95 10 AND_0
        472 n96 11 MAJ_1
        473 n97 12 MAJ_1
        474 n98 13 AND_1
        475 n99 12 AND_1
        476 v1 4 VIR
        477 v10 4 VIR
        478 v100 2 VIR
        479 v101 2 VIR
        480 v102 2 VIR
        481 v103 2 VIR
        482 v104 2 VIR
        483 v105 2 VIR
        484 v106 2 VIR
        485 v107 2 VIR
        486 v108 2 VIR
        487 v109 2 VIR
        488 v11 4 VIR
        489 v110 2 VIR
        490 v111 2 VIR
        491 v112 2 VIR
        492 v113 2 VIR
        493 v114 2 VIR
        494 v115 2 VIR
        495 v116 2 VIR
        496 v117 2 VIR
        497 v118 2 VIR
        498 v119 2 VIR
        499 v12 4 VIR
        500 v120 2 VIR
        501 v121 2 VIR
        502 v122 2 VIR
        503 v123 2 VIR
        504 v124 2 VIR
        505 v125 2 VIR
        506 v126 2 VIR
        507 v127 2 VIR
        508 v128 2 VIR
        509 v129 2 VIR
        510 v13 4 VIR
        511 v130 2 VIR
        512 v131 2 VIR
        513 v132 2 VIR
        514 v133 2 VIR
        515 v134 2 VIR
        516 v135 2 VIR
        517 v136 2 VIR
        518 v137 2 VIR
        519 v138 2 VIR
        520 v139 2 VIR
        521 v14 8 VIR
        522 v140 6 VIR
        523 v141 2 VIR
        524 v142 2 VIR
        525 v143 2 VIR
        526 v144 2 VIR
        527 v145 2 VIR
        528 v146 2 VIR
        529 v147 2 VIR
        530 v148 2 VIR
        531 v149 2 VIR
        532 v15 5 VIR
        533 v150 2 VIR
        534 v151 2 VIR
        535 v152 2 VIR
        536 v153 2 VIR
        537 v154 2 VIR
        538 v155 2 VIR
        539 v156 2 VIR
        540 v157 2 VIR
        541 v158 2 VIR
        542 v159 2 VIR
        543 v16 8 VIR
        544 v160 2 VIR
        545 v161 2 VIR
        546 v162 2 VIR
        547 v163 2 VIR
        548 v164 2 VIR
        549 v165 2 VIR
        550 v166 2 VIR
        551 v167 2 VIR
        552 v168 2 VIR
        553 v169 2 VIR
        554 v17 4 VIR
        555 v170 6 VIR
        556 v171 2 VIR
        557 v172 2 VIR
        558 v173 2 VIR
        559 v174 2 VIR
        560 v175 2 VIR
        561 v176 2 VIR
        562 v177 2 VIR
        563 v178 2 VIR
        564 v179 2 VIR
        565 v18 4 VIR
        566 v180 2 VIR
        567 v181 2 VIR
        568 v182 2 VIR
        569 v183 2 VIR
        570 v184 2 VIR
        571 v185 2 VIR
        572 v186 2 VIR
        573 v187 2 VIR
        574 v188 3 VIR
        575 v189 3 VIR
        576 v19 4 VIR
        577 v190 3 VIR
        578 v191 3 VIR
        579 v192 3 VIR
        580 v193 3 VIR
        581 v194 3 VIR
        582 v195 3 VIR
        583 v2 4 VIR
        584 v20 8 VIR
        585 v21 6 VIR
        586 v22 6 VIR
        587 v23 8 VIR
        588 v24 8 VIR
        589 v25 8 VIR
        590 v26 4 VIR
        591 v27 8 VIR
        592 v28 4 VIR
        593 v29 4 VIR
        594 v3 6 VIR
        595 v30 4 VIR
        596 v31 4 VIR
        597 v32 4 VIR
        598 v33 4 VIR
        599 v34 6 VIR
        600 v35 8 VIR
        601 v36 8 VIR
        602 v37 8 VIR
        603 v38 6 VIR
        604 v39 11 VIR
        605 v4 4 VIR
        606 v40 1 VIR
        607 v41 1 VIR
        608 v42 1 VIR
        609 v43 1 VIR
        610 v44 1 VIR
        611 v45 1 VIR
        612 v46 1 VIR
        613 v47 1 VIR
        614 v48 1 VIR
        615 v49 1 VIR
        616 v5 5 VIR
        617 v50 1 VIR
        618 v51 1 VIR
        619 v52 1 VIR
        620 v53 1 VIR
        621 v54 1 VIR
        622 v55 1 VIR
        623 v56 1 VIR
        624 v57 1 VIR
        625 v58 1 VIR
        626 v59 1 VIR
        627 v6 3 VIR
        628 v60 1 VIR
        629 v61 1 VIR
        630 v62 1 VIR
        631 v63 1 VIR
        632 v64 1 VIR
        633 v65 1 VIR
        634 v66 1 VIR
        635 v67 1 VIR
        636 v68 1 VIR
        637 v69 1 VIR
        638 v7 5 VIR
        639 v70 1 VIR
        640 v71 1 VIR
        641 v72 1 VIR
        642 v73 1 VIR
        643 v74 1 VIR
        644 v75 1 VIR
        645 v76 1 VIR
        646 v77 1 VIR
        647 v78 1 VIR
        648 v79 1 VIR
        649 v8 5 VIR
        650 v80 1 VIR
        651 v81 1 VIR
        652 v82 1 VIR
        653 v83 1 VIR
        654 v84 1 VIR
        655 v85 1 VIR
        656 v86 1 VIR
        657 v87 1 VIR
        658 v88 1 VIR
        659 v89 1 VIR
        660 v9 5 VIR
        661 v90 5 VIR
        662 v91 9 VIR
        663 v92 9 VIR
        664 v93 9 VIR
        665 v94 2 VIR
        666 v95 2 VIR
        667 v96 2 VIR
        668 v97 2 VIR
        669 v98 2 VIR
        670 v99 2 VIR
    ]
    edge:
    [
        1 606
        1 607
        1 608
        2 609
        2 610
        2 611
        11 612
        11 613
        11 614
        15 615
        17 617
        17 618
        20 619
        20 620
        20 621
        3 622
        3 623
        3 624
        21 625
        21 626
        21 628
        22 629
        22 630
        22 631
        23 632
        23 633
        23 634
        24 635
        24 636
        24 637
        4 639
        4 640
        4 641
        5 642
        5 643
        5 644
        6 645
        6 646
        6 647
        7 648
        7 650
        7 651
        8 652
        8 653
        8 654
        9 655
        9 656
        9 657
        10 658
        10 659
        630 147
        633 147
        619 163
        625 163
        659 419
        13 419
        648 448
        10 448
        609 478
        609 479
        610 480
        610 481
        610 482
        611 483
        611 484
        611 485
        612 486
        612 487
        613 489
        613 490
        614 491
        614 492
        619 493
        619 494
        620 495
        620 496
        621 497
        621 498
        622 500
        623 501
        624 502
        625 503
        625 504
        626 505
        626 506
        628 507
        629 508
        630 509
        631 511
        635 512
        635 513
        635 514
        636 515
        636 516
        636 517
        637 518
        637 519
        637 520
        639 523
        639 524
        639 525
        640 526
        640 527
        640 528
        641 529
        641 530
        641 531
        642 533
        642 534
        642 535
        643 536
        643 537
        643 538
        644 539
        644 540
        644 541
        645 542
        645 544
        645 545
        646 546
        646 547
        646 548
        647 549
        647 550
        647 551
        648 552
        648 553
        650 556
        650 557
        651 558
        651 559
        652 560
        652 561
        653 562
        654 563
        655 564
        655 566
        655 567
        656 568
        656 569
        656 570
        657 571
        657 572
        657 573
        606 665
        606 666
        607 667
        607 668
        608 669
        609 670
        478 68
        523 68
        478 85
        534 85
        558 115
        18 115
        548 125
        19 125
        491 132
        498 132
        497 133
        507 133
        490 135
        495 135
        497 142
        507 142
        504 146
        509 146
        495 148
        626 148
        147 148
        486 154
        512 154
        486 156
        512 156
        566 160
        486 160
        629 164
        632 164
        163 164
        557 196
        658 196
        500 205
        564 205
        670 207
        560 207
        665 208
        564 208
        632 214
        513 214
        650 218
        560 218
        480 222
        501 222
        478 239
        513 239
        503 246
        632 246
        566 248
        493 248
        542 251
        658 251
        670 268
        512 268
        567 281
        515 281
        665 304
        479 304
        528 321
        489 321
        545 328
        15 328
        531 331
        520 331
        668 345
        517 345
        500 357
        524 357
        534 361
        15 361
        569 362
        494 362
        666 365
        482 365
        556 372
        615 372
        530 381
        550 381
        623 385
        535 385
        545 385
        525 386
        535 386
        545 386
        536 394
        556 394
        654 397
        489 397
        538 398
        448 398
        573 415
        12 415
        491 420
        13 420
        419 420
        523 427
        533 427
        526 436
        537 436
        539 439
        558 439
        670 449
        523 449
        542 452
        552 452
        536 455
        561 455
        480 461
        546 461
        542 574
        544 575
        546 577
        547 578
        549 579
        550 580
        564 581
        568 582
        163 627
        452 116
        115 116
        578 121
        557 121
        436 121
        529 126
        125 126
        580 130
        558 130
        490 134
        133 134
        506 136
        509 136
        135 136
        628 138
        634 138
        135 138
        511 143
        142 143
        614 144
        511 144
        142 144
        631 149
        146 149
        148 149
        498 150
        146 150
        581 155
        154 155
        566 157
        156 157
        633 161
        514 161
        160 161
        163 165
        164 165
        578 197
        557 197
        479 206
        205 206
        487 209
        156 209
        208 209
        629 215
        214 215
        480 229
        218 229
        534 240
        575 240
        665 241
        239 241
        508 247
        246 247
        544 262
        552 262
        251 262
        622 269
        268 269
        482 305
        501 305
        304 305
        624 309
        582 309
        536 339
        328 339
        570 360
        246 360
        509 363
        362 363
        535 368
        514 368
        357 368
        525 383
        361 383
        372 383
        385 387
        386 387
        526 399
        577 399
        196 402
        397 402
        530 406
        540 406
        397 406
        491 417
        12 417
        415 417
        659 421
        419 421
        420 421
        651 437
        659 437
        436 437
        579 440
        439 440
        553 444
        658 444
        427 444
        533 450
        448 450
        449 450
        574 458
        552 458
        533 459
        574 459
        68 476
        196 477
        207 488
        207 499
        207 510
        222 554
        222 565
        222 576
        85 583
        321 590
        357 592
        365 593
        365 595
        397 596
        427 597
        436 598
        135 605
        530 117
        240 117
        598 122
        121 122
        394 127
        125 127
        126 127
        605 137
        136 137
        605 139
        138 139
        143 145
        144 145
        490 151
        149 151
        508 158
        155 158
        160 162
        161 162
        155 183
        627 183
        630 184
        157 184
        531 198
        197 198
        654 202
        130 202
        666 210
        514 210
        209 210
        515 211
        206 211
        209 211
        668 223
        565 223
        481 242
        613 242
        241 242
        567 249
        247 249
        248 249
        612 270
        269 270
        544 273
        262 273
        607 322
        554 322
        519 329
        576 329
        321 329
        528 341
        539 341
        554 341
        529 348
        517 348
        554 348
        540 358
        579 358
        592 358
        572 364
        360 364
        363 364
        357 369
        368 369
        502 379
        519 379
        593 379
        516 388
        365 388
        387 388
        489 400
        398 400
        399 400
        550 403
        402 403
        383 405
        394 405
        596 407
        406 407
        573 418
        415 418
        417 418
        196 424
        499 424
        510 428
        597 428
        598 438
        437 438
        427 445
        444 445
        449 451
        450 451
        458 460
        459 460
        215 532
        157 616
        165 638
        165 649
        165 660
        488 661
        559 118
        240 118
        117 118
        19 123
        122 123
        137 140
        139 140
        634 152
        150 152
        151 152
        157 159
        158 159
        513 166
        638 166
        487 171
        638 171
        505 185
        184 185
        551 199
        14 199
        198 199
        210 212
        211 212
        516 250
        242 250
        242 259
        249 259
        606 271
        622 271
        270 271
        553 284
        262 284
        273 284
        154 323
        249 323
        322 323
        590 330
        329 330
        565 342
        341 342
        565 349
        348 349
        592 359
        358 359
        520 366
        364 366
        593 366
        483 370
        369 370
        595 380
        379 380
        394 382
        364 382
        381 382
        593 389
        388 389
        399 401
        400 401
        549 425
        424 425
        438 441
        440 441
        652 453
        451 453
        638 522
        649 555
        242 585
        249 586
        122 594
        445 599
        460 603
        116 119
        118 119
        439 124
        122 124
        123 124
        134 141
        140 141
        151 153
        152 153
        487 167
        166 167
        159 168
        162 168
        568 172
        171 172
        633 176
        516 176
        171 176
        616 186
        183 186
        185 186
        14 200
        594 200
        667 213
        212 213
        649 216
        212 216
        569 227
        212 227
        608 243
        484 243
        585 243
        484 244
        571 244
        585 244
        483 252
        582 252
        250 252
        555 254
        585 254
        485 260
        259 260
        571 261
        259 261
        270 272
        271 272
        553 295
        284 295
        154 324
        323 324
        586 325
        321 325
        522 343
        197 343
        615 350
        284 350
        339 350
        669 351
        349 351
        595 367
        366 367
        667 371
        370 371
        381 384
        382 384
        571 390
        389 390
        401 404
        402 404
        403 404
        597 408
        401 408
        477 409
        401 409
        559 442
        16 442
        441 442
        563 446
        599 446
        451 454
        452 454
        453 454
        563 120
        119 120
        124 128
        127 128
        620 169
        167 169
        168 169
        503 173
        167 173
        171 177
        176 177
        508 178
        167 178
        505 190
        172 190
        439 201
        594 201
        200 201
        505 217
        216 217
        213 219
        532 219
        213 224
        216 224
        223 230
        227 230
        243 245
        244 245
        250 253
        252 253
        669 257
        519 257
        254 257
        581 287
        272 287
        524 306
        295 306
        608 326
        325 326
        586 334
        324 334
        570 344
        197 344
        343 344
        573 352
        660 352
        351 352
        570 373
        371 373
        660 391
        390 391
        551 410
        409 410
        404 412
        407 412
        441 443
        442 443
        213 521
        216 543
        227 584
        254 587
        272 588
        272 589
        324 591
        454 600
        454 601
        454 602
        488 48
        600 48
        460 48
        575 57
        601 57
        560 74
        601 74
        563 129
        128 129
        168 170
        169 170
        493 174
        173 174
        568 179
        178 179
        518 187
        177 187
        621 191
        190 191
        199 203
        201 203
        202 203
        495 220
        219 220
        496 225
        543 225
        628 228
        521 228
        497 231
        230 231
        543 233
        227 233
        507 234
        584 234
        586 255
        253 255
        587 258
        257 258
        485 263
        587 263
        261 263
        522 274
        589 274
        532 279
        589 279
        215 282
        588 282
        281 282
        166 285
        215 285
        588 285
        623 288
        287 288
        515 296
        588 296
        589 307
        304 307
        305 307
        240 317
        295 317
        306 317
        324 327
        325 327
        326 327
        576 332
        591 332
        669 335
        334 335
        342 346
        344 346
        345 346
        351 353
        352 353
        555 374
        373 374
        559 392
        389 392
        391 392
        596 411
        409 411
        410 411
        443 447
        446 447
        618 456
        602 456
        455 456
        602 462
        603 462
        461 462
        600 466
        460 466
        600 662
        601 663
        602 664
        661 49
        48 49
        539 58
        664 58
        562 69
        664 69
        476 69
        481 75
        74 75
        17 76
        662 76
        68 76
        618 83
        663 83
        617 86
        663 86
        85 86
        524 88
        466 88
        663 95
        603 95
        583 95
        129 131
        130 131
        172 175
        173 175
        174 175
        177 180
        178 180
        179 180
        631 188
        187 188
        616 192
        190 192
        191 192
        202 204
        203 204
        521 221
        217 221
        220 221
        223 226
        224 226
        225 226
        584 232
        228 232
        231 232
        532 235
        233 235
        234 235
        253 256
        254 256
        255 256
        587 264
        260 264
        263 264
        518 275
        274 275
        569 276
        274 276
        649 280
        279 280
        281 283
        282 283
        166 286
        285 286
        503 289
        288 289
        624 297
        296 297
        502 300
        279 300
        667 308
        304 308
        307 308
        567 311
        296 311
        591 333
        331 333
        332 333
        590 336
        334 336
        335 336
        327 337
        330 337
        345 347
        346 347
        580 375
        371 375
        374 375
        380 393
        392 393
        408 413
        411 413
        412 413
        229 416
        317 416
        455 457
        456 457
        461 463
        462 463
        617 464
        488 464
        662 464
        653 467
        466 467
        445 471
        662 471
        457 53
        463 53
        499 59
        57 59
        58 59
        476 70
        69 70
        68 77
        76 77
        562 84
        83 84
        85 87
        86 87
        617 89
        88 89
        583 96
        95 96
        561 97
        49 97
        538 103
        467 103
        175 181
        180 181
        172 189
        187 189
        188 189
        221 236
        226 236
        245 265
        256 265
        627 277
        276 277
        493 290
        289 290
        496 298
        506 298
        297 298
        518 301
        300 301
        308 310
        309 310
        494 312
        504 312
        311 312
        333 338
        336 338
        337 338
        541 354
        347 354
        359 376
        375 376
        384 395
        393 395
        412 414
        413 414
        350 422
        405 422
        416 422
        661 465
        464 465
        537 472
        546 472
        471 472
        471 604
        483 50
        465 50
        562 56
        604 56
        510 60
        59 60
        618 64
        604 64
        471 78
        77 78
        57 90
        89 90
        537 98
        97 98
        527 104
        103 104
        548 106
        84 106
        170 182
        181 182
        232 237
        235 237
        236 237
        258 266
        264 266
        265 266
        627 278
        275 278
        277 278
        286 291
        288 291
        290 291
        297 299
        298 299
        572 302
        301 302
        311 313
        312 313
        337 340
        338 340
        353 355
        354 355
        367 377
        376 377
        492 396
        392 396
        395 396
        416 423
        422 423
        445 468
        465 468
        577 473
        556 473
        604 473
        653 475
        465 475
        547 46
        475 46
        49 51
        50 51
        540 61
        56 61
        547 65
        64 65
        499 79
        77 79
        78 79
        481 91
        88 91
        90 91
        64 99
        97 99
        98 99
        64 105
        103 105
        104 105
        467 107
        106 107
        182 193
        186 193
        236 238
        237 238
        265 267
        266 267
        283 292
        291 292
        299 303
        300 303
        302 303
        310 314
        313 314
        492 356
        347 356
        355 356
        492 378
        375 378
        377 378
        423 426
        424 426
        425 426
        423 429
        597 429
        477 430
        423 430
        526 469
        468 469
        472 474
        473 474
        474 47
        475 47
        46 47
        529 62
        61 62
        527 66
        65 66
        75 80
        79 80
        87 92
        91 92
        96 100
        99 100
        549 108
        105 108
        107 108
        189 194
        192 194
        193 194
        572 293
        280 293
        292 293
        660 315
        308 315
        314 315
        551 431
        430 431
        426 433
        428 433
        467 470
        468 470
        469 470
        484 52
        47 52
        51 52
        56 63
        60 63
        62 63
        474 67
        65 67
        66 67
        548 81
        56 81
        80 81
        527 93
        84 93
        92 93
        599 101
        49 101
        100 101
        193 195
        194 195
        292 294
        293 294
        314 316
        315 316
        510 432
        430 432
        431 432
        470 54
        52 54
        53 54
        67 71
        70 71
        80 82
        81 82
        92 94
        93 94
        100 102
        101 102
        278 318
        294 318
        429 434
        432 434
        433 434
        53 55
        54 55
        541 72
        474 72
        71 72
        82 109
        94 109
        303 319
        316 319
        318 319
        433 435
        434 435
        71 73
        72 73
        102 110
        108 110
        109 110
        55 112
        63 112
        318 320
        319 320
        109 111
        110 111
        73 113
        111 113
        112 113
        112 114
        113 114
        435 25
        447 26
        114 27
        120 28
        131 29
        132 30
        141 31
        145 32
        153 33
        195 34
        204 35
        238 36
        267 37
        320 38
        340 39
        356 40
        378 41
        396 42
        414 43
        418 44
        421 45
    ]
]
