circuit_name:unregnew_processed
[
    node:
    [
        1 x0 0 PI
        2 x1 0 PI
        3 x2 0 PI
        4 x3 0 PI
        5 x4 0 PI
        6 x5 0 PI
        7 x6 0 PI
        8 x7 0 PI
        9 x8 0 PI
        10 x9 0 PI
        11 x10 0 PI
        12 x11 0 PI
        13 x12 0 PI
        14 x13 0 PI
        15 x14 0 PI
        16 x15 0 PI
        17 x16 0 PI
        18 x17 0 PI
        19 x18 0 PI
        20 x19 0 PI
        21 x20 0 PI
        22 x21 0 PI
        23 x22 0 PI
        24 x23 0 PI
        25 x24 0 PI
        26 x25 0 PI
        27 x26 0 PI
        28 x27 0 PI
        29 x28 0 PI
        30 x29 0 PI
        31 x30 0 PI
        32 x31 0 PI
        33 x32 0 PI
        34 x33 0 PI
        35 x34 0 PI
        36 x35 0 PI
        37 y0 7 PO_1
        38 y1 8 PO_1
        39 y2 7 PO_1
        40 y3 8 PO_1
        41 y4 7 PO_1
        42 y5 7 PO_1
        43 y6 8 PO_1
        44 y7 8 PO_1
        45 y8 8 PO_1
        46 y9 8 PO_1
        47 y10 7 PO_1
        48 y11 7 PO_1
        49 y12 8 PO_1
        50 y13 7 PO_1
        51 y14 7 PO_1
        52 y15 7 PO_1
        53 n100 5 AND_0
        54 n101 3 OR_0
        55 n102 6 AND_1
        56 n103 3 MAJ_1
        57 n104 3 MAJ_0
        58 n105 4 AND_1
        59 n106 3 OR_0
        60 n107 5 AND_0
        61 n108 6 AND_1
        62 n109 4 MAJ_1
        63 n110 4 MAJ_0
        64 n111 5 AND_1
        65 n112 4 OR_0
        66 n113 6 AND_0
        67 n114 7 AND_1
        68 n115 3 MAJ_0
        69 n116 3 MAJ_1
        70 n117 4 AND_1
        71 n118 3 OR_0
        72 n119 5 AND_0
        73 n120 6 AND_1
        74 n121 3 MAJ_1
        75 n122 3 MAJ_0
        76 n123 4 AND_1
        77 n124 3 OR_0
        78 n125 5 AND_0
        79 n126 6 AND_1
        80 n127 3 MAJ_1
        81 n128 3 MAJ_0
        82 n129 4 AND_1
        83 n130 3 OR_0
        84 n131 5 AND_0
        85 n132 6 AND_1
        86 n37 3 MAJ_1
        87 n38 3 MAJ_0
        88 n39 4 AND_1
        89 n40 3 OR_0
        90 n41 5 AND_0
        91 n42 6 AND_1
        92 n43 4 MAJ_1
        93 n44 4 MAJ_0
        94 n45 5 AND_1
        95 n46 4 OR_0
        96 n47 6 AND_0
        97 n48 7 AND_1
        98 n49 3 MAJ_1
        99 n50 3 MAJ_0
        100 n51 4 AND_1
        101 n52 3 OR_0
        102 n53 5 AND_0
        103 n54 6 AND_1
        104 n55 4 MAJ_1
        105 n56 4 MAJ_0
        106 n57 5 AND_1
        107 n58 4 OR_0
        108 n59 6 AND_0
        109 n60 7 AND_1
        110 n61 3 MAJ_1
        111 n62 3 MAJ_1
        112 n63 4 AND_1
        113 n64 3 OR_0
        114 n65 5 AND_0
        115 n66 6 AND_1
        116 n67 3 MAJ_1
        117 n68 3 MAJ_0
        118 n69 4 AND_1
        119 n70 3 OR_0
        120 n71 5 AND_0
        121 n72 6 AND_1
        122 n73 3 MAJ_1
        123 n74 4 MAJ_0
        124 n75 5 AND_1
        125 n76 6 AND_0
        126 n77 4 OR_0
        127 n78 7 AND_1
        128 n79 4 MAJ_1
        129 n80 3 MAJ_0
        130 n81 5 AND_1
        131 n82 6 AND_0
        132 n83 3 OR_0
        133 n84 7 AND_1
        134 n85 3 MAJ_1
        135 n86 4 MAJ_0
        136 n87 5 AND_1
        137 n88 6 AND_0
        138 n89 4 OR_0
        139 n90 7 AND_1
        140 n91 4 MAJ_1
        141 n92 3 MAJ_0
        142 n93 5 AND_1
        143 n94 6 AND_0
        144 n95 3 OR_0
        145 n96 7 AND_1
        146 n97 3 MAJ_1
        147 n98 3 MAJ_0
        148 n99 4 AND_1
        149 v1 1 VIR
        150 v10 2 VIR
        151 v11 2 VIR
        152 v12 2 VIR
        153 v13 2 VIR
        154 v14 2 VIR
        155 v15 2 VIR
        156 v16 2 VIR
        157 v17 2 VIR
        158 v18 2 VIR
        159 v19 2 VIR
        160 v2 1 VIR
        161 v20 2 VIR
        162 v21 2 VIR
        163 v22 2 VIR
        164 v23 2 VIR
        165 v24 2 VIR
        166 v25 2 VIR
        167 v26 2 VIR
        168 v27 2 VIR
        169 v28 2 VIR
        170 v29 2 VIR
        171 v3 1 VIR
        172 v30 2 VIR
        173 v31 2 VIR
        174 v32 2 VIR
        175 v33 2 VIR
        176 v34 2 VIR
        177 v35 2 VIR
        178 v36 2 VIR
        179 v37 3 VIR
        180 v38 3 VIR
        181 v39 3 VIR
        182 v4 1 VIR
        183 v40 3 VIR
        184 v41 3 VIR
        185 v42 3 VIR
        186 v43 3 VIR
        187 v44 3 VIR
        188 v45 3 VIR
        189 v46 3 VIR
        190 v47 3 VIR
        191 v48 3 VIR
        192 v49 3 VIR
        193 v5 1 VIR
        194 v50 3 VIR
        195 v51 3 VIR
        196 v6 1 VIR
        197 v7 1 VIR
        198 v8 1 VIR
        199 v9 1 VIR
    ]
    edge:
    [
        6 149
        6 160
        6 171
        8 182
        8 193
        8 196
        10 197
        10 198
        10 199
        149 150
        149 151
        149 152
        160 153
        160 154
        160 155
        171 156
        171 157
        171 158
        182 159
        182 161
        182 162
        193 163
        193 164
        193 165
        196 166
        196 167
        196 168
        197 169
        197 170
        197 172
        198 173
        198 174
        198 175
        199 176
        199 177
        199 178
        9 54
        175 54
        156 56
        166 56
        31 56
        156 57
        166 57
        13 57
        176 59
        11 59
        157 68
        167 68
        17 68
        1 69
        157 69
        167 69
        177 71
        15 71
        157 74
        167 74
        36 74
        158 75
        168 75
        19 75
        177 77
        17 77
        158 80
        168 80
        35 80
        158 81
        168 81
        21 81
        178 83
        19 83
        150 86
        159 86
        34 86
        150 87
        7 87
        159 87
        169 89
        21 89
        151 98
        161 98
        24 98
        151 99
        161 99
        16 99
        170 101
        14 101
        152 110
        162 110
        22 110
        3 111
        152 111
        162 111
        172 113
        18 113
        152 116
        162 116
        29 116
        2 117
        153 117
        163 117
        172 119
        20 119
        153 122
        163 122
        28 122
        5 129
        154 129
        164 129
        4 132
        174 132
        154 134
        164 134
        26 134
        155 141
        165 141
        9 141
        7 144
        175 144
        155 146
        165 146
        32 146
        155 147
        165 147
        11 147
        150 179
        151 180
        153 181
        154 183
        156 184
        159 185
        161 186
        163 187
        164 188
        166 189
        169 190
        170 191
        173 192
        174 194
        176 195
        56 58
        57 58
        184 62
        189 62
        30 62
        184 63
        189 63
        20 63
        195 65
        13 65
        68 70
        69 70
        74 76
        75 76
        80 82
        81 82
        86 88
        87 88
        179 92
        185 92
        25 92
        179 93
        185 93
        14 93
        190 95
        12 95
        98 100
        99 100
        180 104
        186 104
        23 104
        180 105
        186 105
        18 105
        191 107
        16 107
        110 112
        111 112
        116 118
        117 118
        4 123
        181 123
        187 123
        2 126
        192 126
        181 128
        187 128
        27 128
        183 135
        188 135
        12 135
        5 138
        194 138
        183 140
        188 140
        33 140
        146 148
        147 148
        175 53
        148 53
        176 60
        58 60
        62 64
        63 64
        177 72
        70 72
        178 78
        76 78
        178 84
        82 84
        169 90
        88 90
        92 94
        93 94
        170 102
        100 102
        104 106
        105 106
        172 114
        112 114
        173 120
        118 120
        122 124
        123 124
        128 130
        129 130
        134 136
        135 136
        140 142
        141 142
        53 55
        54 55
        59 61
        60 61
        195 66
        64 66
        71 73
        72 73
        77 79
        78 79
        83 85
        84 85
        89 91
        90 91
        190 96
        94 96
        101 103
        102 103
        191 108
        106 108
        113 115
        114 115
        119 121
        120 121
        173 125
        124 125
        192 131
        130 131
        174 137
        136 137
        194 143
        142 143
        65 67
        66 67
        95 97
        96 97
        107 109
        108 109
        125 127
        126 127
        131 133
        132 133
        137 139
        138 139
        143 145
        144 145
        91 37
        97 38
        103 39
        109 40
        115 41
        121 42
        127 43
        133 44
        139 45
        145 46
        55 47
        61 48
        67 49
        73 50
        79 51
        85 52
    ]
]
