circuit_name:x2new_processed
[
    node:
    [
        1 x0 0 PI
        2 x1 0 PI
        3 x2 0 PI
        4 x3 0 PI
        5 x4 0 PI
        6 x5 0 PI
        7 x6 0 PI
        8 x7 0 PI
        9 x8 0 PI
        10 x9 0 PI
        11 y0 9 PO_1
        12 y1 10 PO_1
        13 y2 4 PO_1
        14 y3 6 PO_0
        15 y4 4 PO_1
        16 y5 6 PO_1
        17 y6 5 PO_1
        18 n11 1 AND_1
        19 n12 3 MAJ_1
        20 n13 4 AND_1
        21 n14 1 OR_0
        22 n15 3 MAJ_1
        23 n16 4 AND_1
        24 n17 5 AND_1
        25 n18 6 MAJ_1
        26 n19 7 AND_0
        27 n20 3 MAJ_0
        28 n21 4 AND_1
        29 n22 2 OR_0
        30 n23 2 AND_1
        31 n24 3 MAJ_0
        32 n25 4 MAJ_1
        33 n26 5 MAJ_1
        34 n27 3 AND_0
        35 n28 6 AND_1
        36 n29 7 MAJ_1
        37 n30 8 AND_0
        38 n31 3 OR_0
        39 n32 1 OR_0
        40 n33 2 MAJ_0
        41 n34 3 AND_1
        42 n35 4 AND_0
        43 n36 5 MAJ_1
        44 n37 6 AND_0
        45 n38 1 AND_0
        46 n39 3 MAJ_1
        47 n40 4 AND_1
        48 n41 2 AND_1
        49 n42 3 AND_0
        50 n43 4 MAJ_0
        51 n44 5 MAJ_1
        52 n45 7 AND_1
        53 n46 8 MAJ_1
        54 n47 9 AND_1
        55 n48 2 AND_1
        56 n49 3 AND_0
        57 n50 3 AND_0
        58 n51 4 MAJ_1
        59 n52 5 MAJ_1
        60 n53 3 OR_0
        61 n54 2 OR_0
        62 n55 4 MAJ_1
        63 n56 5 AND_1
        64 n57 2 AND_0
        65 n58 3 MAJ_1
        66 n59 4 AND_1
        67 v1 2 VIR
        68 v10 1 VIR
        69 v11 1 VIR
        70 v12 1 VIR
        71 v13 2 VIR
        72 v14 2 VIR
        73 v15 2 VIR
        74 v16 2 VIR
        75 v17 2 VIR
        76 v18 2 VIR
        77 v19 2 VIR
        78 v2 2 VIR
        79 v20 2 VIR
        80 v21 2 VIR
        81 v3 1 VIR
        82 v4 1 VIR
        83 v5 1 VIR
        84 v6 1 VIR
        85 v7 1 VIR
        86 v8 1 VIR
        87 v9 1 VIR
    ]
    edge:
    [
        4 18
        5 18
        1 21
        2 21
        2 39
        3 39
        4 45
        5 45
        10 68
        10 69
        10 70
        3 81
        8 82
        8 83
        8 84
        9 85
        9 86
        9 87
        85 29
        68 29
        6 30
        85 30
        82 40
        68 40
        39 40
        83 48
        86 48
        87 55
        70 55
        81 61
        70 61
        7 64
        84 64
        21 67
        68 71
        69 72
        70 73
        82 74
        83 75
        84 76
        85 77
        21 78
        86 79
        87 80
        74 19
        71 19
        18 19
        3 22
        74 22
        21 22
        81 27
        71 27
        67 27
        74 31
        77 31
        30 31
        75 34
        87 34
        82 38
        29 38
        39 41
        40 41
        79 46
        72 46
        45 46
        6 49
        77 49
        76 56
        55 56
        75 57
        72 57
        72 60
        48 60
        80 65
        73 65
        64 65
        18 20
        19 20
        67 23
        22 23
        67 28
        27 28
        77 32
        71 32
        31 32
        7 42
        38 42
        45 47
        46 47
        83 50
        69 50
        49 50
        80 58
        73 58
        57 58
        78 62
        60 62
        61 62
        64 66
        65 66
        7 24
        20 24
        69 33
        29 33
        32 33
        1 43
        41 43
        42 43
        86 51
        48 51
        50 51
        76 59
        57 59
        58 59
        78 63
        62 63
        79 25
        23 25
        24 25
        28 35
        33 35
        42 44
        43 44
        24 26
        25 26
        33 36
        34 36
        35 36
        44 52
        51 52
        26 37
        36 37
        84 53
        47 53
        52 53
        52 54
        53 54
        37 11
        54 12
        56 13
        59 14
        38 15
        63 16
        66 17
    ]
]
