circuit_name:z4mlnew_processed
[
    node:
    [
        1 x0 0 PI
        2 x1 0 PI
        3 x2 0 PI
        4 x3 0 PI
        5 x4 0 PI
        6 x5 0 PI
        7 x6 0 PI
        8 y0 17 PO_0
        9 y1 12 PO_0
        10 y2 12 PO_0
        11 y3 6 PO_0
        12 n10 5 AND_1
        13 n100 5 MAJ_1
        14 n101 5 MAJ_1
        15 n102 6 AND_0
        16 n103 3 MAJ_1
        17 n104 4 AND_1
        18 n105 4 MAJ_1
        19 n106 5 MAJ_1
        20 n107 4 MAJ_1
        21 n108 5 AND_1
        22 n109 3 AND_0
        23 n11 3 AND_0
        24 n110 4 MAJ_1
        25 n111 5 AND_0
        26 n112 6 OR_0
        27 n113 7 MAJ_0
        28 n114 8 OR_0
        29 n115 12 OR_0
        30 n116 13 MAJ_1
        31 n117 14 OR_0
        32 n118 10 OR_0
        33 n119 15 MAJ_1
        34 n12 4 MAJ_1
        35 n120 16 OR_0
        36 n121 3 AND_1
        37 n122 4 MAJ_1
        38 n123 5 AND_1
        39 n124 3 AND_1
        40 n125 4 MAJ_0
        41 n126 5 AND_1
        42 n127 5 MAJ_1
        43 n128 6 AND_0
        44 n129 4 AND_0
        45 n13 5 AND_0
        46 n130 3 MAJ_0
        47 n131 3 MAJ_1
        48 n132 5 MAJ_1
        49 n133 6 OR_0
        50 n134 7 MAJ_1
        51 n135 8 OR_0
        52 n136 4 MAJ_1
        53 n137 5 AND_1
        54 n138 3 MAJ_1
        55 n139 3 MAJ_1
        56 n14 3 AND_1
        57 n140 4 AND_0
        58 n141 3 AND_1
        59 n142 4 MAJ_0
        60 n143 5 AND_1
        61 n144 4 MAJ_1
        62 n145 5 AND_1
        63 n146 6 MAJ_1
        64 n147 7 AND_0
        65 n148 8 OR_0
        66 n149 9 OR_0
        67 n15 4 MAJ_0
        68 n150 9 OR_0
        69 n151 10 MAJ_1
        70 n152 11 OR_0
        71 n153 5 MAJ_1
        72 n154 6 AND_0
        73 n155 4 AND_0
        74 n156 3 AND_0
        75 n157 4 MAJ_1
        76 n158 5 AND_0
        77 n159 3 AND_0
        78 n16 5 AND_1
        79 n160 6 OR_0
        80 n161 7 MAJ_0
        81 n162 5 MAJ_1
        82 n163 6 AND_0
        83 n164 5 MAJ_1
        84 n165 6 AND_0
        85 n166 5 MAJ_1
        86 n167 6 AND_0
        87 n168 7 OR_0
        88 n169 8 MAJ_1
        89 n17 6 AND_1
        90 n170 9 OR_0
        91 n171 5 MAJ_0
        92 n172 6 AND_0
        93 n173 3 AND_0
        94 n174 4 MAJ_1
        95 n175 5 AND_0
        96 n176 5 MAJ_1
        97 n177 6 AND_0
        98 n178 3 AND_0
        99 n179 4 AND_1
        100 n18 7 MAJ_1
        101 n180 5 AND_0
        102 n181 6 MAJ_0
        103 n182 4 AND_0
        104 n183 5 AND_1
        105 n184 6 AND_1
        106 n185 7 MAJ_1
        107 n186 7 OR_0
        108 n187 8 MAJ_1
        109 n188 9 OR_0
        110 n189 8 OR_0
        111 n19 8 MAJ_0
        112 n190 10 MAJ_1
        113 n191 11 OR_0
        114 n192 3 MAJ_1
        115 n193 4 MAJ_1
        116 n194 5 MAJ_1
        117 n20 9 OR_0
        118 n21 3 AND_1
        119 n22 4 MAJ_1
        120 n23 5 AND_1
        121 n24 3 OR_0
        122 n25 4 MAJ_1
        123 n26 5 AND_1
        124 n27 6 AND_0
        125 n28 6 AND_1
        126 n29 7 OR_0
        127 n30 3 AND_1
        128 n31 5 MAJ_0
        129 n32 6 AND_1
        130 n33 3 OR_0
        131 n34 4 MAJ_1
        132 n35 5 AND_1
        133 n36 6 OR_0
        134 n37 7 OR_0
        135 n38 8 MAJ_1
        136 n39 3 AND_1
        137 n40 4 MAJ_0
        138 n41 5 AND_1
        139 n42 3 AND_1
        140 n43 4 MAJ_1
        141 n44 5 AND_0
        142 n45 4 MAJ_0
        143 n46 5 AND_1
        144 n47 6 OR_0
        145 n48 7 AND_1
        146 n49 4 MAJ_1
        147 n50 5 AND_1
        148 n51 2 OR_0
        149 n52 4 MAJ_1
        150 n53 5 AND_1
        151 n54 3 AND_0
        152 n55 4 MAJ_1
        153 n56 5 AND_0
        154 n57 3 OR_0
        155 n58 4 OR_0
        156 n59 6 AND_1
        157 n60 7 MAJ_1
        158 n61 8 MAJ_1
        159 n62 9 AND_1
        160 n63 10 MAJ_1
        161 n64 10 MAJ_0
        162 n65 11 OR_0
        163 n66 12 OR_0
        164 n67 13 MAJ_1
        165 n68 14 OR_0
        166 n69 3 OR_0
        167 n70 4 MAJ_1
        168 n71 5 AND_1
        169 n72 3 OR_0
        170 n73 4 MAJ_1
        171 n74 5 AND_1
        172 n75 5 MAJ_1
        173 n76 6 AND_0
        174 n77 7 MAJ_0
        175 n78 6 MAJ_1
        176 n79 8 OR_0
        177 n8 3 AND_1
        178 n80 3 AND_0
        179 n81 3 OR_0
        180 n82 5 MAJ_0
        181 n83 6 AND_1
        182 n84 6 MAJ_1
        183 n85 7 AND_1
        184 n86 3 MAJ_1
        185 n87 4 AND_1
        186 n88 5 MAJ_1
        187 n89 6 AND_0
        188 n9 4 MAJ_1
        189 n90 5 AND_1
        190 n91 6 OR_0
        191 n92 7 MAJ_0
        192 n93 9 OR_0
        193 n94 10 MAJ_1
        194 n95 11 OR_0
        195 n96 3 AND_0
        196 n97 5 MAJ_1
        197 n98 6 AND_0
        198 n99 4 AND_0
        199 v1 4 VIR
        200 v10 4 VIR
        201 v100 3 VIR
        202 v101 3 VIR
        203 v102 3 VIR
        204 v103 3 VIR
        205 v104 3 VIR
        206 v105 3 VIR
        207 v106 3 VIR
        208 v11 4 VIR
        209 v12 4 VIR
        210 v13 4 VIR
        211 v14 1 VIR
        212 v15 1 VIR
        213 v16 1 VIR
        214 v17 1 VIR
        215 v18 1 VIR
        216 v19 1 VIR
        217 v2 4 VIR
        218 v20 1 VIR
        219 v21 1 VIR
        220 v22 1 VIR
        221 v23 1 VIR
        222 v24 1 VIR
        223 v25 1 VIR
        224 v26 1 VIR
        225 v27 1 VIR
        226 v28 1 VIR
        227 v29 1 VIR
        228 v3 4 VIR
        229 v30 1 VIR
        230 v31 1 VIR
        231 v32 1 VIR
        232 v33 1 VIR
        233 v34 1 VIR
        234 v35 5 VIR
        235 v36 5 VIR
        236 v37 2 VIR
        237 v38 2 VIR
        238 v39 2 VIR
        239 v4 4 VIR
        240 v40 2 VIR
        241 v41 2 VIR
        242 v42 2 VIR
        243 v43 2 VIR
        244 v44 2 VIR
        245 v45 2 VIR
        246 v46 2 VIR
        247 v47 2 VIR
        248 v48 2 VIR
        249 v49 2 VIR
        250 v5 4 VIR
        251 v50 2 VIR
        252 v51 2 VIR
        253 v52 2 VIR
        254 v53 2 VIR
        255 v54 2 VIR
        256 v55 2 VIR
        257 v56 2 VIR
        258 v57 2 VIR
        259 v58 2 VIR
        260 v59 2 VIR
        261 v6 3 VIR
        262 v60 2 VIR
        263 v61 2 VIR
        264 v62 2 VIR
        265 v63 2 VIR
        266 v64 2 VIR
        267 v65 2 VIR
        268 v66 2 VIR
        269 v67 2 VIR
        270 v68 2 VIR
        271 v69 2 VIR
        272 v7 3 VIR
        273 v70 2 VIR
        274 v71 2 VIR
        275 v72 2 VIR
        276 v73 2 VIR
        277 v74 2 VIR
        278 v75 2 VIR
        279 v76 2 VIR
        280 v77 2 VIR
        281 v78 2 VIR
        282 v79 2 VIR
        283 v8 4 VIR
        284 v80 2 VIR
        285 v81 2 VIR
        286 v82 2 VIR
        287 v83 2 VIR
        288 v84 2 VIR
        289 v85 2 VIR
        290 v86 2 VIR
        291 v87 2 VIR
        292 v88 2 VIR
        293 v89 2 VIR
        294 v9 4 VIR
        295 v90 2 VIR
        296 v91 3 VIR
        297 v92 3 VIR
        298 v93 3 VIR
        299 v94 3 VIR
        300 v95 3 VIR
        301 v96 3 VIR
        302 v97 3 VIR
        303 v98 3 VIR
        304 v99 3 VIR
    ]
    edge:
    [
        1 211
        1 212
        1 213
        2 214
        2 215
        2 216
        3 218
        3 219
        3 220
        4 221
        4 222
        4 223
        5 224
        5 225
        5 226
        6 227
        6 229
        6 230
        7 231
        7 232
        7 233
        211 148
        214 148
        211 236
        212 237
        213 238
        214 240
        214 241
        215 242
        215 243
        216 244
        216 245
        218 246
        218 247
        218 248
        219 249
        219 251
        219 252
        220 253
        220 254
        220 255
        221 256
        221 257
        221 258
        222 259
        222 260
        222 262
        223 263
        223 264
        223 265
        224 266
        224 267
        224 268
        225 269
        225 270
        225 271
        226 273
        226 274
        226 275
        227 276
        227 277
        227 278
        229 279
        229 280
        229 281
        230 282
        230 284
        230 285
        231 286
        231 287
        231 288
        232 289
        232 290
        232 291
        233 292
        233 293
        233 295
        241 16
        251 16
        267 16
        253 22
        259 22
        241 23
        251 23
        237 36
        242 36
        237 39
        242 39
        216 46
        263 46
        273 46
        238 47
        244 47
        273 47
        245 54
        275 54
        295 54
        245 55
        265 55
        275 55
        247 56
        257 56
        244 58
        263 58
        243 74
        260 74
        264 77
        285 77
        262 93
        271 93
        237 98
        259 98
        238 114
        265 114
        295 114
        215 118
        251 118
        252 121
        258 121
        212 127
        248 127
        240 130
        248 130
        243 136
        254 136
        212 139
        249 139
        211 151
        246 151
        240 154
        256 154
        236 166
        246 166
        256 169
        266 169
        247 177
        257 177
        236 178
        240 178
        247 179
        277 179
        246 184
        276 184
        148 184
        253 195
        281 195
        282 201
        284 202
        286 203
        287 204
        289 205
        290 206
        292 207
        148 261
        148 272
        266 296
        267 297
        269 298
        270 299
        273 300
        276 301
        277 302
        279 303
        280 304
        268 17
        16 17
        268 18
        279 18
        16 18
        269 20
        279 20
        130 20
        270 24
        281 24
        22 24
        259 34
        280 34
        23 34
        270 37
        287 37
        36 37
        299 40
        287 40
        39 40
        262 44
        36 44
        274 52
        207 52
        272 52
        54 57
        55 57
        275 59
        207 59
        58 59
        300 61
        291 61
        154 61
        267 67
        278 67
        56 67
        213 73
        299 73
        282 75
        288 75
        74 75
        201 94
        205 94
        93 94
        253 99
        98 99
        213 103
        23 103
        238 115
        265 115
        114 115
        260 119
        280 119
        118 119
        298 122
        304 122
        121 122
        260 131
        304 131
        130 131
        263 137
        202 137
        136 137
        258 140
        297 140
        139 140
        258 142
        297 142
        127 142
        268 146
        302 146
        139 146
        252 149
        303 149
        261 149
        256 152
        266 152
        151 152
        236 155
        154 155
        296 167
        276 167
        166 167
        301 170
        166 170
        169 170
        261 185
        184 185
        269 188
        303 188
        177 188
        242 198
        298 198
        22 199
        177 200
        178 208
        178 209
        178 210
        23 217
        127 228
        130 239
        139 250
        151 283
        151 294
        200 12
        188 12
        254 13
        284 13
        155 13
        255 14
        202 14
        198 14
        16 19
        17 19
        18 19
        239 21
        20 21
        22 25
        24 25
        36 38
        37 38
        39 41
        40 41
        262 42
        271 42
        209 42
        217 45
        34 45
        44 48
        46 48
        47 48
        272 53
        52 53
        58 60
        59 60
        154 62
        61 62
        264 71
        293 71
        217 71
        74 76
        75 76
        56 78
        67 78
        300 81
        289 81
        294 81
        282 83
        289 83
        73 83
        285 85
        291 85
        210 85
        254 91
        201 91
        198 91
        93 95
        94 95
        274 96
        292 96
        199 96
        244 101
        99 101
        205 104
        103 104
        295 116
        114 116
        115 116
        118 120
        119 120
        121 123
        122 123
        271 128
        281 128
        228 128
        239 132
        131 132
        136 138
        137 138
        250 141
        140 141
        127 143
        142 143
        250 147
        146 147
        261 150
        149 150
        283 153
        152 153
        166 168
        167 168
        169 171
        170 171
        296 172
        301 172
        283 172
        203 180
        208 180
        179 180
        249 186
        257 186
        208 186
        203 189
        185 189
        288 196
        209 196
        195 196
        208 234
        209 235
        13 15
        14 15
        19 26
        21 26
        235 43
        42 43
        38 49
        41 49
        274 63
        291 63
        235 63
        217 72
        71 72
        73 79
        76 79
        294 82
        81 82
        73 84
        83 84
        210 86
        85 86
        204 89
        78 89
        198 92
        91 92
        199 97
        96 97
        255 102
        285 102
        101 102
        264 105
        104 105
        290 124
        120 124
        290 125
        123 125
        228 129
        128 129
        206 133
        132 133
        141 144
        143 144
        277 156
        153 156
        283 173
        172 173
        286 175
        168 175
        171 175
        179 181
        180 181
        278 182
        177 182
        234 182
        234 187
        186 187
        278 190
        189 190
        195 197
        196 197
        206 27
        25 27
        26 27
        43 50
        48 50
        49 50
        210 64
        63 64
        76 80
        77 80
        79 80
        82 87
        84 87
        12 100
        45 100
        89 100
        102 106
        103 106
        105 106
        92 107
        95 107
        124 126
        125 126
        129 134
        133 134
        284 145
        144 145
        249 157
        155 157
        156 157
        286 174
        171 174
        173 174
        200 183
        182 183
        187 191
        189 191
        190 191
        26 28
        27 28
        49 51
        50 51
        62 65
        64 65
        153 88
        86 88
        87 88
        97 108
        106 108
        107 108
        72 110
        80 110
        292 111
        89 111
        100 111
        293 135
        126 135
        134 135
        302 158
        156 158
        157 158
        174 176
        175 176
        60 66
        65 66
        51 68
        53 68
        87 90
        88 90
        107 109
        108 109
        89 117
        111 117
        156 159
        158 159
        176 192
        181 192
        117 32
        135 32
        57 69
        66 69
        68 69
        90 112
        109 112
        110 112
        204 160
        150 160
        159 160
        288 161
        147 161
        159 161
        183 193
        191 193
        192 193
        68 70
        69 70
        110 113
        112 113
        160 162
        161 162
        192 194
        193 194
        194 29
        197 29
        145 163
        162 163
        15 30
        28 30
        29 30
        293 164
        138 164
        163 164
        29 31
        30 31
        163 165
        164 165
        165 33
        31 33
        32 33
        32 35
        33 35
        35 8
        70 9
        113 10
        116 11
    ]
]
