circuit_name:5xp1new_processed
[
    node:
    [
        1 x0 0 PI
        2 x1 0 PI
        3 x2 0 PI
        4 x3 0 PI
        5 x4 0 PI
        6 x5 0 PI
        7 x6 0 PI
        8 y0 16 PO_0
        9 y1 15 PO_0
        10 y2 12 PO_0
        11 y3 9 PO_0
        12 y4 6 PO_0
        13 y5 3 PO_1
        14 y6 6 PO_0
        15 y7 7 PO_0
        16 y8 16 PO_0
        17 y9 16 PO_0
        18 n10 6 AND_1
        19 n100 6 OR_0
        20 n101 11 MAJ_1
        21 n102 12 OR_0
        22 n103 8 OR_0
        23 n104 13 MAJ_1
        24 n105 14 OR_0
        25 n106 3 AND_1
        26 n107 5 MAJ_1
        27 n108 6 AND_0
        28 n109 5 MAJ_1
        29 n11 5 MAJ_0
        30 n110 6 AND_1
        31 n111 5 MAJ_1
        32 n112 6 AND_1
        33 n113 4 MAJ_0
        34 n114 5 AND_1
        35 n115 7 OR_0
        36 n116 8 MAJ_1
        37 n117 9 OR_0
        38 n118 6 OR_0
        39 n119 10 MAJ_1
        40 n12 6 AND_1
        41 n120 11 OR_0
        42 n121 5 MAJ_0
        43 n122 6 AND_0
        44 n123 7 OR_0
        45 n124 8 MAJ_0
        46 n125 3 AND_1
        47 n126 4 AND_1
        48 n127 5 MAJ_1
        49 n128 3 MAJ_1
        50 n129 3 AND_0
        51 n13 4 OR_0
        52 n130 4 MAJ_0
        53 n131 4 MAJ_0
        54 n132 5 MAJ_1
        55 n133 3 AND_1
        56 n134 4 AND_1
        57 n135 5 OR_0
        58 n136 6 MAJ_1
        59 n137 4 AND_1
        60 n138 5 AND_1
        61 n139 3 MAJ_1
        62 n14 5 OR_0
        63 n140 4 AND_1
        64 n141 4 MAJ_1
        65 n142 5 MAJ_1
        66 n143 5 AND_1
        67 n144 3 AND_0
        68 n145 2 AND_1
        69 n146 4 MAJ_1
        70 n147 5 AND_1
        71 n148 5 AND_1
        72 n149 6 OR_0
        73 n15 3 AND_1
        74 n150 7 MAJ_0
        75 n151 8 OR_0
        76 n152 9 MAJ_1
        77 n153 10 OR_0
        78 n154 11 MAJ_1
        79 n155 12 OR_0
        80 n156 5 MAJ_1
        81 n157 6 AND_0
        82 n158 6 MAJ_1
        83 n159 7 AND_0
        84 n16 7 AND_1
        85 n160 8 OR_0
        86 n161 9 MAJ_1
        87 n162 10 OR_0
        88 n163 5 MAJ_1
        89 n164 6 AND_1
        90 n165 7 OR_0
        91 n166 8 MAJ_1
        92 n167 9 OR_0
        93 n168 7 AND_1
        94 n169 8 AND_1
        95 n17 8 MAJ_1
        96 n170 9 MAJ_1
        97 n171 13 OR_0
        98 n172 14 MAJ_1
        99 n173 15 OR_0
        100 n174 5 AND_1
        101 n175 3 AND_1
        102 n176 4 MAJ_1
        103 n177 4 MAJ_1
        104 n178 5 AND_1
        105 n179 6 OR_0
        106 n18 4 OR_0
        107 n180 5 AND_0
        108 n181 7 MAJ_0
        109 n182 3 MAJ_1
        110 n183 4 AND_1
        111 n184 4 MAJ_1
        112 n185 5 MAJ_1
        113 n186 8 OR_0
        114 n187 9 MAJ_1
        115 n188 10 OR_0
        116 n189 11 OR_0
        117 n19 5 OR_0
        118 n190 12 MAJ_1
        119 n191 13 OR_0
        120 n192 3 AND_1
        121 n193 14 AND_1
        122 n194 15 MAJ_1
        123 n20 5 MAJ_0
        124 n21 6 AND_1
        125 n22 3 AND_0
        126 n23 4 AND_0
        127 n24 3 AND_1
        128 n25 7 OR_0
        129 n26 8 MAJ_0
        130 n27 9 AND_1
        131 n28 10 MAJ_1
        132 n29 4 AND_0
        133 n30 5 AND_0
        134 n31 3 AND_1
        135 n32 4 MAJ_1
        136 n33 5 AND_0
        137 n34 5 MAJ_1
        138 n35 6 AND_0
        139 n36 7 OR_0
        140 n37 8 MAJ_0
        141 n38 9 OR_0
        142 n39 9 OR_0
        143 n40 11 MAJ_1
        144 n41 12 OR_0
        145 n42 3 MAJ_1
        146 n43 13 MAJ_1
        147 n44 14 OR_0
        148 n45 15 MAJ_1
        149 n46 3 AND_0
        150 n47 4 AND_0
        151 n48 5 MAJ_1
        152 n49 6 AND_1
        153 n50 3 OR_0
        154 n51 3 AND_1
        155 n52 4 MAJ_0
        156 n53 5 AND_1
        157 n54 3 OR_0
        158 n55 6 OR_0
        159 n56 7 MAJ_1
        160 n57 5 MAJ_1
        161 n58 6 AND_1
        162 n59 3 OR_0
        163 n60 7 MAJ_1
        164 n61 8 AND_1
        165 n62 3 OR_0
        166 n63 5 MAJ_1
        167 n64 6 AND_1
        168 n65 4 MAJ_1
        169 n66 5 AND_1
        170 n67 5 MAJ_1
        171 n68 6 MAJ_1
        172 n69 9 OR_0
        173 n70 10 MAJ_1
        174 n71 11 OR_0
        175 n72 3 AND_0
        176 n73 4 MAJ_1
        177 n74 5 AND_0
        178 n75 4 MAJ_1
        179 n76 5 AND_0
        180 n77 3 AND_1
        181 n78 4 MAJ_0
        182 n79 5 AND_1
        183 n8 3 AND_1
        184 n80 3 OR_0
        185 n81 4 MAJ_1
        186 n82 5 AND_1
        187 n83 3 AND_0
        188 n84 3 AND_1
        189 n85 3 AND_1
        190 n86 4 MAJ_1
        191 n87 5 AND_0
        192 n88 3 AND_0
        193 n89 6 OR_0
        194 n9 5 MAJ_0
        195 n90 7 MAJ_0
        196 n91 3 AND_0
        197 n92 5 MAJ_1
        198 n93 6 AND_0
        199 n94 3 AND_1
        200 n95 6 MAJ_1
        201 n96 7 AND_1
        202 n97 8 OR_0
        203 n98 9 MAJ_1
        204 n99 10 OR_0
        205 v1 6 VIR
        206 v10 4 VIR
        207 v11 4 VIR
        208 v12 4 VIR
        209 v13 4 VIR
        210 v14 4 VIR
        211 v15 4 VIR
        212 v16 4 VIR
        213 v17 4 VIR
        214 v18 1 VIR
        215 v19 1 VIR
        216 v2 5 VIR
        217 v20 1 VIR
        218 v21 1 VIR
        219 v22 1 VIR
        220 v23 1 VIR
        221 v24 1 VIR
        222 v25 1 VIR
        223 v26 1 VIR
        224 v27 1 VIR
        225 v28 1 VIR
        226 v29 1 VIR
        227 v3 4 VIR
        228 v30 1 VIR
        229 v31 1 VIR
        230 v32 1 VIR
        231 v33 1 VIR
        232 v34 1 VIR
        233 v35 1 VIR
        234 v36 1 VIR
        235 v37 1 VIR
        236 v38 1 VIR
        237 v39 5 VIR
        238 v4 6 VIR
        239 v40 5 VIR
        240 v41 2 VIR
        241 v42 2 VIR
        242 v43 2 VIR
        243 v44 2 VIR
        244 v45 2 VIR
        245 v46 2 VIR
        246 v47 2 VIR
        247 v48 2 VIR
        248 v49 2 VIR
        249 v5 4 VIR
        250 v50 2 VIR
        251 v51 2 VIR
        252 v52 2 VIR
        253 v53 2 VIR
        254 v54 2 VIR
        255 v55 2 VIR
        256 v56 2 VIR
        257 v57 2 VIR
        258 v58 2 VIR
        259 v59 2 VIR
        260 v6 4 VIR
        261 v60 2 VIR
        262 v61 2 VIR
        263 v62 2 VIR
        264 v63 2 VIR
        265 v64 2 VIR
        266 v65 2 VIR
        267 v66 2 VIR
        268 v67 2 VIR
        269 v68 2 VIR
        270 v69 2 VIR
        271 v7 4 VIR
        272 v70 2 VIR
        273 v71 2 VIR
        274 v72 2 VIR
        275 v73 2 VIR
        276 v74 2 VIR
        277 v75 2 VIR
        278 v76 2 VIR
        279 v77 2 VIR
        280 v78 2 VIR
        281 v79 2 VIR
        282 v8 4 VIR
        283 v80 2 VIR
        284 v81 2 VIR
        285 v82 2 VIR
        286 v83 2 VIR
        287 v84 2 VIR
        288 v85 2 VIR
        289 v86 2 VIR
        290 v87 2 VIR
        291 v88 2 VIR
        292 v89 2 VIR
        293 v9 4 VIR
        294 v90 2 VIR
        295 v91 2 VIR
        296 v92 3 VIR
        297 v93 3 VIR
        298 v94 3 VIR
        299 v95 3 VIR
        300 v96 3 VIR
        301 v97 3 VIR
        302 v98 3 VIR
    ]
    edge:
    [
        1 214
        1 215
        1 217
        2 218
        2 219
        2 220
        3 221
        3 222
        3 223
        4 224
        4 225
        4 226
        5 228
        5 229
        5 230
        6 231
        6 232
        6 233
        7 234
        7 235
        7 236
        214 68
        221 68
        214 240
        214 241
        215 242
        217 243
        218 244
        218 245
        218 246
        219 247
        219 248
        219 250
        220 251
        220 252
        220 253
        221 254
        221 255
        222 256
        222 257
        223 258
        223 259
        224 261
        224 262
        225 263
        225 264
        226 265
        226 266
        228 267
        228 268
        228 269
        229 270
        229 272
        229 273
        230 274
        230 275
        230 276
        231 277
        231 278
        231 279
        232 280
        232 281
        232 283
        233 284
        233 285
        234 286
        234 287
        234 288
        235 289
        235 290
        235 291
        236 292
        236 294
        236 295
        257 25
        266 25
        223 46
        284 46
        258 49
        285 49
        295 49
        258 50
        275 50
        257 55
        284 55
        215 61
        246 61
        270 61
        255 67
        278 67
        242 73
        262 73
        257 101
        272 101
        255 109
        268 109
        278 109
        253 120
        276 120
        267 125
        286 125
        241 127
        261 127
        240 134
        244 134
        243 145
        252 145
        266 145
        267 149
        277 149
        215 153
        247 153
        256 154
        262 154
        251 157
        274 157
        247 162
        225 162
        264 165
        272 165
        248 175
        263 175
        250 180
        264 180
        240 183
        244 183
        244 184
        222 184
        240 187
        224 187
        267 188
        277 188
        254 189
        286 189
        246 192
        270 192
        241 196
        245 196
        246 199
        261 199
        286 296
        287 297
        288 298
        289 299
        290 300
        292 301
        294 302
        274 33
        302 33
        180 33
        284 47
        46 47
        278 51
        297 51
        285 52
        295 52
        50 52
        258 53
        295 53
        50 53
        275 56
        55 56
        279 59
        298 59
        248 63
        61 63
        248 64
        299 64
        61 64
        296 69
        149 69
        68 69
        250 102
        292 102
        188 102
        251 103
        292 103
        101 103
        269 106
        297 106
        280 110
        109 110
        245 111
        280 111
        109 111
        254 126
        125 126
        277 132
        296 132
        279 135
        288 135
        134 135
        254 150
        149 150
        281 155
        153 155
        154 155
        242 168
        250 168
        300 168
        281 176
        291 176
        175 176
        272 178
        291 178
        175 178
        283 181
        294 181
        180 181
        261 185
        289 185
        184 185
        187 190
        188 190
        189 190
        180 206
        183 207
        183 208
        183 209
        187 210
        196 211
        196 212
        196 213
        127 227
        134 249
        134 260
        153 271
        153 282
        175 293
        233 26
        213 26
        25 26
        226 28
        273 28
        212 28
        255 29
        287 29
        207 29
        265 31
        294 31
        213 31
        206 34
        33 34
        252 42
        302 42
        210 42
        259 48
        46 48
        47 48
        49 54
        52 54
        53 54
        276 57
        56 57
        274 60
        59 60
        269 62
        51 62
        61 65
        63 65
        64 65
        256 66
        59 66
        68 70
        69 70
        298 71
        249 71
        281 80
        299 80
        211 80
        273 88
        291 88
        271 88
        275 100
        51 100
        102 104
        103 104
        245 107
        126 107
        109 112
        110 112
        111 112
        256 117
        106 117
        268 123
        287 123
        207 123
        268 133
        132 133
        249 136
        135 136
        269 137
        288 137
        249 137
        265 151
        209 151
        150 151
        154 156
        155 156
        263 160
        300 160
        271 160
        283 166
        260 166
        165 166
        301 169
        168 169
        265 170
        301 170
        168 170
        293 177
        176 177
        293 179
        178 179
        206 182
        181 182
        184 186
        185 186
        189 191
        190 191
        280 194
        290 194
        208 194
        263 197
        289 197
        211 197
        126 216
        211 237
        212 239
        208 18
        194 18
        177 19
        179 19
        25 27
        26 27
        239 30
        28 30
        213 32
        31 32
        182 38
        186 38
        208 40
        29 40
        210 43
        42 43
        55 58
        56 58
        57 58
        67 72
        70 72
        212 81
        80 81
        270 82
        290 82
        237 82
        282 89
        88 89
        133 105
        150 105
        207 124
        123 124
        260 138
        137 138
        209 152
        151 152
        227 158
        156 158
        282 161
        160 161
        165 167
        166 167
        168 171
        169 171
        170 171
        187 193
        191 193
        237 198
        197 198
        62 200
        117 200
        199 200
        117 205
        133 238
        227 35
        30 35
        150 44
        43 44
        70 74
        71 74
        72 74
        239 83
        82 83
        40 84
        62 84
        18 90
        89 90
        217 93
        238 93
        247 108
        105 108
        107 108
        124 128
        126 128
        136 139
        138 139
        156 159
        157 159
        158 159
        216 163
        238 163
        162 163
        191 195
        192 195
        193 195
        199 201
        200 201
        152 22
        159 22
        32 36
        34 36
        35 36
        210 45
        43 45
        44 45
        66 75
        74 75
        81 85
        83 85
        243 91
        205 91
        90 91
        216 94
        93 94
        40 95
        73 95
        84 95
        108 113
        112 113
        124 129
        127 129
        128 129
        127 140
        133 140
        139 140
        162 164
        163 164
        186 202
        195 202
        35 37
        36 37
        271 76
        74 76
        75 76
        217 86
        62 86
        85 86
        90 92
        91 92
        243 96
        40 96
        94 96
        251 114
        205 114
        113 114
        117 130
        129 130
        139 141
        140 141
        18 142
        95 142
        161 172
        164 172
        198 203
        201 203
        202 203
        27 39
        37 39
        38 39
        65 77
        76 77
        85 87
        86 87
        113 115
        114 115
        73 131
        129 131
        130 131
        167 173
        171 173
        172 173
        202 204
        203 204
        182 20
        204 20
        19 20
        38 41
        39 41
        242 78
        60 78
        77 78
        104 116
        115 116
        131 143
        141 143
        142 143
        172 174
        173 174
        19 21
        20 21
        77 79
        78 79
        252 118
        100 118
        116 118
        142 144
        143 144
        174 23
        21 23
        22 23
        79 97
        87 97
        116 119
        118 119
        253 146
        144 146
        145 146
        22 24
        23 24
        92 98
        96 98
        97 98
        285 121
        119 121
        145 147
        146 147
        97 99
        98 99
        119 122
        120 122
        121 122
        253 148
        146 148
        147 148
        148 8
        24 9
        41 10
        45 11
        48 12
        259 13
        54 14
        58 15
        99 16
        122 17
    ]
]
