circuit_name:9symmlnew_processed
[
    node:
    [
        1 x0 0 PI
        2 x1 0 PI
        3 x2 0 PI
        4 x3 0 PI
        5 x4 0 PI
        6 x5 0 PI
        7 x6 0 PI
        8 x7 0 PI
        9 x8 0 PI
        10 y0 24 PO_0
        11 n10 3 AND_1
        12 n100 9 AND_1
        13 n101 10 MAJ_1
        14 n102 3 AND_1
        15 n103 4 MAJ_1
        16 n104 4 MAJ_1
        17 n105 5 OR_0
        18 n106 3 AND_1
        19 n107 6 MAJ_1
        20 n108 7 AND_0
        21 n109 4 AND_1
        22 n11 3 AND_1
        23 n110 3 AND_1
        24 n111 4 AND_1
        25 n112 3 AND_0
        26 n113 5 MAJ_1
        27 n114 3 MAJ_0
        28 n115 3 MAJ_1
        29 n116 4 AND_1
        30 n117 3 AND_0
        31 n118 6 MAJ_0
        32 n119 7 AND_0
        33 n12 4 OR_0
        34 n120 8 OR_0
        35 n121 11 AND_1
        36 n122 12 MAJ_1
        37 n123 16 AND_1
        38 n124 17 OR_0
        39 n125 3 MAJ_1
        40 n126 4 MAJ_0
        41 n127 5 AND_1
        42 n128 4 MAJ_1
        43 n129 5 AND_1
        44 n13 4 AND_1
        45 n130 4 MAJ_0
        46 n131 4 MAJ_1
        47 n132 5 AND_1
        48 n133 6 AND_1
        49 n134 7 OR_0
        50 n135 8 OR_0
        51 n136 9 AND_1
        52 n137 10 MAJ_1
        53 n138 3 MAJ_1
        54 n139 3 MAJ_0
        55 n14 4 MAJ_0
        56 n140 4 AND_1
        57 n141 3 AND_0
        58 n142 3 OR_0
        59 n143 4 AND_1
        60 n144 5 AND_1
        61 n145 6 AND_0
        62 n146 4 OR_0
        63 n147 4 MAJ_1
        64 n148 5 MAJ_1
        65 n149 3 AND_1
        66 n15 5 AND_1
        67 n150 7 OR_0
        68 n151 8 MAJ_0
        69 n152 9 AND_1
        70 n153 10 AND_1
        71 n154 11 MAJ_1
        72 n155 3 MAJ_1
        73 n156 3 MAJ_1
        74 n157 4 AND_1
        75 n158 12 OR_0
        76 n159 13 MAJ_1
        77 n16 6 MAJ_1
        78 n160 14 OR_0
        79 n161 3 MAJ_1
        80 n162 3 MAJ_0
        81 n163 4 AND_1
        82 n164 4 AND_1
        83 n165 5 MAJ_1
        84 n166 6 AND_1
        85 n167 3 MAJ_1
        86 n168 4 MAJ_0
        87 n169 5 AND_1
        88 n17 3 AND_0
        89 n170 6 AND_0
        90 n171 7 OR_0
        91 n172 8 OR_0
        92 n173 9 AND_1
        93 n174 10 MAJ_0
        94 n175 3 AND_1
        95 n176 4 MAJ_1
        96 n177 4 MAJ_1
        97 n178 5 OR_0
        98 n179 3 MAJ_0
        99 n18 7 AND_1
        100 n180 4 AND_1
        101 n181 3 AND_1
        102 n182 5 OR_0
        103 n183 6 MAJ_0
        104 n184 3 AND_1
        105 n185 7 OR_0
        106 n186 8 MAJ_0
        107 n187 6 AND_0
        108 n188 7 AND_0
        109 n189 11 OR_0
        110 n19 8 MAJ_1
        111 n190 12 MAJ_0
        112 n191 13 OR_0
        113 n192 15 AND_0
        114 n193 16 AND_1
        115 n194 17 MAJ_1
        116 n195 6 MAJ_1
        117 n196 3 MAJ_1
        118 n197 7 AND_1
        119 n198 3 AND_1
        120 n199 6 MAJ_0
        121 n20 3 AND_1
        122 n200 7 AND_0
        123 n201 5 MAJ_0
        124 n202 6 AND_1
        125 n203 8 OR_0
        126 n204 9 MAJ_0
        127 n205 10 OR_0
        128 n206 3 AND_1
        129 n207 6 MAJ_1
        130 n208 7 AND_0
        131 n209 4 MAJ_1
        132 n21 4 AND_1
        133 n210 5 MAJ_0
        134 n211 6 AND_1
        135 n212 7 MAJ_1
        136 n213 8 OR_0
        137 n214 9 MAJ_0
        138 n215 10 AND_1
        139 n216 11 AND_0
        140 n217 12 MAJ_1
        141 n218 18 OR_0
        142 n219 19 MAJ_0
        143 n22 5 MAJ_1
        144 n220 20 OR_0
        145 n221 21 OR_0
        146 n222 22 MAJ_0
        147 n223 23 OR_0
        148 n23 3 AND_1
        149 n24 4 AND_1
        150 n25 5 MAJ_1
        151 n26 3 OR_0
        152 n27 4 MAJ_1
        153 n28 5 AND_1
        154 n29 4 OR_0
        155 n30 6 OR_0
        156 n31 7 MAJ_1
        157 n32 3 OR_0
        158 n33 8 OR_0
        159 n34 9 MAJ_1
        160 n35 4 AND_1
        161 n36 5 MAJ_1
        162 n37 10 AND_1
        163 n38 11 MAJ_0
        164 n39 12 MAJ_1
        165 n40 13 AND_1
        166 n41 4 OR_0
        167 n42 14 OR_0
        168 n43 15 MAJ_1
        169 n44 3 AND_0
        170 n45 4 MAJ_0
        171 n46 5 AND_1
        172 n47 3 MAJ_0
        173 n48 3 MAJ_1
        174 n49 4 AND_1
        175 n50 3 AND_1
        176 n51 4 AND_1
        177 n52 5 MAJ_1
        178 n53 6 OR_0
        179 n54 7 AND_1
        180 n55 8 MAJ_0
        181 n56 3 AND_1
        182 n57 9 OR_0
        183 n58 10 MAJ_0
        184 n59 3 AND_0
        185 n60 11 AND_1
        186 n61 12 MAJ_1
        187 n62 5 AND_0
        188 n63 6 AND_1
        189 n64 13 MAJ_1
        190 n65 4 MAJ_1
        191 n66 3 MAJ_0
        192 n67 5 AND_1
        193 n68 6 AND_0
        194 n69 7 AND_1
        195 n70 3 AND_1
        196 n71 4 AND_1
        197 n72 5 MAJ_0
        198 n73 6 MAJ_1
        199 n74 7 AND_1
        200 n75 8 OR_0
        201 n76 9 MAJ_0
        202 n77 6 AND_1
        203 n78 14 AND_1
        204 n79 15 MAJ_1
        205 n80 3 MAJ_0
        206 n81 3 MAJ_0
        207 n82 4 AND_1
        208 n83 3 MAJ_1
        209 n84 4 MAJ_0
        210 n85 5 AND_1
        211 n86 4 MAJ_1
        212 n87 3 MAJ_0
        213 n88 5 AND_1
        214 n89 6 AND_0
        215 n90 7 AND_1
        216 n91 8 MAJ_1
        217 n92 3 AND_1
        218 n93 4 AND_0
        219 n94 3 AND_0
        220 n95 4 AND_1
        221 n96 3 AND_1
        222 n97 5 MAJ_0
        223 n98 6 AND_0
        224 n99 5 AND_1
        225 v1 4 VIR
        226 v10 1 VIR
        227 v100 2 VIR
        228 v101 2 VIR
        229 v102 2 VIR
        230 v103 3 VIR
        231 v104 3 VIR
        232 v105 3 VIR
        233 v106 3 VIR
        234 v107 3 VIR
        235 v108 3 VIR
        236 v109 3 VIR
        237 v11 1 VIR
        238 v110 3 VIR
        239 v111 3 VIR
        240 v112 3 VIR
        241 v113 3 VIR
        242 v114 3 VIR
        243 v115 3 VIR
        244 v12 1 VIR
        245 v13 1 VIR
        246 v14 1 VIR
        247 v15 1 VIR
        248 v16 1 VIR
        249 v17 1 VIR
        250 v18 1 VIR
        251 v19 1 VIR
        252 v2 6 VIR
        253 v20 1 VIR
        254 v21 1 VIR
        255 v22 1 VIR
        256 v23 1 VIR
        257 v24 1 VIR
        258 v25 1 VIR
        259 v26 1 VIR
        260 v27 1 VIR
        261 v28 1 VIR
        262 v29 1 VIR
        263 v3 1 VIR
        264 v30 2 VIR
        265 v31 2 VIR
        266 v32 2 VIR
        267 v33 2 VIR
        268 v34 2 VIR
        269 v35 2 VIR
        270 v36 2 VIR
        271 v37 2 VIR
        272 v38 2 VIR
        273 v39 2 VIR
        274 v4 1 VIR
        275 v40 2 VIR
        276 v41 2 VIR
        277 v42 2 VIR
        278 v43 2 VIR
        279 v44 2 VIR
        280 v45 2 VIR
        281 v46 2 VIR
        282 v47 2 VIR
        283 v48 2 VIR
        284 v49 2 VIR
        285 v5 1 VIR
        286 v50 2 VIR
        287 v51 2 VIR
        288 v52 2 VIR
        289 v53 2 VIR
        290 v54 2 VIR
        291 v55 2 VIR
        292 v56 2 VIR
        293 v57 2 VIR
        294 v58 2 VIR
        295 v59 2 VIR
        296 v6 1 VIR
        297 v60 2 VIR
        298 v61 2 VIR
        299 v62 2 VIR
        300 v63 2 VIR
        301 v64 2 VIR
        302 v65 2 VIR
        303 v66 2 VIR
        304 v67 2 VIR
        305 v68 2 VIR
        306 v69 2 VIR
        307 v7 1 VIR
        308 v70 2 VIR
        309 v71 2 VIR
        310 v72 2 VIR
        311 v73 2 VIR
        312 v74 2 VIR
        313 v75 2 VIR
        314 v76 2 VIR
        315 v77 2 VIR
        316 v78 2 VIR
        317 v79 2 VIR
        318 v8 1 VIR
        319 v80 2 VIR
        320 v81 2 VIR
        321 v82 2 VIR
        322 v83 2 VIR
        323 v84 2 VIR
        324 v85 2 VIR
        325 v86 2 VIR
        326 v87 2 VIR
        327 v88 2 VIR
        328 v89 2 VIR
        329 v9 1 VIR
        330 v90 2 VIR
        331 v91 2 VIR
        332 v92 2 VIR
        333 v93 2 VIR
        334 v94 2 VIR
        335 v95 2 VIR
        336 v96 2 VIR
        337 v97 2 VIR
        338 v98 2 VIR
        339 v99 2 VIR
    ]
    edge:
    [
        3 226
        3 237
        4 244
        4 245
        4 246
        5 247
        5 248
        5 249
        6 250
        6 251
        6 253
        7 254
        7 255
        7 256
        8 257
        8 258
        8 259
        9 260
        9 261
        9 262
        1 263
        1 274
        1 285
        2 296
        2 307
        2 318
        3 329
        329 227
        329 228
        329 229
        226 264
        226 265
        226 266
        237 267
        237 268
        237 269
        244 270
        244 271
        244 272
        245 273
        245 275
        245 276
        246 277
        246 278
        246 279
        247 280
        247 281
        247 282
        248 283
        248 284
        248 286
        249 287
        249 288
        249 289
        250 290
        250 291
        250 292
        251 293
        251 294
        251 295
        253 297
        253 298
        253 299
        254 300
        254 301
        254 302
        255 303
        255 304
        255 305
        256 306
        256 308
        256 309
        257 310
        257 311
        257 312
        258 313
        258 314
        259 315
        259 316
        260 317
        260 319
        261 320
        261 321
        262 322
        262 323
        263 324
        263 325
        274 326
        274 327
        285 328
        285 330
        296 331
        296 332
        296 333
        307 334
        307 335
        307 336
        318 337
        318 338
        318 339
        276 11
        287 11
        336 14
        313 14
        227 18
        280 18
        282 22
        292 22
        283 23
        310 23
        265 25
        302 25
        288 27
        297 27
        314 27
        338 28
        288 28
        314 28
        278 30
        322 30
        332 39
        291 39
        301 39
        325 53
        282 53
        317 53
        274 54
        332 54
        317 54
        331 57
        227 57
        263 58
        331 58
        325 65
        332 65
        273 72
        294 72
        304 72
        286 73
        294 73
        304 73
        283 79
        302 79
        261 79
        334 80
        302 80
        320 80
        324 85
        300 85
        310 85
        279 88
        289 88
        271 94
        312 94
        326 98
        333 98
        264 98
        258 101
        320 101
        287 104
        321 104
        278 117
        309 117
        316 117
        327 119
        303 119
        333 121
        229 121
        271 128
        284 128
        291 148
        317 148
        334 151
        283 151
        315 157
        322 157
        328 169
        268 169
        267 172
        275 172
        286 172
        285 173
        276 173
        287 173
        281 175
        300 175
        267 181
        295 181
        288 184
        298 184
        275 191
        286 191
        305 191
        327 195
        335 195
        337 205
        268 205
        276 205
        333 206
        229 206
        311 206
        335 208
        271 208
        293 208
        336 212
        268 212
        295 212
        270 217
        290 217
        313 219
        321 219
        269 221
        306 221
        227 230
        228 231
        264 232
        267 233
        280 234
        300 235
        301 236
        303 238
        304 239
        306 240
        308 241
        331 242
        334 243
        277 15
        306 15
        14 15
        337 16
        277 16
        14 16
        232 21
        311 21
        232 24
        23 24
        27 29
        28 29
        11 33
        22 33
        229 40
        291 40
        236 40
        290 42
        260 42
        18 42
        299 44
        241 44
        324 45
        230 45
        280 45
        324 46
        242 46
        230 46
        299 55
        241 55
        315 55
        53 56
        54 56
        57 59
        58 59
        228 62
        234 62
        228 63
        281 63
        217 63
        72 74
        73 74
        79 81
        80 81
        242 82
        281 82
        325 86
        282 86
        235 86
        336 95
        266 95
        94 95
        266 96
        272 96
        94 96
        206 100
        98 100
        326 131
        236 131
        319 131
        264 132
        121 132
        319 149
        148 149
        293 152
        303 152
        151 152
        233 154
        305 154
        292 160
        22 160
        243 166
        265 166
        308 170
        259 170
        169 170
        172 174
        173 174
        231 176
        175 176
        327 190
        275 190
        239 190
        266 196
        195 196
        205 207
        206 207
        335 209
        272 209
        238 209
        233 211
        295 211
        321 211
        338 218
        217 218
        338 220
        219 220
        18 225
        15 17
        16 17
        21 26
        24 26
        25 26
        39 41
        40 41
        18 43
        42 43
        45 47
        46 47
        234 60
        59 60
        231 64
        62 64
        63 64
        309 66
        33 66
        301 83
        310 83
        82 83
        85 87
        86 87
        95 97
        96 97
        59 102
        100 102
        273 123
        294 123
        166 123
        326 133
        284 133
        131 133
        243 143
        121 143
        132 143
        293 150
        148 150
        149 150
        151 153
        152 153
        284 161
        22 161
        160 161
        169 171
        170 171
        290 177
        175 177
        176 177
        240 187
        174 187
        190 192
        191 192
        297 197
        314 197
        196 197
        208 210
        209 210
        211 213
        212 213
        218 222
        220 222
        221 222
        289 224
        207 224
        298 19
        17 19
        225 19
        26 31
        29 31
        30 31
        235 48
        47 48
        270 61
        60 61
        44 77
        55 77
        66 77
        82 84
        83 84
        270 89
        87 89
        100 103
        101 103
        102 103
        320 107
        26 107
        309 116
        316 116
        161 116
        143 120
        161 120
        119 120
        166 124
        123 124
        239 129
        150 129
        128 129
        131 134
        133 134
        150 155
        153 155
        311 178
        177 178
        328 188
        187 188
        297 193
        192 193
        269 198
        196 198
        197 198
        339 202
        171 202
        313 214
        210 214
        221 223
        222 223
        143 252
        225 20
        19 20
        30 32
        31 32
        43 49
        48 49
        61 67
        64 67
        84 90
        89 90
        323 99
        77 99
        97 105
        103 105
        337 108
        107 108
        116 118
        117 118
        119 122
        120 122
        128 130
        129 130
        328 135
        133 135
        134 135
        153 156
        154 156
        155 156
        265 179
        178 179
        339 194
        193 194
        196 199
        198 199
        277 215
        214 215
        20 34
        32 34
        319 50
        49 50
        61 68
        65 68
        67 68
        312 91
        90 91
        103 106
        104 106
        105 106
        77 110
        88 110
        99 110
        122 125
        124 125
        130 136
        135 136
        252 158
        156 158
        272 180
        177 180
        179 180
        194 200
        199 200
        213 216
        214 216
        215 216
        216 12
        224 12
        41 51
        50 51
        56 69
        68 69
        81 92
        91 92
        33 126
        143 126
        125 126
        217 137
        130 137
        136 137
        156 159
        157 159
        158 159
        305 182
        180 182
        175 201
        194 201
        200 201
        289 13
        223 13
        12 13
        273 52
        49 52
        51 52
        292 70
        69 70
        269 93
        90 93
        92 93
        125 127
        126 127
        322 138
        137 138
        278 162
        159 162
        180 183
        181 183
        182 183
        330 35
        13 35
        238 71
        68 71
        70 71
        93 109
        108 109
        127 139
        138 139
        252 163
        161 163
        162 163
        240 185
        183 185
        330 36
        34 36
        35 36
        52 75
        71 75
        308 111
        106 111
        109 111
        316 140
        137 140
        139 140
        279 164
        162 164
        163 164
        183 186
        184 186
        185 186
        262 76
        74 76
        75 76
        109 112
        111 112
        162 165
        164 165
        186 189
        187 189
        188 189
        75 78
        76 78
        110 167
        165 167
        189 203
        202 203
        315 113
        78 113
        165 168
        166 168
        167 168
        339 204
        201 204
        203 204
        323 37
        204 37
        298 114
        113 114
        36 38
        37 38
        112 115
        113 115
        114 115
        115 141
        140 141
        323 142
        118 142
        141 142
        141 144
        142 144
        38 145
        144 145
        330 146
        168 146
        145 146
        145 147
        146 147
        147 10
    ]
]
