circuit_name:c432new_processed
[
    node:
    [
        1 x0 0 PI
        2 x1 0 PI
        3 x2 0 PI
        4 x3 0 PI
        5 x4 0 PI
        6 x5 0 PI
        7 x6 0 PI
        8 x7 0 PI
        9 x8 0 PI
        10 x9 0 PI
        11 x10 0 PI
        12 x11 0 PI
        13 x12 0 PI
        14 x13 0 PI
        15 x14 0 PI
        16 x15 0 PI
        17 x16 0 PI
        18 x17 0 PI
        19 x18 0 PI
        20 x19 0 PI
        21 x20 0 PI
        22 x21 0 PI
        23 x22 0 PI
        24 x23 0 PI
        25 x24 0 PI
        26 x25 0 PI
        27 x26 0 PI
        28 x27 0 PI
        29 x28 0 PI
        30 x29 0 PI
        31 x30 0 PI
        32 x31 0 PI
        33 x32 0 PI
        34 x33 0 PI
        35 x34 0 PI
        36 x35 0 PI
        37 y0 17 PO_0
        38 y1 28 PO_0
        39 y2 40 PO_0
        40 y3 49 PO_0
        41 y4 46 PO_0
        42 y5 48 PO_0
        43 y6 48 PO_0
        44 n100 17 AND_1
        45 n101 17 MAJ_0
        46 n102 18 AND_1
        47 n103 16 MAJ_0
        48 n104 18 AND_1
        49 n105 28 AND_0
        50 n106 29 MAJ_1
        51 n107 30 MAJ_1
        52 n108 17 MAJ_0
        53 n109 18 AND_1
        54 n110 29 MAJ_1
        55 n111 29 AND_1
        56 n112 31 MAJ_1
        57 n113 28 MAJ_1
        58 n114 28 AND_1
        59 n115 32 MAJ_1
        60 n116 28 MAJ_1
        61 n117 28 AND_1
        62 n118 33 MAJ_1
        63 n119 28 MAJ_1
        64 n120 28 AND_1
        65 n121 34 MAJ_1
        66 n122 28 MAJ_1
        67 n123 28 AND_1
        68 n124 35 MAJ_1
        69 n125 28 MAJ_1
        70 n126 28 AND_1
        71 n127 36 MAJ_1
        72 n128 28 MAJ_1
        73 n129 28 AND_1
        74 n130 37 MAJ_1
        75 n131 28 MAJ_1
        76 n132 28 AND_1
        77 n133 38 MAJ_1
        78 n134 17 AND_0
        79 n135 18 AND_1
        80 n136 28 AND_0
        81 n137 29 AND_1
        82 n138 28 AND_0
        83 n139 29 OR_0
        84 n140 30 MAJ_0
        85 n141 31 AND_1
        86 n142 40 MAJ_1
        87 n143 41 AND_1
        88 n144 28 AND_0
        89 n145 29 OR_0
        90 n146 30 MAJ_0
        91 n147 31 AND_1
        92 n148 40 MAJ_1
        93 n149 41 AND_1
        94 n150 28 AND_0
        95 n151 29 OR_0
        96 n152 30 MAJ_0
        97 n153 31 AND_1
        98 n154 40 MAJ_1
        99 n155 41 AND_1
        100 n156 28 AND_0
        101 n157 29 OR_0
        102 n158 30 MAJ_0
        103 n159 31 AND_1
        104 n160 40 MAJ_1
        105 n161 41 AND_1
        106 n162 28 AND_0
        107 n163 29 OR_0
        108 n164 30 MAJ_0
        109 n165 31 AND_1
        110 n166 40 MAJ_1
        111 n167 41 AND_1
        112 n168 28 AND_0
        113 n169 29 OR_0
        114 n170 30 MAJ_0
        115 n171 31 AND_1
        116 n172 40 MAJ_1
        117 n173 41 AND_1
        118 n174 28 AND_0
        119 n175 29 OR_0
        120 n176 30 MAJ_0
        121 n177 31 AND_1
        122 n178 41 MAJ_1
        123 n179 42 AND_1
        124 n180 28 AND_0
        125 n181 29 OR_0
        126 n182 30 MAJ_0
        127 n183 31 AND_1
        128 n184 41 MAJ_1
        129 n185 42 AND_1
        130 n186 43 OR_0
        131 n187 42 OR_0
        132 n188 44 MAJ_1
        133 n189 45 OR_0
        134 n190 42 OR_0
        135 n191 46 MAJ_1
        136 n192 47 OR_0
        137 n193 40 AND_0
        138 n194 41 AND_0
        139 n195 48 MAJ_1
        140 n196 43 AND_1
        141 n197 44 OR_0
        142 n198 45 OR_0
        143 n199 43 OR_0
        144 n200 44 AND_1
        145 n201 43 OR_0
        146 n202 44 OR_0
        147 n203 45 AND_1
        148 n204 46 OR_0
        149 n205 47 OR_0
        150 n206 44 OR_0
        151 n207 45 AND_1
        152 n208 44 OR_0
        153 n209 46 MAJ_1
        154 n210 47 OR_0
        155 n37 1 AND_1
        156 n38 1 AND_1
        157 n39 1 AND_1
        158 n40 1 AND_1
        159 n41 2 OR_0
        160 n42 3 MAJ_1
        161 n43 1 AND_1
        162 n44 4 OR_0
        163 n45 5 OR_0
        164 n46 6 MAJ_1
        165 n47 7 OR_0
        166 n48 8 OR_0
        167 n49 9 MAJ_1
        168 n50 10 OR_0
        169 n51 11 OR_0
        170 n52 12 MAJ_1
        171 n53 13 OR_0
        172 n54 17 MAJ_0
        173 n55 16 MAJ_0
        174 n56 18 AND_1
        175 n57 16 MAJ_0
        176 n58 17 MAJ_0
        177 n59 18 AND_1
        178 n60 17 MAJ_0
        179 n61 16 MAJ_0
        180 n62 18 AND_1
        181 n63 16 MAJ_0
        182 n64 17 MAJ_0
        183 n65 18 AND_1
        184 n66 17 MAJ_0
        185 n67 16 MAJ_0
        186 n68 18 AND_1
        187 n69 16 MAJ_0
        188 n70 16 MAJ_0
        189 n71 17 AND_1
        190 n72 17 MAJ_0
        191 n73 17 MAJ_0
        192 n74 18 AND_1
        193 n75 17 MAJ_0
        194 n76 16 MAJ_0
        195 n77 18 AND_1
        196 n78 16 MAJ_0
        197 n79 17 MAJ_0
        198 n80 18 AND_1
        199 n81 19 OR_0
        200 n82 20 MAJ_1
        201 n83 21 OR_0
        202 n84 19 OR_0
        203 n85 22 MAJ_1
        204 n86 23 OR_0
        205 n87 24 OR_0
        206 n88 25 OR_0
        207 n89 16 MAJ_0
        208 n90 18 AND_1
        209 n91 16 MAJ_0
        210 n92 17 AND_1
        211 n93 17 MAJ_0
        212 n94 18 AND_1
        213 n95 17 MAJ_0
        214 n96 18 AND_1
        215 n97 16 MAJ_0
        216 n98 18 AND_1
        217 n99 16 MAJ_0
        218 v1 39 VIR
        219 v10 26 VIR
        220 v11 26 VIR
        221 v12 1 VIR
        222 v13 1 VIR
        223 v14 1 VIR
        224 v15 1 VIR
        225 v16 1 VIR
        226 v17 1 VIR
        227 v18 1 VIR
        228 v19 1 VIR
        229 v2 39 VIR
        230 v20 1 VIR
        231 v21 40 VIR
        232 v22 27 VIR
        233 v23 27 VIR
        234 v24 27 VIR
        235 v25 27 VIR
        236 v26 27 VIR
        237 v27 27 VIR
        238 v28 15 VIR
        239 v29 15 VIR
        240 v3 39 VIR
        241 v30 15 VIR
        242 v31 15 VIR
        243 v32 15 VIR
        244 v33 15 VIR
        245 v34 15 VIR
        246 v35 15 VIR
        247 v36 15 VIR
        248 v37 27 VIR
        249 v38 27 VIR
        250 v39 27 VIR
        251 v4 42 VIR
        252 v40 16 VIR
        253 v41 16 VIR
        254 v42 16 VIR
        255 v43 16 VIR
        256 v44 16 VIR
        257 v45 16 VIR
        258 v46 16 VIR
        259 v47 16 VIR
        260 v48 16 VIR
        261 v49 28 VIR
        262 v5 42 VIR
        263 v6 14 VIR
        264 v7 14 VIR
        265 v8 14 VIR
        266 v9 26 VIR
    ]
    edge:
    [
        32 155
        34 155
        24 156
        26 156
        16 157
        18 157
        1 158
        2 158
        8 161
        10 161
        1 221
        12 222
        16 223
        20 224
        24 225
        28 226
        4 227
        32 228
        8 230
        6 159
        158 159
        4 160
        158 160
        159 160
        160 162
        161 162
        157 163
        162 163
        12 164
        14 164
        163 164
        163 165
        164 165
        156 166
        165 166
        20 167
        22 167
        166 167
        166 168
        167 168
        155 169
        168 169
        28 170
        30 170
        169 170
        169 171
        170 171
        171 263
        171 264
        171 265
        263 238
        263 239
        263 241
        264 242
        264 243
        264 244
        265 245
        265 246
        265 247
        221 47
        5 47
        243 47
        228 173
        35 173
        243 173
        28 175
        30 175
        242 175
        225 179
        27 179
        241 179
        20 181
        22 181
        241 181
        223 185
        19 185
        242 185
        12 187
        14 187
        238 187
        222 188
        15 188
        238 188
        221 194
        3 194
        239 194
        4 196
        6 196
        239 196
        228 207
        36 207
        245 207
        226 209
        33 209
        245 209
        223 215
        21 215
        244 215
        222 217
        17 217
        244 217
        238 252
        239 253
        241 254
        242 255
        243 256
        244 257
        245 258
        246 259
        247 260
        187 44
        217 44
        230 45
        13 45
        256 45
        227 52
        9 52
        256 52
        221 78
        260 78
        32 172
        34 172
        255 172
        226 176
        31 176
        255 176
        24 178
        26 178
        253 178
        224 182
        23 182
        254 182
        16 184
        18 184
        254 184
        187 189
        188 189
        8 190
        10 190
        252 190
        230 191
        11 191
        252 191
        1 193
        2 193
        252 193
        227 197
        7 197
        253 197
        175 210
        209 210
        225 211
        29 211
        257 211
        224 213
        25 213
        257 213
        190 46
        45 46
        193 48
        47 48
        196 53
        52 53
        2 79
        78 79
        172 174
        173 174
        175 177
        176 177
        178 180
        179 180
        181 183
        182 183
        184 186
        185 186
        190 192
        191 192
        193 195
        194 195
        196 198
        197 198
        172 208
        207 208
        178 212
        211 212
        181 214
        213 214
        184 216
        215 216
        189 199
        192 199
        180 202
        183 202
        195 200
        198 200
        199 200
        199 201
        200 201
        186 203
        201 203
        202 203
        202 204
        203 204
        177 205
        204 205
        174 206
        205 206
        206 219
        206 220
        206 266
        219 232
        219 233
        219 234
        220 235
        220 236
        220 237
        266 248
        266 249
        266 250
        195 49
        248 49
        192 57
        249 57
        46 57
        192 58
        249 58
        189 60
        249 60
        44 60
        189 61
        250 61
        186 63
        250 63
        216 63
        186 64
        250 64
        183 66
        232 66
        214 66
        183 67
        232 67
        180 69
        232 69
        212 69
        180 70
        233 70
        177 72
        234 72
        210 72
        177 73
        235 73
        174 75
        235 75
        208 75
        174 76
        236 76
        3 80
        237 80
        35 82
        236 82
        31 88
        236 88
        27 94
        237 94
        23 100
        233 100
        19 106
        233 106
        15 112
        235 112
        7 118
        234 118
        11 124
        234 124
        248 261
        248 50
        48 50
        49 50
        198 54
        261 54
        53 54
        198 55
        261 55
        79 81
        80 81
        228 83
        82 83
        226 89
        88 89
        225 95
        94 95
        224 101
        100 101
        223 107
        106 107
        222 113
        112 113
        227 119
        118 119
        230 125
        124 125
        195 51
        49 51
        50 51
        259 84
        82 84
        83 84
        247 90
        88 90
        89 90
        247 96
        94 96
        95 96
        258 102
        100 102
        101 102
        258 108
        106 108
        107 108
        259 114
        112 114
        113 114
        246 120
        118 120
        119 120
        246 126
        124 126
        125 126
        51 56
        54 56
        55 56
        34 85
        84 85
        30 91
        90 91
        26 97
        96 97
        22 103
        102 103
        18 109
        108 109
        14 115
        114 115
        6 121
        120 121
        10 127
        126 127
        56 59
        57 59
        58 59
        59 62
        60 62
        61 62
        62 65
        63 65
        64 65
        65 68
        66 68
        67 68
        68 71
        69 71
        70 71
        71 74
        72 74
        73 74
        74 77
        75 77
        76 77
        77 218
        77 229
        77 240
        36 86
        229 86
        85 86
        33 92
        229 92
        91 92
        29 98
        240 98
        97 98
        25 104
        218 104
        103 104
        21 110
        218 110
        109 110
        17 116
        229 116
        115 116
        240 137
        81 137
        218 231
        85 87
        86 87
        91 93
        92 93
        97 99
        98 99
        103 105
        104 105
        109 111
        110 111
        115 117
        116 117
        9 122
        231 122
        121 122
        13 128
        231 128
        127 128
        5 138
        137 138
        121 123
        122 123
        127 129
        128 129
        105 131
        111 131
        87 134
        93 134
        111 251
        117 262
        123 130
        129 130
        262 140
        129 140
        111 143
        262 143
        117 145
        129 145
        117 132
        130 132
        131 132
        130 141
        140 141
        99 144
        143 144
        251 146
        145 146
        99 150
        145 150
        123 152
        140 152
        131 133
        132 133
        251 142
        141 142
        105 147
        146 147
        93 151
        150 151
        99 135
        133 135
        134 135
        144 148
        147 148
        147 153
        151 153
        152 153
        134 136
        135 136
        130 149
        148 149
        152 154
        153 154
        81 139
        136 139
        138 139
        260 37
        237 38
        240 39
        139 40
        142 41
        149 42
        154 43
    ]
]
