circuit_name:chtnew_processed
[
    node:
    [
        1 x0 0 PI
        2 x1 0 PI
        3 x2 0 PI
        4 x3 0 PI
        5 x4 0 PI
        6 x5 0 PI
        7 x6 0 PI
        8 x7 0 PI
        9 x8 0 PI
        10 x9 0 PI
        11 x10 0 PI
        12 x11 0 PI
        13 x12 0 PI
        14 x13 0 PI
        15 x14 0 PI
        16 x15 0 PI
        17 x16 0 PI
        18 x17 0 PI
        19 x18 0 PI
        20 x19 0 PI
        21 x20 0 PI
        22 x21 0 PI
        23 x22 0 PI
        24 x23 0 PI
        25 x24 0 PI
        26 x25 0 PI
        27 x26 0 PI
        28 x27 0 PI
        29 x28 0 PI
        30 x29 0 PI
        31 x30 0 PI
        32 x31 0 PI
        33 x32 0 PI
        34 x33 0 PI
        35 x34 0 PI
        36 x35 0 PI
        37 x36 0 PI
        38 x37 0 PI
        39 x38 0 PI
        40 x39 0 PI
        41 x40 0 PI
        42 x41 0 PI
        43 x42 0 PI
        44 x43 0 PI
        45 x44 0 PI
        46 x45 0 PI
        47 x46 0 PI
        48 y0 6 PO_0
        49 y1 9 PO_0
        50 y2 9 PO_0
        51 y3 6 PO_0
        52 y4 9 PO_0
        53 y5 6 PO_0
        54 y6 6 PO_0
        55 y7 10 PO_0
        56 y8 6 PO_0
        57 y9 9 PO_0
        58 y10 6 PO_0
        59 y11 9 PO_0
        60 y12 6 PO_0
        61 y13 6 PO_0
        62 y14 6 PO_0
        63 y15 6 PO_0
        64 y16 6 PO_0
        65 y17 6 PO_0
        66 y18 6 PO_0
        67 y19 6 PO_0
        68 y20 6 PO_0
        69 y21 6 PO_0
        70 y22 6 PO_0
        71 y23 6 PO_0
        72 y24 6 PO_0
        73 y25 6 PO_0
        74 y26 6 PO_0
        75 y27 6 PO_0
        76 y28 6 PO_0
        77 y29 6 PO_0
        78 y30 6 PO_0
        79 y31 9 PO_0
        80 y32 11 PO_0
        81 y33 6 PO_0
        82 y34 6 PO_0
        83 y35 9 PO_0
        84 n100 4 MAJ_1
        85 n101 5 AND_1
        86 n102 4 AND_1
        87 n103 5 AND_0
        88 n104 5 MAJ_1
        89 n105 6 AND_0
        90 n106 7 OR_0
        91 n107 8 OR_0
        92 n108 4 MAJ_1
        93 n109 4 MAJ_1
        94 n110 5 AND_1
        95 n111 3 AND_1
        96 n112 4 MAJ_1
        97 n113 5 AND_1
        98 n114 4 AND_1
        99 n115 5 AND_0
        100 n116 5 MAJ_1
        101 n117 6 AND_0
        102 n118 7 OR_0
        103 n119 8 OR_0
        104 n120 4 MAJ_1
        105 n121 4 MAJ_1
        106 n122 5 AND_1
        107 n123 4 MAJ_1
        108 n124 4 MAJ_1
        109 n125 5 AND_1
        110 n126 4 MAJ_1
        111 n127 4 MAJ_1
        112 n128 5 AND_1
        113 n129 4 MAJ_1
        114 n130 4 MAJ_1
        115 n131 5 AND_1
        116 n132 4 MAJ_1
        117 n133 4 MAJ_1
        118 n134 5 AND_1
        119 n135 4 MAJ_1
        120 n136 4 MAJ_1
        121 n137 5 AND_1
        122 n138 4 MAJ_1
        123 n139 4 MAJ_1
        124 n140 5 AND_1
        125 n141 4 MAJ_1
        126 n142 4 MAJ_1
        127 n143 5 AND_1
        128 n144 4 MAJ_1
        129 n145 4 MAJ_1
        130 n146 5 AND_1
        131 n147 4 MAJ_1
        132 n148 4 MAJ_1
        133 n149 5 AND_1
        134 n150 4 MAJ_1
        135 n151 4 MAJ_1
        136 n152 5 AND_1
        137 n153 4 MAJ_1
        138 n154 4 MAJ_1
        139 n155 5 AND_1
        140 n156 4 MAJ_1
        141 n157 4 MAJ_1
        142 n158 5 AND_1
        143 n159 4 MAJ_1
        144 n160 4 MAJ_1
        145 n161 5 AND_1
        146 n162 4 MAJ_1
        147 n163 4 MAJ_1
        148 n164 5 AND_1
        149 n165 4 MAJ_1
        150 n166 4 MAJ_1
        151 n167 5 AND_1
        152 n168 4 MAJ_1
        153 n169 4 MAJ_1
        154 n170 5 AND_1
        155 n171 4 MAJ_1
        156 n172 4 MAJ_1
        157 n173 5 AND_1
        158 n174 4 MAJ_1
        159 n175 4 MAJ_1
        160 n176 5 AND_1
        161 n177 3 AND_1
        162 n178 4 MAJ_1
        163 n179 5 AND_1
        164 n180 4 AND_1
        165 n181 5 AND_0
        166 n182 5 MAJ_1
        167 n183 6 AND_0
        168 n184 7 OR_0
        169 n185 8 OR_0
        170 n186 2 AND_0
        171 n187 4 MAJ_1
        172 n188 5 AND_1
        173 n189 3 AND_1
        174 n190 4 MAJ_1
        175 n191 5 AND_1
        176 n192 4 AND_1
        177 n193 3 AND_0
        178 n194 4 MAJ_1
        179 n195 5 AND_1
        180 n196 6 OR_0
        181 n197 7 MAJ_0
        182 n198 2 AND_1
        183 n199 4 MAJ_1
        184 n200 5 AND_1
        185 n201 1 AND_0
        186 n202 4 MAJ_1
        187 n203 5 AND_1
        188 n204 6 OR_0
        189 n205 7 MAJ_1
        190 n206 8 OR_0
        191 n207 6 OR_0
        192 n208 9 MAJ_1
        193 n209 10 OR_0
        194 n210 4 MAJ_1
        195 n211 4 MAJ_1
        196 n212 5 AND_1
        197 n213 4 MAJ_1
        198 n214 4 MAJ_1
        199 n215 5 AND_1
        200 n216 3 AND_1
        201 n217 4 MAJ_1
        202 n218 5 AND_1
        203 n219 4 AND_1
        204 n220 5 AND_0
        205 n221 5 MAJ_1
        206 n222 6 AND_0
        207 n223 7 OR_0
        208 n224 8 OR_0
        209 n48 4 MAJ_1
        210 n49 4 MAJ_1
        211 n50 5 AND_1
        212 n51 3 AND_1
        213 n52 4 MAJ_1
        214 n53 5 AND_1
        215 n54 4 AND_1
        216 n55 5 AND_0
        217 n56 5 MAJ_1
        218 n57 6 AND_0
        219 n58 7 OR_0
        220 n59 8 OR_0
        221 n60 3 AND_1
        222 n61 4 MAJ_1
        223 n62 5 AND_1
        224 n63 4 AND_1
        225 n64 5 AND_0
        226 n65 5 MAJ_1
        227 n66 6 AND_0
        228 n67 7 OR_0
        229 n68 8 OR_0
        230 n69 4 MAJ_1
        231 n70 4 MAJ_1
        232 n71 5 AND_1
        233 n72 2 AND_1
        234 n73 4 MAJ_1
        235 n74 5 AND_1
        236 n75 4 AND_1
        237 n76 5 AND_0
        238 n77 5 MAJ_1
        239 n78 6 AND_0
        240 n79 7 OR_0
        241 n80 8 OR_0
        242 n81 4 MAJ_1
        243 n82 4 MAJ_1
        244 n83 5 AND_1
        245 n84 4 MAJ_1
        246 n85 4 MAJ_1
        247 n86 5 AND_1
        248 n87 3 AND_1
        249 n88 4 MAJ_1
        250 n89 5 AND_1
        251 n90 4 AND_1
        252 n91 5 MAJ_0
        253 n92 6 AND_0
        254 n93 7 OR_0
        255 n94 8 MAJ_1
        256 n95 9 OR_0
        257 n96 4 MAJ_1
        258 n97 4 MAJ_1
        259 n98 5 AND_1
        260 n99 3 AND_1
        261 v1 1 VIR
        262 v10 1 VIR
        263 v11 1 VIR
        264 v12 1 VIR
        265 v13 1 VIR
        266 v14 1 VIR
        267 v15 1 VIR
        268 v16 1 VIR
        269 v17 1 VIR
        270 v18 1 VIR
        271 v19 1 VIR
        272 v2 1 VIR
        273 v20 2 VIR
        274 v21 2 VIR
        275 v22 2 VIR
        276 v23 2 VIR
        277 v24 2 VIR
        278 v25 2 VIR
        279 v26 2 VIR
        280 v27 2 VIR
        281 v28 2 VIR
        282 v29 2 VIR
        283 v3 1 VIR
        284 v30 2 VIR
        285 v31 2 VIR
        286 v32 2 VIR
        287 v33 2 VIR
        288 v34 2 VIR
        289 v35 2 VIR
        290 v36 2 VIR
        291 v37 2 VIR
        292 v38 2 VIR
        293 v39 2 VIR
        294 v4 1 VIR
        295 v40 2 VIR
        296 v41 2 VIR
        297 v42 2 VIR
        298 v43 2 VIR
        299 v44 2 VIR
        300 v45 2 VIR
        301 v46 2 VIR
        302 v47 2 VIR
        303 v48 2 VIR
        304 v49 2 VIR
        305 v5 1 VIR
        306 v50 2 VIR
        307 v51 2 VIR
        308 v52 2 VIR
        309 v53 2 VIR
        310 v54 2 VIR
        311 v55 2 VIR
        312 v56 3 VIR
        313 v57 3 VIR
        314 v58 3 VIR
        315 v59 3 VIR
        316 v6 1 VIR
        317 v60 3 VIR
        318 v61 3 VIR
        319 v62 3 VIR
        320 v63 3 VIR
        321 v64 3 VIR
        322 v65 3 VIR
        323 v66 3 VIR
        324 v67 3 VIR
        325 v68 3 VIR
        326 v69 3 VIR
        327 v7 1 VIR
        328 v70 3 VIR
        329 v71 3 VIR
        330 v72 3 VIR
        331 v73 3 VIR
        332 v74 3 VIR
        333 v75 3 VIR
        334 v76 3 VIR
        335 v77 3 VIR
        336 v78 3 VIR
        337 v79 3 VIR
        338 v8 1 VIR
        339 v80 3 VIR
        340 v81 3 VIR
        341 v82 3 VIR
        342 v83 3 VIR
        343 v84 3 VIR
        344 v85 3 VIR
        345 v86 3 VIR
        346 v87 3 VIR
        347 v88 3 VIR
        348 v89 3 VIR
        349 v9 1 VIR
        350 v90 3 VIR
    ]
    edge:
    [
        25 185
        26 185
        1 261
        41 262
        42 263
        42 264
        42 265
        43 266
        43 267
        43 268
        44 269
        44 270
        44 271
        1 272
        1 283
        25 294
        26 305
        28 316
        28 327
        41 338
        41 349
        305 170
        316 170
        261 182
        25 182
        272 233
        30 233
        261 273
        261 274
        262 275
        263 276
        263 277
        263 278
        264 279
        264 280
        264 281
        265 282
        265 284
        265 285
        266 286
        266 287
        266 288
        267 289
        267 290
        267 291
        268 292
        268 293
        268 295
        269 296
        269 297
        269 298
        270 299
        270 300
        270 301
        271 302
        271 303
        271 304
        272 306
        272 307
        283 308
        283 309
        338 310
        349 311
        306 95
        38 95
        306 161
        27 161
        273 173
        305 173
        273 177
        28 177
        307 200
        29 200
        274 212
        32 212
        274 221
        34 221
        273 248
        316 248
        306 260
        36 260
        276 312
        286 313
        287 314
        288 315
        289 317
        290 318
        292 319
        293 320
        296 321
        296 322
        296 323
        297 324
        297 325
        297 326
        298 328
        298 329
        298 330
        299 331
        299 332
        299 333
        300 334
        300 335
        300 336
        301 337
        301 339
        301 340
        302 341
        302 342
        302 343
        303 344
        303 345
        303 346
        304 347
        304 348
        304 350
        317 84
        328 84
        260 84
        34 86
        324 86
        17 92
        277 92
        333 92
        15 93
        278 93
        333 93
        290 96
        326 96
        95 96
        36 98
        325 98
        15 104
        278 104
        333 104
        13 105
        278 105
        334 105
        21 107
        279 107
        334 107
        19 108
        279 108
        334 108
        19 110
        279 110
        335 110
        17 111
        280 111
        335 111
        4 113
        280 113
        335 113
        2 114
        280 114
        347 114
        2 116
        281 116
        347 116
        21 117
        281 117
        346 117
        8 119
        281 119
        345 119
        6 120
        282 120
        345 120
        6 122
        282 122
        345 122
        4 123
        282 123
        343 123
        12 125
        284 125
        346 125
        10 126
        284 126
        344 126
        10 128
        284 128
        350 128
        8 129
        285 129
        336 129
        16 131
        295 131
        336 131
        14 132
        320 132
        337 132
        327 134
        285 134
        337 134
        12 135
        285 135
        337 135
        20 137
        320 137
        339 137
        18 138
        293 138
        339 138
        18 140
        293 140
        339 140
        16 141
        295 141
        340 141
        23 143
        319 143
        340 143
        22 144
        295 144
        341 144
        22 146
        291 146
        341 146
        20 147
        291 147
        341 147
        294 149
        291 149
        342 149
        24 150
        292 150
        342 150
        24 152
        292 152
        342 152
        23 153
        319 153
        350 153
        349 155
        343 155
        45 155
        37 156
        349 156
        343 156
        311 158
        344 158
        46 158
        39 159
        311 159
        344 159
        318 162
        329 162
        161 162
        305 164
        325 164
        313 171
        324 171
        170 171
        313 174
        323 174
        173 174
        294 176
        323 176
        286 178
        322 178
        177 178
        26 183
        321 183
        182 183
        316 186
        321 186
        185 186
        262 194
        347 194
        47 194
        40 195
        262 195
        348 195
        31 197
        275 197
        348 197
        309 198
        275 198
        348 198
        317 201
        328 201
        200 201
        27 203
        324 203
        33 209
        338 209
        332 209
        3 210
        338 210
        329 210
        290 213
        326 213
        212 213
        30 215
        322 215
        289 222
        326 222
        221 222
        32 224
        323 224
        9 230
        276 230
        329 230
        7 231
        276 231
        330 231
        289 234
        328 234
        233 234
        29 236
        322 236
        35 242
        310 242
        330 242
        5 243
        310 243
        331 243
        13 245
        312 245
        331 245
        11 246
        312 246
        331 246
        286 249
        325 249
        248 249
        38 251
        321 251
        11 257
        277 257
        332 257
        9 258
        277 258
        332 258
        260 85
        84 85
        308 87
        86 87
        36 88
        288 88
        86 88
        92 94
        93 94
        95 97
        96 97
        308 99
        98 99
        38 100
        315 100
        98 100
        104 106
        105 106
        107 109
        108 109
        110 112
        111 112
        113 115
        114 115
        116 118
        117 118
        119 121
        120 121
        122 124
        123 124
        125 127
        126 127
        128 130
        129 130
        131 133
        132 133
        134 136
        135 136
        137 139
        138 139
        140 142
        141 142
        143 145
        144 145
        146 148
        147 148
        149 151
        150 151
        152 154
        153 154
        155 157
        156 157
        158 160
        159 160
        161 163
        162 163
        308 165
        164 165
        27 166
        315 166
        164 166
        170 172
        171 172
        173 175
        174 175
        177 179
        178 179
        182 184
        183 184
        185 187
        186 187
        194 196
        195 196
        197 199
        198 199
        200 202
        201 202
        309 204
        203 204
        29 205
        287 205
        203 205
        209 211
        210 211
        212 214
        213 214
        307 216
        215 216
        32 217
        287 217
        215 217
        221 223
        222 223
        307 225
        224 225
        34 226
        314 226
        224 226
        230 232
        231 232
        233 235
        234 235
        283 237
        236 237
        30 238
        288 238
        236 238
        242 244
        243 244
        245 247
        246 247
        248 250
        249 250
        274 252
        327 252
        251 252
        257 259
        258 259
        86 89
        88 89
        98 101
        100 101
        164 167
        166 167
        176 180
        179 180
        184 188
        187 188
        172 191
        175 191
        203 206
        205 206
        215 218
        217 218
        224 227
        226 227
        236 239
        238 239
        251 253
        252 253
        87 90
        89 90
        99 102
        101 102
        165 168
        167 168
        177 181
        179 181
        180 181
        314 189
        176 189
        188 189
        204 207
        206 207
        216 219
        218 219
        225 228
        227 228
        237 240
        239 240
        250 254
        253 254
        85 91
        90 91
        97 103
        102 103
        163 169
        168 169
        188 190
        189 190
        202 208
        207 208
        214 220
        219 220
        223 229
        228 229
        235 241
        240 241
        318 255
        251 255
        254 255
        181 192
        190 192
        191 192
        254 256
        255 256
        191 193
        192 193
        211 48
        220 49
        229 50
        232 51
        241 52
        244 53
        247 54
        256 55
        259 56
        91 57
        94 58
        103 59
        106 60
        109 61
        112 62
        115 63
        118 64
        121 65
        124 66
        127 67
        130 68
        133 69
        136 70
        139 71
        142 72
        145 73
        148 74
        151 75
        154 76
        157 77
        160 78
        169 79
        193 80
        196 81
        199 82
        208 83
    ]
]
