circuit_name:cm152anew_processed
[
    node:
    [
        1 x0 0 PI
        2 x1 0 PI
        3 x2 0 PI
        4 x3 0 PI
        5 x4 0 PI
        6 x5 0 PI
        7 x6 0 PI
        8 x7 0 PI
        9 x8 0 PI
        10 x9 0 PI
        11 x10 0 PI
        12 y0 9 PO_0
        13 n12 2 AND_0
        14 n13 3 MAJ_1
        15 n14 4 AND_1
        16 n15 2 AND_1
        17 n16 3 MAJ_1
        18 n17 4 AND_0
        19 n18 2 AND_0
        20 n19 3 MAJ_0
        21 n20 4 AND_1
        22 n21 2 AND_0
        23 n22 3 MAJ_1
        24 n23 4 AND_0
        25 n24 5 OR_0
        26 n25 6 MAJ_1
        27 n26 7 OR_0
        28 n27 2 AND_1
        29 n28 3 MAJ_0
        30 n29 4 AND_1
        31 n30 2 AND_1
        32 n31 3 MAJ_1
        33 n32 4 AND_1
        34 n33 2 AND_0
        35 n34 3 MAJ_1
        36 n35 4 AND_1
        37 n36 2 AND_1
        38 n37 3 MAJ_1
        39 n38 4 AND_1
        40 n39 5 OR_0
        41 n40 6 MAJ_1
        42 n41 7 OR_0
        43 n42 8 OR_0
        44 v1 1 VIR
        45 v2 1 VIR
        46 v3 1 VIR
        47 v4 1 VIR
        48 v5 1 VIR
        49 v6 1 VIR
        50 v7 1 VIR
        51 v8 1 VIR
        52 v9 1 VIR
    ]
    edge:
    [
        11 44
        11 45
        11 46
        9 47
        9 48
        9 49
        10 50
        10 51
        10 52
        6 13
        47 13
        7 16
        47 16
        2 19
        48 19
        8 22
        48 22
        1 28
        47 28
        3 31
        48 31
        4 34
        49 34
        5 37
        49 37
        50 14
        44 14
        13 14
        50 17
        44 17
        16 17
        51 20
        45 20
        19 20
        51 23
        45 23
        22 23
        50 29
        44 29
        28 29
        51 32
        45 32
        31 32
        52 35
        46 35
        34 35
        52 38
        46 38
        37 38
        13 15
        14 15
        16 18
        17 18
        19 21
        20 21
        22 24
        23 24
        28 30
        29 30
        31 33
        32 33
        34 36
        35 36
        37 39
        38 39
        15 25
        18 25
        30 40
        33 40
        21 26
        24 26
        25 26
        36 41
        39 41
        40 41
        25 27
        26 27
        40 42
        41 42
        27 43
        42 43
        43 12
    ]
]
