circuit_name:cm42anew_processed
[
    node:
    [
        1 x0 0 PI
        2 x1 0 PI
        3 x2 0 PI
        4 x3 0 PI
        5 y0 4 PO_0
        6 y1 4 PO_1
        7 y2 5 PO_1
        8 y3 5 PO_1
        9 y4 5 PO_1
        10 y5 5 PO_1
        11 y6 5 PO_1
        12 y7 5 PO_1
        13 y8 5 PO_1
        14 y9 5 PO_1
        15 n10 3 AND_1
        16 n11 2 AND_1
        17 n12 3 MAJ_0
        18 n13 4 AND_1
        19 n14 2 AND_0
        20 n15 3 MAJ_0
        21 n16 4 AND_1
        22 n17 3 MAJ_1
        23 n18 4 AND_1
        24 n19 3 MAJ_1
        25 n20 4 AND_1
        26 n21 3 MAJ_1
        27 n22 4 AND_1
        28 n23 3 MAJ_1
        29 n24 4 AND_1
        30 n25 3 MAJ_1
        31 n26 4 AND_1
        32 n27 3 MAJ_1
        33 n28 4 AND_1
        34 n5 1 OR_0
        35 n6 2 MAJ_1
        36 n7 3 OR_0
        37 n8 1 AND_1
        38 n9 2 MAJ_0
        39 v1 3 VIR
        40 v10 1 VIR
        41 v11 1 VIR
        42 v12 1 VIR
        43 v13 1 VIR
        44 v14 1 VIR
        45 v15 2 VIR
        46 v16 2 VIR
        47 v2 3 VIR
        48 v3 2 VIR
        49 v4 2 VIR
        50 v5 2 VIR
        51 v6 2 VIR
        52 v7 1 VIR
        53 v8 1 VIR
        54 v9 1 VIR
    ]
    edge:
    [
        1 34
        2 34
        1 37
        2 37
        3 40
        3 41
        4 42
        4 43
        4 44
        1 52
        2 53
        3 54
        52 16
        53 16
        52 19
        53 19
        54 35
        42 35
        34 35
        54 38
        42 38
        37 38
        42 45
        54 46
        34 48
        34 49
        37 50
        37 51
        50 15
        38 15
        46 17
        45 17
        16 17
        46 20
        45 20
        19 20
        40 22
        43 22
        48 22
        40 24
        43 24
        50 24
        40 26
        43 26
        16 26
        41 28
        44 28
        19 28
        41 30
        44 30
        48 30
        41 32
        44 32
        50 32
        48 36
        35 36
        16 39
        19 47
        39 18
        17 18
        47 21
        20 21
        49 23
        22 23
        51 25
        24 25
        39 27
        26 27
        47 29
        28 29
        49 31
        30 31
        51 33
        32 33
        36 5
        15 6
        18 7
        21 8
        23 9
        25 10
        27 11
        29 12
        31 13
        33 14
    ]
]
