circuit_name:compnew_processed
[
    node:
    [
        1 x0 0 PI
        2 x1 0 PI
        3 x2 0 PI
        4 x3 0 PI
        5 x4 0 PI
        6 x5 0 PI
        7 x6 0 PI
        8 x7 0 PI
        9 x8 0 PI
        10 x9 0 PI
        11 x10 0 PI
        12 x11 0 PI
        13 x12 0 PI
        14 x13 0 PI
        15 x14 0 PI
        16 x15 0 PI
        17 x16 0 PI
        18 x17 0 PI
        19 x18 0 PI
        20 x19 0 PI
        21 x20 0 PI
        22 x21 0 PI
        23 x22 0 PI
        24 x23 0 PI
        25 x24 0 PI
        26 x25 0 PI
        27 x26 0 PI
        28 x27 0 PI
        29 x28 0 PI
        30 x29 0 PI
        31 x30 0 PI
        32 x31 0 PI
        33 y0 20 PO_0
        34 y1 16 PO_1
        35 y2 19 PO_0
        36 n100 8 OR_0
        37 n101 9 MAJ_1
        38 n102 10 OR_0
        39 n103 5 MAJ_1
        40 n104 6 OR_0
        41 n105 11 MAJ_1
        42 n106 7 MAJ_1
        43 n107 12 OR_0
        44 n108 1 AND_1
        45 n109 2 AND_1
        46 n110 3 MAJ_1
        47 n111 1 MAJ_1
        48 n112 1 MAJ_1
        49 n113 2 AND_1
        50 n114 4 MAJ_1
        51 n115 3 MAJ_1
        52 n116 5 AND_1
        53 n117 2 AND_1
        54 n118 6 AND_1
        55 n119 7 MAJ_1
        56 n120 3 AND_1
        57 n121 4 MAJ_1
        58 n122 2 AND_1
        59 n123 5 MAJ_0
        60 n124 6 AND_1
        61 n125 8 OR_0
        62 n126 9 MAJ_1
        63 n127 10 OR_0
        64 n128 5 MAJ_1
        65 n129 6 OR_0
        66 n130 11 MAJ_1
        67 n131 7 MAJ_1
        68 n132 12 OR_0
        69 n133 13 OR_0
        70 n134 14 MAJ_1
        71 n135 15 OR_0
        72 n136 13 AND_1
        73 n137 14 MAJ_0
        74 n138 15 AND_1
        75 n139 13 AND_1
        76 n140 13 AND_1
        77 n141 14 MAJ_1
        78 n142 16 OR_0
        79 n143 17 MAJ_1
        80 n144 18 OR_0
        81 n145 19 AND_1
        82 n33 1 AND_1
        83 n34 2 AND_1
        84 n35 3 MAJ_1
        85 n36 1 MAJ_1
        86 n37 1 MAJ_1
        87 n38 2 AND_1
        88 n39 4 MAJ_1
        89 n40 3 MAJ_1
        90 n41 5 AND_1
        91 n42 2 AND_1
        92 n43 6 AND_1
        93 n44 7 MAJ_1
        94 n45 3 AND_1
        95 n46 4 MAJ_1
        96 n47 2 AND_1
        97 n48 5 MAJ_0
        98 n49 6 AND_1
        99 n50 8 OR_0
        100 n51 9 MAJ_1
        101 n52 10 OR_0
        102 n53 5 MAJ_1
        103 n54 6 OR_0
        104 n55 11 MAJ_1
        105 n56 7 MAJ_1
        106 n57 12 OR_0
        107 n58 1 AND_1
        108 n59 2 AND_1
        109 n60 3 MAJ_1
        110 n61 1 MAJ_1
        111 n62 1 MAJ_1
        112 n63 2 AND_1
        113 n64 4 MAJ_1
        114 n65 3 MAJ_1
        115 n66 5 AND_1
        116 n67 2 AND_1
        117 n68 6 AND_1
        118 n69 7 MAJ_1
        119 n70 3 AND_1
        120 n71 4 MAJ_1
        121 n72 2 AND_1
        122 n73 5 MAJ_0
        123 n74 6 AND_1
        124 n75 8 OR_0
        125 n76 9 MAJ_1
        126 n77 10 OR_0
        127 n78 5 MAJ_1
        128 n79 6 OR_0
        129 n80 11 MAJ_1
        130 n81 7 MAJ_1
        131 n82 12 OR_0
        132 n83 1 AND_1
        133 n84 2 AND_1
        134 n85 3 MAJ_1
        135 n86 1 MAJ_1
        136 n87 1 MAJ_1
        137 n88 2 AND_1
        138 n89 4 MAJ_1
        139 n90 3 MAJ_1
        140 n91 5 AND_1
        141 n92 2 AND_1
        142 n93 6 AND_1
        143 n94 7 MAJ_1
        144 n95 3 AND_1
        145 n96 4 MAJ_1
        146 n97 2 AND_1
        147 n98 5 MAJ_0
        148 n99 6 AND_1
        149 v1 13 VIR
        150 v10 1 VIR
        151 v11 1 VIR
        152 v12 1 VIR
        153 v13 1 VIR
        154 v14 1 VIR
        155 v15 1 VIR
        156 v16 1 VIR
        157 v17 1 VIR
        158 v2 1 VIR
        159 v3 1 VIR
        160 v4 1 VIR
        161 v5 1 VIR
        162 v6 1 VIR
        163 v7 1 VIR
        164 v8 1 VIR
        165 v9 1 VIR
    ]
    edge:
    [
        16 44
        26 44
        17 47
        27 47
        29 47
        4 48
        17 48
        27 48
        6 82
        30 82
        8 85
        12 85
        31 85
        1 86
        8 86
        31 86
        11 107
        22 107
        13 110
        23 110
        25 110
        13 111
        15 111
        23 111
        3 132
        18 132
        5 135
        19 135
        21 135
        5 136
        9 136
        19 136
        27 150
        28 151
        31 152
        32 153
        5 154
        7 155
        8 156
        10 157
        2 158
        13 159
        14 160
        17 161
        19 162
        20 163
        23 164
        24 165
        26 45
        44 45
        47 49
        48 49
        161 53
        150 53
        158 58
        151 58
        30 83
        82 83
        85 87
        86 87
        156 91
        152 91
        157 96
        153 96
        22 108
        107 108
        110 112
        111 112
        159 116
        164 116
        160 121
        165 121
        18 133
        132 133
        135 137
        136 137
        154 141
        162 141
        155 146
        163 146
        16 46
        44 46
        45 46
        2 51
        28 51
        49 51
        150 56
        53 56
        6 84
        82 84
        83 84
        10 89
        32 89
        87 89
        152 94
        91 94
        11 109
        107 109
        108 109
        14 114
        24 114
        112 114
        164 119
        116 119
        3 134
        132 134
        133 134
        7 139
        20 139
        137 139
        162 144
        141 144
        2 50
        28 50
        46 50
        161 57
        53 57
        56 57
        10 88
        32 88
        84 88
        156 95
        91 95
        94 95
        14 113
        24 113
        109 113
        159 120
        116 120
        119 120
        7 138
        20 138
        134 138
        154 145
        141 145
        144 145
        155 39
        163 39
        145 39
        50 52
        51 52
        46 59
        57 59
        58 59
        158 64
        151 64
        57 64
        88 90
        89 90
        84 97
        95 97
        96 97
        157 102
        153 102
        95 102
        113 115
        114 115
        109 122
        120 122
        121 122
        160 127
        165 127
        120 127
        138 140
        139 140
        134 147
        145 147
        146 147
        138 40
        39 40
        46 54
        52 54
        58 60
        59 60
        50 65
        64 65
        84 92
        90 92
        96 98
        97 98
        88 103
        102 103
        109 117
        115 117
        121 123
        122 123
        113 128
        127 128
        134 142
        140 142
        146 148
        147 148
        9 42
        21 42
        40 42
        52 55
        53 55
        54 55
        4 67
        29 67
        65 67
        90 93
        91 93
        92 93
        1 105
        12 105
        103 105
        115 118
        116 118
        117 118
        15 130
        25 130
        128 130
        140 143
        141 143
        142 143
        143 36
        148 36
        55 61
        60 61
        93 99
        98 99
        118 124
        123 124
        3 37
        18 37
        36 37
        16 62
        26 62
        61 62
        6 100
        30 100
        99 100
        11 125
        22 125
        124 125
        36 38
        37 38
        61 63
        62 63
        99 101
        100 101
        124 126
        125 126
        9 41
        21 41
        38 41
        4 66
        29 66
        63 66
        1 104
        12 104
        101 104
        15 129
        25 129
        126 129
        41 43
        42 43
        66 68
        67 68
        104 106
        105 106
        129 131
        130 131
        106 69
        131 69
        101 72
        131 72
        131 75
        63 75
        38 76
        43 76
        43 149
        149 70
        68 70
        69 70
        43 73
        68 73
        72 73
        38 77
        75 77
        76 77
        69 71
        70 71
        72 74
        73 74
        74 78
        77 78
        126 79
        149 79
        78 79
        78 80
        79 80
        71 81
        80 81
        81 33
        71 34
        80 35
    ]
]
