circuit_name:decnew_processed
[
    node:
    [
        1 x0 0 PI
        2 x1 0 PI
        3 x2 0 PI
        4 x3 0 PI
        5 x4 0 PI
        6 x5 0 PI
        7 x6 0 PI
        8 x7 0 PI
        9 y0 7 PO_0
        10 y1 8 PO_0
        11 y2 8 PO_0
        12 y3 8 PO_0
        13 y4 8 PO_0
        14 y5 8 PO_0
        15 y6 8 PO_0
        16 y7 8 PO_0
        17 y8 8 PO_0
        18 y9 8 PO_0
        19 y10 8 PO_0
        20 y11 8 PO_0
        21 y12 7 PO_0
        22 y13 8 PO_0
        23 y14 8 PO_0
        24 y15 8 PO_0
        25 y16 8 PO_0
        26 y17 8 PO_0
        27 y18 9 PO_0
        28 y19 9 PO_0
        29 y20 8 PO_0
        30 y21 8 PO_0
        31 y22 9 PO_0
        32 y23 9 PO_0
        33 y24 8 PO_0
        34 y25 8 PO_0
        35 y26 9 PO_0
        36 y27 9 PO_0
        37 y28 8 PO_0
        38 y29 8 PO_0
        39 y30 9 PO_0
        40 y31 9 PO_0
        41 y32 8 PO_0
        42 y33 9 PO_0
        43 y34 9 PO_0
        44 y35 9 PO_0
        45 y36 9 PO_0
        46 y37 9 PO_0
        47 y38 9 PO_0
        48 y39 9 PO_0
        49 y40 9 PO_0
        50 y41 9 PO_0
        51 y42 9 PO_0
        52 y43 9 PO_0
        53 y44 8 PO_0
        54 y45 9 PO_0
        55 y46 9 PO_0
        56 y47 9 PO_0
        57 y48 8 PO_0
        58 y49 9 PO_0
        59 y50 9 PO_0
        60 y51 9 PO_0
        61 y52 9 PO_0
        62 y53 9 PO_0
        63 y54 9 PO_0
        64 y55 9 PO_0
        65 y56 9 PO_0
        66 y57 9 PO_0
        67 y58 9 PO_0
        68 y59 9 PO_0
        69 y60 8 PO_0
        70 y61 9 PO_0
        71 y62 9 PO_0
        72 y63 9 PO_0
        73 y64 8 PO_0
        74 y65 8 PO_0
        75 y66 9 PO_0
        76 y67 9 PO_0
        77 y68 8 PO_0
        78 y69 8 PO_0
        79 y70 9 PO_0
        80 y71 9 PO_0
        81 y72 8 PO_0
        82 y73 8 PO_0
        83 y74 9 PO_0
        84 y75 9 PO_0
        85 y76 8 PO_0
        86 y77 8 PO_0
        87 y78 9 PO_0
        88 y79 9 PO_0
        89 y80 8 PO_0
        90 y81 8 PO_0
        91 y82 9 PO_0
        92 y83 9 PO_0
        93 y84 8 PO_0
        94 y85 8 PO_0
        95 y86 9 PO_0
        96 y87 9 PO_0
        97 y88 8 PO_0
        98 y89 8 PO_0
        99 y90 9 PO_0
        100 y91 9 PO_0
        101 y92 8 PO_0
        102 y93 8 PO_0
        103 y94 9 PO_0
        104 y95 9 PO_0
        105 y96 8 PO_0
        106 y97 9 PO_0
        107 y98 9 PO_0
        108 y99 9 PO_0
        109 y100 9 PO_0
        110 y101 9 PO_0
        111 y102 8 PO_0
        112 y103 8 PO_0
        113 y104 9 PO_0
        114 y105 9 PO_0
        115 y106 9 PO_0
        116 y107 8 PO_0
        117 y108 8 PO_0
        118 y109 9 PO_0
        119 y110 9 PO_0
        120 y111 9 PO_0
        121 y112 8 PO_0
        122 y113 9 PO_0
        123 y114 9 PO_0
        124 y115 9 PO_0
        125 y116 9 PO_0
        126 y117 9 PO_0
        127 y118 8 PO_0
        128 y119 8 PO_0
        129 y120 9 PO_0
        130 y121 9 PO_0
        131 y122 9 PO_0
        132 y123 8 PO_0
        133 y124 8 PO_0
        134 y125 9 PO_0
        135 y126 9 PO_0
        136 y127 9 PO_0
        137 y128 8 PO_1
        138 y129 8 PO_0
        139 y130 9 PO_0
        140 y131 9 PO_0
        141 y132 8 PO_0
        142 y133 8 PO_0
        143 y134 9 PO_0
        144 y135 9 PO_0
        145 y136 8 PO_0
        146 y137 8 PO_0
        147 y138 9 PO_0
        148 y139 9 PO_0
        149 y140 8 PO_0
        150 y141 8 PO_0
        151 y142 9 PO_0
        152 y143 9 PO_0
        153 y144 8 PO_0
        154 y145 8 PO_0
        155 y146 9 PO_0
        156 y147 9 PO_0
        157 y148 8 PO_0
        158 y149 8 PO_0
        159 y150 9 PO_0
        160 y151 9 PO_0
        161 y152 8 PO_0
        162 y153 8 PO_0
        163 y154 9 PO_0
        164 y155 9 PO_0
        165 y156 8 PO_0
        166 y157 8 PO_0
        167 y158 9 PO_0
        168 y159 9 PO_0
        169 y160 8 PO_0
        170 y161 9 PO_0
        171 y162 9 PO_0
        172 y163 9 PO_0
        173 y164 9 PO_0
        174 y165 9 PO_0
        175 y166 9 PO_0
        176 y167 9 PO_0
        177 y168 9 PO_0
        178 y169 9 PO_0
        179 y170 9 PO_0
        180 y171 9 PO_0
        181 y172 8 PO_0
        182 y173 9 PO_0
        183 y174 9 PO_0
        184 y175 9 PO_0
        185 y176 8 PO_0
        186 y177 9 PO_0
        187 y178 9 PO_0
        188 y179 9 PO_0
        189 y180 9 PO_0
        190 y181 9 PO_0
        191 y182 8 PO_0
        192 y183 8 PO_0
        193 y184 9 PO_0
        194 y185 9 PO_0
        195 y186 9 PO_0
        196 y187 8 PO_0
        197 y188 8 PO_0
        198 y189 9 PO_0
        199 y190 9 PO_0
        200 y191 9 PO_0
        201 y192 7 PO_0
        202 y193 8 PO_0
        203 y194 8 PO_0
        204 y195 8 PO_0
        205 y196 8 PO_0
        206 y197 8 PO_0
        207 y198 8 PO_0
        208 y199 8 PO_0
        209 y200 8 PO_0
        210 y201 8 PO_0
        211 y202 8 PO_0
        212 y203 8 PO_0
        213 y204 7 PO_0
        214 y205 8 PO_0
        215 y206 8 PO_0
        216 y207 8 PO_0
        217 y208 8 PO_0
        218 y209 8 PO_0
        219 y210 9 PO_0
        220 y211 9 PO_0
        221 y212 8 PO_0
        222 y213 8 PO_0
        223 y214 9 PO_0
        224 y215 9 PO_0
        225 y216 8 PO_0
        226 y217 8 PO_0
        227 y218 9 PO_0
        228 y219 9 PO_0
        229 y220 8 PO_0
        230 y221 8 PO_0
        231 y222 9 PO_0
        232 y223 9 PO_0
        233 y224 8 PO_0
        234 y225 9 PO_0
        235 y226 9 PO_0
        236 y227 9 PO_0
        237 y228 9 PO_0
        238 y229 9 PO_0
        239 y230 9 PO_0
        240 y231 9 PO_0
        241 y232 9 PO_0
        242 y233 9 PO_0
        243 y234 9 PO_0
        244 y235 9 PO_0
        245 y236 8 PO_0
        246 y237 9 PO_0
        247 y238 9 PO_0
        248 y239 9 PO_0
        249 y240 8 PO_0
        250 y241 9 PO_0
        251 y242 9 PO_0
        252 y243 9 PO_0
        253 y244 9 PO_0
        254 y245 9 PO_0
        255 y246 9 PO_0
        256 y247 9 PO_0
        257 y248 9 PO_0
        258 y249 9 PO_0
        259 y250 9 PO_0
        260 y251 9 PO_0
        261 y252 8 PO_0
        262 y253 9 PO_0
        263 y254 9 PO_0
        264 y255 9 PO_0
        265 n10 3 MAJ_1
        266 n100 8 AND_0
        267 n101 8 AND_0
        268 n102 2 AND_0
        269 n103 4 MAJ_1
        270 n104 5 AND_1
        271 n105 7 AND_1
        272 n106 8 AND_0
        273 n107 8 AND_0
        274 n108 8 AND_0
        275 n109 8 AND_0
        276 n11 4 AND_1
        277 n110 8 AND_0
        278 n111 8 AND_0
        279 n112 8 AND_0
        280 n113 8 AND_0
        281 n114 8 AND_0
        282 n115 8 AND_0
        283 n116 8 AND_0
        284 n117 7 AND_0
        285 n118 8 AND_0
        286 n119 8 AND_0
        287 n12 1 OR_0
        288 n120 8 AND_0
        289 n121 3 MAJ_0
        290 n122 4 AND_1
        291 n123 7 AND_1
        292 n124 7 AND_0
        293 n125 8 AND_0
        294 n126 8 AND_0
        295 n127 7 AND_0
        296 n128 7 AND_0
        297 n129 8 AND_0
        298 n13 3 MAJ_1
        299 n130 8 AND_0
        300 n131 7 AND_0
        301 n132 7 AND_0
        302 n133 8 AND_0
        303 n134 8 AND_0
        304 n135 7 AND_0
        305 n136 7 AND_0
        306 n137 8 AND_0
        307 n138 8 AND_0
        308 n139 3 MAJ_1
        309 n14 4 OR_0
        310 n140 4 AND_0
        311 n141 7 AND_1
        312 n142 7 AND_0
        313 n143 8 AND_0
        314 n144 8 AND_0
        315 n145 7 AND_0
        316 n146 7 AND_0
        317 n147 8 AND_0
        318 n148 8 AND_0
        319 n149 7 AND_0
        320 n15 6 AND_1
        321 n150 7 AND_0
        322 n151 8 AND_0
        323 n152 8 AND_0
        324 n153 7 AND_0
        325 n154 7 AND_0
        326 n155 8 AND_0
        327 n156 8 AND_0
        328 n157 4 MAJ_1
        329 n158 5 AND_0
        330 n159 7 AND_1
        331 n16 1 AND_1
        332 n160 8 AND_0
        333 n161 8 AND_0
        334 n162 8 AND_0
        335 n163 8 AND_0
        336 n164 8 AND_0
        337 n165 7 AND_0
        338 n166 7 AND_0
        339 n167 8 AND_0
        340 n168 8 AND_0
        341 n169 8 AND_0
        342 n17 3 MAJ_0
        343 n170 7 AND_0
        344 n171 7 AND_0
        345 n172 8 AND_0
        346 n173 8 AND_0
        347 n174 8 AND_0
        348 n175 4 MAJ_1
        349 n176 5 AND_0
        350 n177 7 AND_1
        351 n178 8 AND_0
        352 n179 8 AND_0
        353 n18 4 AND_1
        354 n180 8 AND_0
        355 n181 8 AND_0
        356 n182 8 AND_0
        357 n183 7 AND_0
        358 n184 7 AND_0
        359 n185 8 AND_0
        360 n186 8 AND_0
        361 n187 8 AND_0
        362 n188 7 AND_0
        363 n189 7 AND_0
        364 n19 7 AND_0
        365 n190 8 AND_0
        366 n191 8 AND_0
        367 n192 8 AND_0
        368 n193 3 MAJ_1
        369 n194 4 OR_0
        370 n195 7 OR_0
        371 n196 7 AND_1
        372 n197 8 AND_1
        373 n198 8 AND_1
        374 n199 7 AND_1
        375 n20 2 AND_1
        376 n200 7 AND_1
        377 n201 8 AND_1
        378 n202 8 AND_1
        379 n203 7 AND_1
        380 n204 7 AND_1
        381 n205 8 AND_1
        382 n206 8 AND_1
        383 n207 7 AND_1
        384 n208 7 AND_1
        385 n209 8 AND_1
        386 n21 4 MAJ_0
        387 n210 8 AND_1
        388 n211 3 MAJ_0
        389 n212 4 AND_1
        390 n213 7 AND_1
        391 n214 7 AND_0
        392 n215 8 AND_0
        393 n216 8 AND_0
        394 n217 7 AND_0
        395 n218 7 AND_0
        396 n219 8 AND_0
        397 n22 5 AND_1
        398 n220 8 AND_0
        399 n221 7 AND_0
        400 n222 7 AND_0
        401 n223 8 AND_0
        402 n224 8 AND_0
        403 n225 7 AND_0
        404 n226 7 AND_0
        405 n227 8 AND_0
        406 n228 8 AND_0
        407 n229 4 MAJ_0
        408 n23 7 AND_0
        409 n230 5 AND_1
        410 n231 7 AND_1
        411 n232 8 AND_0
        412 n233 8 AND_0
        413 n234 8 AND_0
        414 n235 8 AND_0
        415 n236 8 AND_0
        416 n237 8 AND_0
        417 n238 8 AND_0
        418 n239 8 AND_0
        419 n24 2 AND_0
        420 n240 8 AND_0
        421 n241 8 AND_0
        422 n242 8 AND_0
        423 n243 7 AND_0
        424 n244 8 AND_0
        425 n245 8 AND_0
        426 n246 8 AND_0
        427 n247 4 MAJ_0
        428 n248 5 AND_1
        429 n249 7 AND_1
        430 n25 4 MAJ_0
        431 n250 8 AND_0
        432 n251 8 AND_0
        433 n252 8 AND_0
        434 n253 8 AND_0
        435 n254 8 AND_0
        436 n255 7 AND_0
        437 n256 7 AND_0
        438 n257 8 AND_0
        439 n258 8 AND_0
        440 n259 8 AND_0
        441 n26 5 AND_1
        442 n260 7 AND_0
        443 n261 7 AND_0
        444 n262 8 AND_0
        445 n263 8 AND_0
        446 n264 8 AND_0
        447 n265 3 MAJ_1
        448 n266 4 AND_1
        449 n267 6 AND_1
        450 n268 7 AND_0
        451 n269 7 AND_0
        452 n27 7 AND_0
        453 n270 7 AND_0
        454 n271 7 AND_0
        455 n272 7 AND_0
        456 n273 7 AND_0
        457 n274 7 AND_0
        458 n275 7 AND_0
        459 n276 7 AND_0
        460 n277 7 AND_0
        461 n278 7 AND_0
        462 n279 6 AND_0
        463 n28 3 MAJ_1
        464 n280 7 AND_0
        465 n281 7 AND_0
        466 n282 7 AND_0
        467 n283 3 MAJ_1
        468 n284 4 AND_1
        469 n285 7 AND_1
        470 n286 7 AND_0
        471 n287 8 AND_0
        472 n288 8 AND_0
        473 n289 7 AND_0
        474 n29 4 AND_1
        475 n290 7 AND_0
        476 n291 8 AND_0
        477 n292 8 AND_0
        478 n293 7 AND_0
        479 n294 7 AND_0
        480 n295 8 AND_0
        481 n296 8 AND_0
        482 n297 7 AND_0
        483 n298 7 AND_0
        484 n299 8 AND_0
        485 n30 7 AND_0
        486 n300 8 AND_0
        487 n301 4 MAJ_1
        488 n302 5 AND_1
        489 n303 7 AND_1
        490 n304 8 AND_0
        491 n305 8 AND_0
        492 n306 8 AND_0
        493 n307 8 AND_0
        494 n308 8 AND_0
        495 n309 8 AND_0
        496 n31 3 MAJ_1
        497 n310 8 AND_0
        498 n311 8 AND_0
        499 n312 8 AND_0
        500 n313 8 AND_0
        501 n314 8 AND_0
        502 n315 7 AND_0
        503 n316 8 AND_0
        504 n317 8 AND_0
        505 n318 8 AND_0
        506 n319 4 MAJ_1
        507 n32 4 AND_1
        508 n320 5 AND_1
        509 n321 7 AND_1
        510 n322 8 AND_0
        511 n323 8 AND_0
        512 n324 8 AND_0
        513 n325 8 AND_0
        514 n326 8 AND_0
        515 n327 8 AND_0
        516 n328 8 AND_0
        517 n329 8 AND_0
        518 n33 7 AND_0
        519 n330 8 AND_0
        520 n331 8 AND_0
        521 n332 8 AND_0
        522 n333 7 AND_0
        523 n334 8 AND_0
        524 n335 8 AND_0
        525 n336 8 AND_0
        526 n34 4 MAJ_1
        527 n35 5 AND_1
        528 n36 7 AND_0
        529 n37 4 MAJ_1
        530 n38 5 AND_1
        531 n39 7 AND_0
        532 n40 3 MAJ_1
        533 n41 4 AND_1
        534 n42 7 AND_0
        535 n43 3 MAJ_1
        536 n44 4 AND_1
        537 n45 7 AND_0
        538 n46 4 MAJ_1
        539 n47 5 AND_1
        540 n48 7 AND_0
        541 n49 4 MAJ_1
        542 n50 5 AND_1
        543 n51 7 AND_0
        544 n52 3 MAJ_0
        545 n53 4 AND_1
        546 n54 6 AND_0
        547 n55 3 MAJ_1
        548 n56 4 AND_0
        549 n57 7 AND_0
        550 n58 4 MAJ_1
        551 n59 5 AND_0
        552 n60 7 AND_0
        553 n61 4 MAJ_1
        554 n62 5 AND_0
        555 n63 7 AND_0
        556 n64 1 AND_1
        557 n65 3 MAJ_1
        558 n66 4 AND_1
        559 n67 7 AND_1
        560 n68 7 AND_0
        561 n69 8 AND_0
        562 n70 8 AND_0
        563 n71 7 AND_0
        564 n72 7 AND_0
        565 n73 8 AND_0
        566 n74 8 AND_0
        567 n75 7 AND_0
        568 n76 7 AND_0
        569 n77 8 AND_0
        570 n78 8 AND_0
        571 n79 7 AND_0
        572 n80 7 AND_0
        573 n81 8 AND_0
        574 n82 8 AND_0
        575 n83 2 AND_1
        576 n84 4 MAJ_1
        577 n85 5 AND_1
        578 n86 7 AND_1
        579 n87 8 AND_0
        580 n88 8 AND_0
        581 n89 8 AND_0
        582 n9 1 OR_0
        583 n90 8 AND_0
        584 n91 8 AND_0
        585 n92 8 AND_0
        586 n93 8 AND_0
        587 n94 8 AND_0
        588 n95 8 AND_0
        589 n96 8 AND_0
        590 n97 8 AND_0
        591 n98 7 AND_0
        592 n99 8 AND_0
        593 v1 3 VIR
        594 v10 2 VIR
        595 v100 6 VIR
        596 v101 6 VIR
        597 v102 6 VIR
        598 v103 6 VIR
        599 v104 6 VIR
        600 v105 6 VIR
        601 v106 2 VIR
        602 v107 2 VIR
        603 v108 2 VIR
        604 v109 5 VIR
        605 v11 2 VIR
        606 v110 5 VIR
        607 v111 5 VIR
        608 v112 3 VIR
        609 v113 3 VIR
        610 v114 3 VIR
        611 v115 6 VIR
        612 v116 6 VIR
        613 v117 6 VIR
        614 v118 2 VIR
        615 v119 2 VIR
        616 v12 2 VIR
        617 v120 2 VIR
        618 v121 1 VIR
        619 v122 1 VIR
        620 v123 1 VIR
        621 v124 1 VIR
        622 v125 1 VIR
        623 v126 1 VIR
        624 v127 1 VIR
        625 v128 1 VIR
        626 v129 1 VIR
        627 v13 5 VIR
        628 v130 1 VIR
        629 v131 1 VIR
        630 v132 1 VIR
        631 v133 1 VIR
        632 v134 1 VIR
        633 v135 1 VIR
        634 v136 1 VIR
        635 v137 7 VIR
        636 v138 7 VIR
        637 v139 7 VIR
        638 v14 5 VIR
        639 v140 7 VIR
        640 v141 7 VIR
        641 v142 7 VIR
        642 v143 7 VIR
        643 v144 7 VIR
        644 v145 6 VIR
        645 v146 6 VIR
        646 v147 6 VIR
        647 v148 6 VIR
        648 v149 7 VIR
        649 v15 5 VIR
        650 v150 7 VIR
        651 v151 7 VIR
        652 v152 7 VIR
        653 v153 2 VIR
        654 v154 2 VIR
        655 v155 2 VIR
        656 v156 2 VIR
        657 v157 2 VIR
        658 v158 2 VIR
        659 v159 2 VIR
        660 v16 5 VIR
        661 v160 2 VIR
        662 v161 6 VIR
        663 v162 6 VIR
        664 v163 2 VIR
        665 v164 2 VIR
        666 v165 2 VIR
        667 v166 2 VIR
        668 v167 2 VIR
        669 v168 2 VIR
        670 v169 2 VIR
        671 v17 5 VIR
        672 v170 2 VIR
        673 v171 6 VIR
        674 v172 6 VIR
        675 v173 6 VIR
        676 v174 6 VIR
        677 v175 6 VIR
        678 v176 6 VIR
        679 v177 6 VIR
        680 v178 6 VIR
        681 v179 6 VIR
        682 v18 5 VIR
        683 v180 6 VIR
        684 v181 7 VIR
        685 v182 7 VIR
        686 v183 7 VIR
        687 v184 7 VIR
        688 v185 7 VIR
        689 v186 7 VIR
        690 v187 7 VIR
        691 v188 7 VIR
        692 v189 6 VIR
        693 v19 5 VIR
        694 v190 6 VIR
        695 v191 6 VIR
        696 v192 6 VIR
        697 v193 6 VIR
        698 v194 6 VIR
        699 v195 6 VIR
        700 v196 6 VIR
        701 v197 7 VIR
        702 v198 7 VIR
        703 v199 6 VIR
        704 v2 3 VIR
        705 v20 5 VIR
        706 v200 6 VIR
        707 v201 6 VIR
        708 v202 6 VIR
        709 v203 7 VIR
        710 v204 7 VIR
        711 v205 7 VIR
        712 v206 7 VIR
        713 v207 7 VIR
        714 v208 7 VIR
        715 v209 7 VIR
        716 v21 5 VIR
        717 v210 7 VIR
        718 v211 7 VIR
        719 v212 7 VIR
        720 v213 7 VIR
        721 v214 7 VIR
        722 v215 7 VIR
        723 v216 7 VIR
        724 v217 7 VIR
        725 v218 7 VIR
        726 v219 7 VIR
        727 v22 6 VIR
        728 v220 6 VIR
        729 v221 6 VIR
        730 v222 6 VIR
        731 v223 7 VIR
        732 v224 6 VIR
        733 v225 6 VIR
        734 v226 6 VIR
        735 v227 6 VIR
        736 v228 6 VIR
        737 v229 6 VIR
        738 v23 6 VIR
        739 v230 6 VIR
        740 v231 6 VIR
        741 v232 6 VIR
        742 v233 7 VIR
        743 v234 7 VIR
        744 v235 7 VIR
        745 v236 7 VIR
        746 v237 6 VIR
        747 v238 6 VIR
        748 v239 6 VIR
        749 v24 6 VIR
        750 v240 6 VIR
        751 v241 6 VIR
        752 v242 6 VIR
        753 v243 7 VIR
        754 v244 7 VIR
        755 v245 7 VIR
        756 v246 7 VIR
        757 v247 7 VIR
        758 v248 7 VIR
        759 v249 7 VIR
        760 v25 2 VIR
        761 v250 7 VIR
        762 v251 7 VIR
        763 v252 7 VIR
        764 v253 6 VIR
        765 v254 7 VIR
        766 v255 7 VIR
        767 v256 6 VIR
        768 v257 6 VIR
        769 v258 6 VIR
        770 v259 6 VIR
        771 v26 2 VIR
        772 v260 6 VIR
        773 v261 6 VIR
        774 v262 6 VIR
        775 v263 6 VIR
        776 v264 7 VIR
        777 v265 7 VIR
        778 v266 7 VIR
        779 v267 6 VIR
        780 v268 7 VIR
        781 v269 7 VIR
        782 v27 2 VIR
        783 v270 7 VIR
        784 v271 7 VIR
        785 v272 7 VIR
        786 v273 6 VIR
        787 v274 6 VIR
        788 v275 6 VIR
        789 v276 6 VIR
        790 v277 6 VIR
        791 v278 6 VIR
        792 v279 6 VIR
        793 v28 6 VIR
        794 v280 6 VIR
        795 v29 6 VIR
        796 v3 3 VIR
        797 v30 6 VIR
        798 v31 5 VIR
        799 v32 5 VIR
        800 v33 5 VIR
        801 v34 5 VIR
        802 v35 5 VIR
        803 v36 5 VIR
        804 v37 3 VIR
        805 v38 3 VIR
        806 v39 3 VIR
        807 v4 6 VIR
        808 v40 5 VIR
        809 v41 5 VIR
        810 v42 5 VIR
        811 v43 6 VIR
        812 v44 6 VIR
        813 v45 6 VIR
        814 v46 6 VIR
        815 v47 6 VIR
        816 v48 6 VIR
        817 v49 3 VIR
        818 v5 6 VIR
        819 v50 3 VIR
        820 v51 3 VIR
        821 v52 6 VIR
        822 v53 6 VIR
        823 v54 6 VIR
        824 v55 6 VIR
        825 v56 6 VIR
        826 v57 6 VIR
        827 v58 5 VIR
        828 v59 5 VIR
        829 v6 6 VIR
        830 v60 5 VIR
        831 v61 5 VIR
        832 v62 5 VIR
        833 v63 5 VIR
        834 v64 5 VIR
        835 v65 5 VIR
        836 v66 5 VIR
        837 v67 6 VIR
        838 v68 6 VIR
        839 v69 6 VIR
        840 v7 5 VIR
        841 v70 5 VIR
        842 v71 5 VIR
        843 v72 5 VIR
        844 v73 6 VIR
        845 v74 6 VIR
        846 v75 6 VIR
        847 v76 6 VIR
        848 v77 6 VIR
        849 v78 6 VIR
        850 v79 6 VIR
        851 v8 5 VIR
        852 v80 6 VIR
        853 v81 6 VIR
        854 v82 5 VIR
        855 v83 5 VIR
        856 v84 5 VIR
        857 v85 5 VIR
        858 v86 5 VIR
        859 v87 5 VIR
        860 v88 6 VIR
        861 v89 6 VIR
        862 v9 5 VIR
        863 v90 6 VIR
        864 v91 6 VIR
        865 v92 6 VIR
        866 v93 6 VIR
        867 v94 5 VIR
        868 v95 5 VIR
        869 v96 5 VIR
        870 v97 5 VIR
        871 v98 5 VIR
        872 v99 5 VIR
    ]
    edge:
    [
        1 287
        2 287
        1 331
        2 331
        5 556
        6 556
        5 582
        6 582
        1 618
        2 619
        3 620
        3 621
        3 622
        4 623
        4 624
        4 625
        5 626
        6 628
        7 629
        7 630
        7 631
        8 632
        8 633
        8 634
        626 268
        628 268
        618 375
        619 375
        618 419
        619 419
        626 575
        628 575
        287 594
        556 601
        556 602
        556 603
        287 605
        582 614
        582 615
        287 616
        582 617
        620 653
        620 654
        621 655
        622 656
        623 657
        623 658
        624 659
        625 661
        629 664
        629 665
        630 666
        631 667
        632 668
        632 669
        633 670
        634 672
        331 760
        331 771
        331 782
        629 265
        632 265
        614 265
        665 289
        669 289
        614 289
        620 298
        623 298
        594 298
        665 308
        669 308
        601 308
        653 342
        657 342
        760 342
        666 368
        670 368
        614 368
        666 388
        670 388
        601 388
        631 447
        634 447
        615 447
        654 463
        658 463
        594 463
        667 467
        672 467
        602 467
        654 496
        658 496
        760 496
        655 532
        659 532
        594 532
        655 535
        659 535
        760 535
        622 544
        625 544
        605 544
        656 547
        661 547
        771 547
        664 557
        668 557
        601 557
        268 593
        575 608
        575 609
        575 610
        268 704
        268 796
        375 804
        375 805
        375 806
        419 817
        419 819
        419 820
        664 269
        668 269
        593 269
        615 276
        265 276
        615 290
        289 290
        605 309
        298 309
        602 310
        308 310
        630 328
        633 328
        608 328
        630 348
        633 348
        593 348
        771 353
        342 353
        617 369
        368 369
        653 386
        657 386
        804 386
        603 389
        388 389
        666 407
        670 407
        608 407
        631 427
        634 427
        593 427
        653 430
        657 430
        817 430
        617 448
        447 448
        603 468
        467 468
        605 474
        463 474
        667 487
        672 487
        609 487
        667 506
        672 506
        704 506
        771 507
        496 507
        621 526
        624 526
        804 526
        621 529
        624 529
        817 529
        616 533
        532 533
        782 536
        535 536
        655 538
        659 538
        804 538
        622 541
        625 541
        817 541
        616 545
        544 545
        782 548
        547 548
        656 550
        661 550
        805 550
        656 553
        661 553
        819 553
        602 558
        557 558
        664 576
        668 576
        608 576
        704 270
        269 270
        609 329
        328 329
        704 349
        348 349
        805 397
        386 397
        610 409
        407 409
        796 428
        427 428
        819 441
        430 441
        610 488
        487 488
        796 508
        506 508
        805 527
        526 527
        819 530
        529 530
        806 539
        538 539
        820 542
        541 542
        806 551
        550 551
        820 554
        553 554
        609 577
        576 577
        558 604
        558 606
        558 607
        290 627
        290 638
        290 649
        309 660
        309 671
        309 682
        310 693
        310 705
        310 716
        353 798
        353 799
        353 800
        369 801
        369 802
        369 803
        389 808
        389 809
        389 810
        448 827
        448 828
        448 830
        468 831
        468 832
        468 833
        474 834
        474 835
        474 836
        276 840
        507 841
        507 842
        507 843
        276 851
        533 854
        533 855
        533 856
        536 857
        536 858
        536 859
        276 862
        545 867
        545 868
        545 869
        548 870
        548 871
        548 872
        840 320
        660 320
        682 449
        827 449
        869 462
        830 462
        862 546
        867 546
        551 595
        551 596
        551 597
        554 598
        554 599
        554 600
        577 611
        577 612
        577 613
        604 644
        604 645
        606 646
        607 647
        627 662
        627 663
        638 673
        649 674
        660 675
        660 676
        671 677
        682 678
        693 679
        693 680
        705 681
        716 683
        798 692
        798 694
        799 695
        800 696
        801 697
        801 698
        802 699
        803 700
        808 703
        808 706
        809 707
        810 708
        329 727
        827 728
        827 729
        828 730
        830 732
        831 733
        831 734
        832 735
        833 736
        834 737
        329 738
        834 739
        835 740
        836 741
        840 746
        840 747
        841 748
        329 749
        841 750
        842 751
        843 752
        851 764
        854 767
        854 768
        855 769
        856 770
        857 772
        857 773
        858 774
        859 775
        862 779
        867 786
        867 787
        868 788
        869 789
        870 790
        870 791
        871 792
        349 793
        872 794
        349 795
        349 797
        270 807
        397 811
        397 812
        397 813
        409 814
        409 815
        409 816
        270 818
        428 821
        428 822
        428 823
        441 824
        441 825
        441 826
        270 829
        488 837
        488 838
        488 839
        508 844
        508 845
        508 846
        527 847
        527 848
        527 849
        530 850
        530 852
        530 853
        539 860
        539 861
        539 863
        542 864
        542 865
        542 866
        675 271
        807 271
        786 284
        829 284
        676 291
        627 291
        694 292
        662 292
        739 295
        663 295
        750 296
        663 296
        768 300
        673 300
        773 301
        673 301
        787 304
        649 304
        791 305
        674 305
        676 311
        693 311
        694 312
        679 312
        739 315
        680 315
        750 316
        680 316
        768 319
        681 319
        773 321
        681 321
        787 324
        716 324
        791 325
        683 325
        671 330
        727 330
        848 337
        738 337
        852 338
        738 338
        865 343
        749 343
        868 344
        749 344
        671 350
        793 350
        848 357
        795 357
        852 358
        795 358
        865 362
        797 362
        868 363
        797 363
        746 364
        798 364
        677 370
        801 370
        695 371
        697 371
        740 374
        698 374
        751 376
        698 376
        769 379
        699 379
        774 380
        699 380
        788 383
        803 383
        792 384
        700 384
        677 390
        808 390
        695 391
        703 391
        740 394
        706 394
        751 395
        706 395
        769 399
        707 399
        774 400
        707 400
        788 403
        810 403
        792 404
        708 404
        746 408
        811 408
        677 410
        814 410
        788 423
        816 423
        682 429
        821 429
        849 436
        822 436
        853 437
        822 437
        866 442
        823 442
        869 443
        823 443
        800 450
        728 450
        813 451
        728 451
        746 452
        824 452
        826 453
        728 453
        836 454
        729 454
        843 455
        729 455
        849 456
        828 456
        853 457
        828 457
        856 458
        730 458
        859 459
        730 459
        863 460
        730 460
        866 461
        830 461
        872 464
        732 464
        597 465
        732 465
        600 466
        732 466
        678 469
        831 469
        696 470
        733 470
        741 473
        734 473
        752 475
        734 475
        770 478
        735 478
        775 479
        735 479
        789 482
        833 482
        794 483
        736 483
        747 485
        834 485
        678 489
        837 489
        789 502
        839 502
        678 509
        844 509
        747 518
        841 518
        789 522
        846 522
        851 528
        847 528
        851 531
        850 531
        764 534
        854 534
        764 537
        857 537
        764 540
        860 540
        862 543
        864 543
        779 549
        870 549
        779 552
        595 552
        779 555
        598 555
        675 559
        604 559
        692 560
        644 560
        737 563
        645 563
        748 564
        645 564
        767 567
        646 567
        772 568
        646 568
        786 571
        607 571
        790 572
        647 572
        675 578
        611 578
        786 591
        613 591
        595 635
        595 636
        596 637
        597 639
        598 640
        598 641
        599 642
        600 643
        611 648
        611 650
        612 651
        613 652
        727 684
        727 685
        738 686
        749 687
        793 688
        793 689
        795 690
        797 691
        807 701
        807 702
        811 709
        811 710
        812 711
        813 712
        814 713
        814 714
        815 715
        816 717
        818 718
        821 719
        821 720
        822 721
        823 722
        824 723
        824 724
        825 725
        826 726
        829 731
        837 742
        837 743
        838 744
        839 745
        844 753
        844 754
        845 755
        846 756
        847 757
        847 758
        848 759
        849 761
        850 762
        850 763
        852 765
        853 766
        860 776
        860 777
        861 778
        863 780
        864 781
        864 783
        865 784
        866 785
        635 266
        652 266
        640 267
        652 267
        692 272
        701 272
        709 273
        701 273
        723 274
        701 274
        737 275
        702 275
        748 277
        702 277
        757 278
        818 278
        762 279
        818 279
        767 280
        718 280
        772 281
        718 281
        776 282
        718 282
        781 283
        829 283
        790 285
        731 285
        635 286
        731 286
        640 288
        731 288
        710 293
        662 293
        724 294
        662 294
        758 297
        638 297
        763 299
        638 299
        777 302
        673 302
        783 303
        649 303
        636 306
        674 306
        641 307
        674 307
        710 313
        679 313
        724 314
        679 314
        758 317
        705 317
        763 318
        705 318
        777 322
        681 322
        783 323
        716 323
        636 326
        683 326
        641 327
        683 327
        799 332
        684 332
        812 333
        684 333
        825 334
        684 334
        835 335
        685 335
        842 336
        685 336
        855 339
        686 339
        858 340
        686 340
        861 341
        686 341
        871 345
        687 345
        596 346
        687 346
        599 347
        687 347
        799 351
        688 351
        812 352
        688 352
        825 354
        688 354
        835 355
        689 355
        842 356
        689 356
        855 359
        690 359
        858 360
        690 360
        861 361
        690 361
        871 365
        691 365
        596 366
        691 366
        599 367
        691 367
        711 372
        697 372
        725 373
        697 373
        759 377
        802 377
        765 378
        802 378
        778 381
        699 381
        784 382
        803 382
        637 385
        700 385
        642 387
        700 387
        711 392
        703 392
        725 393
        703 393
        759 396
        809 396
        765 398
        809 398
        778 401
        707 401
        784 402
        810 402
        637 405
        708 405
        642 406
        708 406
        695 411
        713 411
        711 412
        713 412
        725 413
        713 413
        740 414
        714 414
        751 415
        714 415
        759 416
        815 416
        765 417
        815 417
        769 418
        715 418
        774 420
        715 420
        778 421
        715 421
        784 422
        816 422
        792 424
        717 424
        637 425
        717 425
        642 426
        717 426
        800 431
        719 431
        813 432
        719 432
        826 433
        719 433
        836 434
        720 434
        843 435
        720 435
        856 438
        721 438
        859 439
        721 439
        863 440
        721 440
        872 444
        722 444
        597 445
        722 445
        600 446
        722 446
        712 471
        733 471
        726 472
        733 472
        761 476
        832 476
        766 477
        832 477
        780 480
        735 480
        785 481
        833 481
        639 484
        736 484
        643 486
        736 486
        696 490
        742 490
        712 491
        742 491
        726 492
        742 492
        741 493
        743 493
        752 494
        743 494
        761 495
        838 495
        766 497
        838 497
        770 498
        744 498
        775 499
        744 499
        780 500
        744 500
        785 501
        839 501
        794 503
        745 503
        639 504
        745 504
        643 505
        745 505
        696 510
        753 510
        712 511
        753 511
        726 512
        753 512
        741 513
        754 513
        752 514
        754 514
        761 515
        845 515
        766 516
        845 516
        770 517
        755 517
        775 519
        755 519
        780 520
        755 520
        785 521
        846 521
        794 523
        756 523
        639 524
        756 524
        643 525
        756 525
        709 561
        644 561
        723 562
        644 562
        757 565
        606 565
        762 566
        606 566
        776 569
        646 569
        781 570
        607 570
        635 573
        647 573
        640 574
        647 574
        692 579
        648 579
        709 580
        648 580
        723 581
        648 581
        737 583
        650 583
        748 584
        650 584
        757 585
        612 585
        762 586
        612 586
        767 587
        651 587
        772 588
        651 588
        776 589
        651 589
        781 590
        613 590
        790 592
        652 592
        320 9
        364 10
        408 11
        452 12
        485 13
        518 14
        528 15
        531 16
        534 17
        537 18
        540 19
        543 20
        546 21
        549 22
        552 23
        555 24
        559 25
        560 26
        561 27
        562 28
        563 29
        564 30
        565 31
        566 32
        567 33
        568 34
        569 35
        570 36
        571 37
        572 38
        573 39
        574 40
        578 41
        579 42
        580 43
        581 44
        583 45
        584 46
        585 47
        586 48
        587 49
        588 50
        589 51
        590 52
        591 53
        592 54
        266 55
        267 56
        271 57
        272 58
        273 59
        274 60
        275 61
        277 62
        278 63
        279 64
        280 65
        281 66
        282 67
        283 68
        284 69
        285 70
        286 71
        288 72
        291 73
        292 74
        293 75
        294 76
        295 77
        296 78
        297 79
        299 80
        300 81
        301 82
        302 83
        303 84
        304 85
        305 86
        306 87
        307 88
        311 89
        312 90
        313 91
        314 92
        315 93
        316 94
        317 95
        318 96
        319 97
        321 98
        322 99
        323 100
        324 101
        325 102
        326 103
        327 104
        330 105
        332 106
        333 107
        334 108
        335 109
        336 110
        337 111
        338 112
        339 113
        340 114
        341 115
        343 116
        344 117
        345 118
        346 119
        347 120
        350 121
        351 122
        352 123
        354 124
        355 125
        356 126
        357 127
        358 128
        359 129
        360 130
        361 131
        362 132
        363 133
        365 134
        366 135
        367 136
        370 137
        371 138
        372 139
        373 140
        374 141
        376 142
        377 143
        378 144
        379 145
        380 146
        381 147
        382 148
        383 149
        384 150
        385 151
        387 152
        390 153
        391 154
        392 155
        393 156
        394 157
        395 158
        396 159
        398 160
        399 161
        400 162
        401 163
        402 164
        403 165
        404 166
        405 167
        406 168
        410 169
        411 170
        412 171
        413 172
        414 173
        415 174
        416 175
        417 176
        418 177
        420 178
        421 179
        422 180
        423 181
        424 182
        425 183
        426 184
        429 185
        431 186
        432 187
        433 188
        434 189
        435 190
        436 191
        437 192
        438 193
        439 194
        440 195
        442 196
        443 197
        444 198
        445 199
        446 200
        449 201
        450 202
        451 203
        453 204
        454 205
        455 206
        456 207
        457 208
        458 209
        459 210
        460 211
        461 212
        462 213
        464 214
        465 215
        466 216
        469 217
        470 218
        471 219
        472 220
        473 221
        475 222
        476 223
        477 224
        478 225
        479 226
        480 227
        481 228
        482 229
        483 230
        484 231
        486 232
        489 233
        490 234
        491 235
        492 236
        493 237
        494 238
        495 239
        497 240
        498 241
        499 242
        500 243
        501 244
        502 245
        503 246
        504 247
        505 248
        509 249
        510 250
        511 251
        512 252
        513 253
        514 254
        515 255
        516 256
        517 257
        519 258
        520 259
        521 260
        522 261
        523 262
        524 263
        525 264
    ]
]
