circuit_name:decodnew_processed
[
    node:
    [
        1 x0 0 PI
        2 x1 0 PI
        3 x2 0 PI
        4 x3 0 PI
        5 x4 0 PI
        6 y0 5 PO_0
        7 y1 5 PO_0
        8 y2 5 PO_0
        9 y3 5 PO_0
        10 y4 5 PO_0
        11 y5 5 PO_0
        12 y6 6 PO_0
        13 y7 6 PO_0
        14 y8 6 PO_0
        15 y9 6 PO_0
        16 y10 6 PO_0
        17 y11 6 PO_0
        18 y12 6 PO_0
        19 y13 6 PO_0
        20 y14 5 PO_0
        21 y15 5 PO_0
        22 n10 4 AND_1
        23 n11 1 OR_0
        24 n12 2 MAJ_0
        25 n13 3 AND_1
        26 n14 4 AND_0
        27 n15 4 AND_1
        28 n16 2 MAJ_1
        29 n17 3 AND_1
        30 n18 4 AND_0
        31 n19 4 AND_1
        32 n20 2 AND_0
        33 n21 3 MAJ_1
        34 n22 4 AND_0
        35 n23 5 AND_0
        36 n24 5 AND_1
        37 n25 3 MAJ_1
        38 n26 4 AND_1
        39 n27 5 AND_0
        40 n28 5 AND_1
        41 n29 2 AND_1
        42 n30 3 MAJ_1
        43 n31 4 AND_0
        44 n32 5 AND_0
        45 n33 5 AND_1
        46 n34 3 MAJ_1
        47 n35 4 AND_1
        48 n36 5 AND_0
        49 n37 5 AND_1
        50 n38 2 MAJ_1
        51 n39 3 AND_0
        52 n40 4 AND_0
        53 n41 4 AND_1
        54 n6 1 AND_1
        55 n7 2 MAJ_1
        56 n8 3 AND_1
        57 n9 4 AND_0
        58 v1 2 VIR
        59 v10 1 VIR
        60 v11 1 VIR
        61 v12 1 VIR
        62 v13 1 VIR
        63 v14 1 VIR
        64 v15 1 VIR
        65 v16 2 VIR
        66 v17 2 VIR
        67 v18 2 VIR
        68 v19 2 VIR
        69 v2 3 VIR
        70 v3 3 VIR
        71 v4 2 VIR
        72 v5 1 VIR
        73 v6 1 VIR
        74 v7 1 VIR
        75 v8 1 VIR
        76 v9 1 VIR
    ]
    edge:
    [
        1 23
        2 23
        1 54
        2 54
        4 59
        4 60
        4 61
        5 62
        5 63
        5 64
        1 72
        2 73
        3 74
        3 75
        3 76
        74 24
        62 24
        23 24
        74 28
        62 28
        23 28
        72 32
        73 32
        72 41
        73 41
        76 50
        64 50
        54 50
        74 55
        62 55
        54 55
        23 58
        59 65
        59 66
        60 67
        61 68
        54 71
        58 25
        24 25
        58 29
        28 29
        75 33
        63 33
        32 33
        75 37
        63 37
        32 37
        75 42
        63 42
        41 42
        76 46
        64 46
        41 46
        71 51
        50 51
        71 56
        55 56
        32 69
        41 70
        65 22
        56 22
        65 26
        25 26
        65 27
        25 27
        66 30
        29 30
        66 31
        29 31
        69 34
        33 34
        69 38
        37 38
        70 43
        42 43
        70 47
        46 47
        68 52
        51 52
        68 53
        51 53
        59 57
        56 57
        60 35
        34 35
        60 36
        34 36
        67 39
        38 39
        67 40
        38 40
        67 44
        43 44
        61 45
        43 45
        61 48
        47 48
        68 49
        47 49
        57 6
        22 7
        26 8
        27 9
        30 10
        31 11
        35 12
        36 13
        39 14
        40 15
        44 16
        45 17
        48 18
        49 19
        52 20
        53 21
    ]
]
