circuit_name:duke2new_processed
[
    node:
    [
        1 x0 0 PI
        2 x1 0 PI
        3 x2 0 PI
        4 x3 0 PI
        5 x4 0 PI
        6 x5 0 PI
        7 x6 0 PI
        8 x7 0 PI
        9 x8 0 PI
        10 x9 0 PI
        11 x10 0 PI
        12 x11 0 PI
        13 x12 0 PI
        14 x13 0 PI
        15 x14 0 PI
        16 x15 0 PI
        17 x16 0 PI
        18 x17 0 PI
        19 x18 0 PI
        20 x19 0 PI
        21 x20 0 PI
        22 x21 0 PI
        23 y0 15 PO_0
        24 y1 8 PO_0
        25 y2 17 PO_0
        26 y3 13 PO_0
        27 y4 11 PO_0
        28 y5 16 PO_0
        29 y6 5 PO_0
        30 y7 7 PO_0
        31 y8 17 PO_0
        32 y9 18 PO_0
        33 y10 18 PO_0
        34 y11 13 PO_0
        35 y12 13 PO_0
        36 y13 17 PO_0
        37 y14 15 PO_0
        38 y15 7 PO_0
        39 y16 9 PO_0
        40 y17 14 PO_0
        41 y18 16 PO_0
        42 y19 15 PO_0
        43 y20 16 PO_0
        44 y21 15 PO_0
        45 y22 17 PO_0
        46 y23 15 PO_0
        47 y24 4 PO_0
        48 y25 15 PO_0
        49 y26 16 PO_0
        50 y27 14 PO_0
        51 y28 4 PO_1
        52 n100 4 AND_1
        53 n101 2 AND_1
        54 n102 5 MAJ_1
        55 n103 6 AND_0
        56 n104 6 OR_0
        57 n105 7 MAJ_0
        58 n106 8 AND_1
        59 n107 11 OR_0
        60 n108 12 OR_0
        61 n109 12 OR_0
        62 n110 13 MAJ_1
        63 n111 14 OR_0
        64 n112 3 AND_1
        65 n113 4 AND_1
        66 n114 3 OR_0
        67 n115 5 MAJ_1
        68 n116 6 AND_1
        69 n117 3 OR_0
        70 n118 5 AND_1
        71 n119 3 AND_1
        72 n120 4 AND_1
        73 n121 5 AND_0
        74 n122 4 AND_1
        75 n123 6 AND_0
        76 n124 7 AND_0
        77 n125 6 MAJ_1
        78 n126 7 AND_1
        79 n127 8 OR_0
        80 n128 9 MAJ_0
        81 n129 10 OR_0
        82 n130 3 AND_1
        83 n131 5 MAJ_0
        84 n132 6 AND_1
        85 n133 3 AND_0
        86 n134 7 MAJ_1
        87 n135 8 AND_0
        88 n136 4 AND_0
        89 n137 7 MAJ_1
        90 n138 8 AND_1
        91 n139 3 AND_1
        92 n140 6 MAJ_1
        93 n141 7 AND_0
        94 n142 3 AND_0
        95 n143 7 MAJ_1
        96 n144 8 AND_0
        97 n145 5 MAJ_1
        98 n146 6 AND_1
        99 n147 3 AND_0
        100 n148 5 MAJ_1
        101 n149 6 AND_1
        102 n150 7 MAJ_1
        103 n151 8 AND_1
        104 n152 9 OR_0
        105 n153 10 MAJ_0
        106 n154 11 OR_0
        107 n155 9 OR_0
        108 n156 12 MAJ_1
        109 n157 13 OR_0
        110 n158 3 AND_1
        111 n159 4 AND_1
        112 n160 3 OR_0
        113 n161 4 MAJ_1
        114 n162 5 AND_1
        115 n163 3 AND_1
        116 n164 4 MAJ_0
        117 n165 5 AND_1
        118 n166 5 AND_0
        119 n167 6 MAJ_1
        120 n168 7 AND_1
        121 n169 5 OR_0
        122 n170 8 OR_0
        123 n171 9 MAJ_1
        124 n172 3 OR_0
        125 n173 7 MAJ_1
        126 n174 8 AND_1
        127 n175 5 AND_1
        128 n176 3 AND_0
        129 n177 6 MAJ_1
        130 n178 7 AND_0
        131 n179 4 OR_0
        132 n180 5 OR_0
        133 n181 3 AND_1
        134 n182 6 MAJ_1
        135 n183 7 AND_1
        136 n184 5 MAJ_0
        137 n185 6 AND_1
        138 n186 7 MAJ_0
        139 n187 8 AND_1
        140 n188 4 MAJ_1
        141 n189 5 AND_1
        142 n190 6 MAJ_0
        143 n191 7 AND_1
        144 n192 3 AND_0
        145 n193 6 MAJ_1
        146 n194 7 AND_1
        147 n195 8 OR_0
        148 n196 9 OR_0
        149 n197 9 OR_0
        150 n198 10 MAJ_1
        151 n199 11 OR_0
        152 n200 12 OR_0
        153 n201 13 MAJ_0
        154 n202 14 OR_0
        155 n203 3 AND_1
        156 n204 4 AND_0
        157 n205 3 OR_0
        158 n206 5 AND_1
        159 n207 6 MAJ_1
        160 n208 7 AND_1
        161 n209 5 MAJ_1
        162 n210 6 AND_0
        163 n211 7 MAJ_0
        164 n212 8 AND_1
        165 n213 3 AND_0
        166 n214 5 MAJ_1
        167 n215 6 AND_1
        168 n216 3 AND_1
        169 n217 7 MAJ_1
        170 n218 8 AND_1
        171 n219 5 MAJ_1
        172 n220 6 AND_1
        173 n221 7 MAJ_0
        174 n222 8 AND_1
        175 n223 7 MAJ_1
        176 n224 8 AND_0
        177 n225 9 MAJ_1
        178 n226 10 AND_1
        179 n227 3 AND_1
        180 n228 5 OR_0
        181 n229 6 MAJ_0
        182 n23 3 OR_0
        183 n230 7 AND_1
        184 n231 9 OR_0
        185 n232 11 MAJ_1
        186 n233 12 OR_0
        187 n234 9 OR_0
        188 n235 13 MAJ_1
        189 n236 14 OR_0
        190 n237 14 OR_0
        191 n238 15 MAJ_1
        192 n239 16 OR_0
        193 n24 4 AND_1
        194 n240 4 AND_1
        195 n241 3 AND_1
        196 n242 5 MAJ_1
        197 n243 6 AND_0
        198 n244 3 OR_0
        199 n245 4 MAJ_0
        200 n246 5 AND_1
        201 n247 6 MAJ_1
        202 n248 7 AND_1
        203 n249 3 AND_1
        204 n25 4 OR_0
        205 n250 4 MAJ_1
        206 n251 5 AND_1
        207 n252 3 AND_1
        208 n253 6 MAJ_1
        209 n254 7 AND_1
        210 n255 5 MAJ_0
        211 n256 6 AND_1
        212 n257 3 AND_1
        213 n258 5 MAJ_1
        214 n259 6 AND_1
        215 n26 3 AND_1
        216 n260 8 OR_0
        217 n261 9 OR_0
        218 n262 9 OR_0
        219 n263 11 MAJ_1
        220 n264 12 OR_0
        221 n265 6 MAJ_1
        222 n266 7 AND_1
        223 n267 9 OR_0
        224 n268 10 OR_0
        225 n269 2 AND_0
        226 n27 4 AND_1
        227 n270 3 AND_1
        228 n271 2 OR_0
        229 n272 4 MAJ_1
        230 n273 5 AND_1
        231 n274 6 AND_1
        232 n275 8 MAJ_1
        233 n276 9 AND_0
        234 n277 12 OR_0
        235 n278 13 MAJ_1
        236 n279 14 OR_0
        237 n28 3 AND_1
        238 n280 3 AND_1
        239 n281 5 MAJ_1
        240 n282 6 AND_1
        241 n283 6 MAJ_0
        242 n284 7 AND_1
        243 n285 9 OR_0
        244 n286 10 OR_0
        245 n287 3 AND_0
        246 n288 4 AND_1
        247 n289 3 AND_1
        248 n29 5 MAJ_1
        249 n290 4 AND_1
        250 n291 7 AND_1
        251 n292 8 MAJ_1
        252 n293 9 AND_0
        253 n294 1 OR_0
        254 n295 3 OR_0
        255 n296 3 OR_0
        256 n297 4 MAJ_1
        257 n298 5 OR_0
        258 n299 6 MAJ_1
        259 n30 6 AND_0
        260 n300 7 AND_1
        261 n301 10 OR_0
        262 n302 11 OR_0
        263 n303 3 OR_0
        264 n304 2 OR_0
        265 n305 6 MAJ_1
        266 n306 7 OR_0
        267 n307 5 AND_0
        268 n308 8 MAJ_0
        269 n309 9 AND_1
        270 n31 3 AND_1
        271 n310 3 AND_1
        272 n311 6 MAJ_0
        273 n312 7 AND_1
        274 n313 4 AND_1
        275 n314 8 MAJ_1
        276 n315 9 AND_1
        277 n316 10 OR_0
        278 n317 11 OR_0
        279 n318 12 MAJ_1
        280 n319 13 OR_0
        281 n32 7 MAJ_1
        282 n320 15 OR_0
        283 n321 3 OR_0
        284 n322 4 AND_1
        285 n323 5 MAJ_1
        286 n324 6 AND_1
        287 n325 6 MAJ_1
        288 n326 7 AND_0
        289 n327 4 AND_1
        290 n328 5 AND_0
        291 n329 6 MAJ_1
        292 n33 8 AND_1
        293 n330 7 AND_0
        294 n331 8 MAJ_0
        295 n332 9 AND_1
        296 n333 10 OR_0
        297 n334 11 MAJ_0
        298 n335 12 OR_0
        299 n336 10 OR_0
        300 n337 13 MAJ_1
        301 n338 14 OR_0
        302 n339 8 OR_0
        303 n34 6 AND_0
        304 n340 15 MAJ_1
        305 n341 16 OR_0
        306 n342 7 MAJ_1
        307 n343 8 AND_1
        308 n344 9 MAJ_1
        309 n345 10 AND_0
        310 n346 11 OR_0
        311 n347 12 OR_0
        312 n348 10 OR_0
        313 n349 13 MAJ_1
        314 n35 9 MAJ_1
        315 n350 14 OR_0
        316 n351 3 OR_0
        317 n352 4 AND_1
        318 n353 9 OR_0
        319 n354 10 MAJ_1
        320 n355 3 OR_0
        321 n356 6 MAJ_0
        322 n357 7 AND_1
        323 n358 6 AND_1
        324 n359 8 OR_0
        325 n36 10 AND_1
        326 n360 9 MAJ_0
        327 n361 3 OR_0
        328 n362 5 MAJ_0
        329 n363 6 AND_1
        330 n364 7 AND_1
        331 n365 7 OR_0
        332 n366 8 MAJ_0
        333 n367 10 MAJ_1
        334 n368 11 OR_0
        335 n369 15 OR_0
        336 n37 3 OR_0
        337 n370 16 MAJ_1
        338 n371 17 OR_0
        339 n372 9 OR_0
        340 n373 10 OR_0
        341 n374 8 OR_0
        342 n375 11 MAJ_1
        343 n376 12 OR_0
        344 n377 13 MAJ_1
        345 n378 14 OR_0
        346 n379 3 AND_1
        347 n38 3 AND_1
        348 n380 4 AND_1
        349 n381 3 OR_0
        350 n382 5 MAJ_0
        351 n383 6 AND_1
        352 n384 7 OR_0
        353 n385 8 OR_0
        354 n386 9 OR_0
        355 n387 10 OR_0
        356 n388 3 AND_1
        357 n389 4 AND_0
        358 n39 4 AND_0
        359 n390 3 OR_0
        360 n391 6 MAJ_1
        361 n392 7 OR_0
        362 n393 5 AND_0
        363 n394 8 MAJ_0
        364 n395 9 AND_1
        365 n396 10 OR_0
        366 n397 11 OR_0
        367 n398 12 MAJ_1
        368 n399 13 OR_0
        369 n40 3 AND_1
        370 n400 4 MAJ_0
        371 n401 5 AND_1
        372 n402 6 MAJ_1
        373 n403 7 AND_1
        374 n404 3 OR_0
        375 n405 5 MAJ_1
        376 n406 6 AND_1
        377 n407 8 AND_0
        378 n408 3 AND_1
        379 n409 4 MAJ_1
        380 n41 6 MAJ_1
        381 n410 5 AND_1
        382 n411 6 MAJ_0
        383 n412 7 AND_1
        384 n413 8 AND_0
        385 n414 9 OR_0
        386 n415 10 MAJ_0
        387 n416 11 OR_0
        388 n417 3 AND_0
        389 n418 4 AND_1
        390 n419 8 MAJ_0
        391 n42 7 AND_0
        392 n420 9 AND_1
        393 n421 5 MAJ_1
        394 n422 6 AND_0
        395 n423 6 AND_1
        396 n424 8 MAJ_1
        397 n425 9 AND_0
        398 n426 8 AND_0
        399 n427 10 OR_0
        400 n428 11 MAJ_0
        401 n429 12 OR_0
        402 n43 3 OR_0
        403 n430 15 OR_0
        404 n431 16 MAJ_1
        405 n432 17 OR_0
        406 n433 9 OR_0
        407 n434 10 OR_0
        408 n435 8 OR_0
        409 n436 11 MAJ_1
        410 n437 12 OR_0
        411 n438 3 OR_0
        412 n439 6 MAJ_1
        413 n44 8 MAJ_1
        414 n440 7 AND_1
        415 n441 8 MAJ_1
        416 n442 9 AND_0
        417 n443 6 MAJ_1
        418 n444 7 AND_0
        419 n445 6 MAJ_0
        420 n446 7 AND_1
        421 n447 8 MAJ_1
        422 n448 9 AND_1
        423 n449 10 OR_0
        424 n45 9 AND_1
        425 n450 11 MAJ_1
        426 n451 12 OR_0
        427 n452 5 MAJ_1
        428 n453 6 AND_0
        429 n454 5 OR_0
        430 n455 7 MAJ_0
        431 n456 8 AND_1
        432 n457 7 AND_0
        433 n458 11 OR_0
        434 n459 12 MAJ_0
        435 n46 3 AND_0
        436 n460 3 AND_0
        437 n461 4 AND_1
        438 n462 3 OR_0
        439 n463 5 MAJ_1
        440 n464 6 AND_1
        441 n465 7 MAJ_1
        442 n466 8 AND_0
        443 n467 11 OR_0
        444 n468 12 MAJ_0
        445 n469 7 MAJ_1
        446 n47 6 MAJ_1
        447 n470 8 AND_1
        448 n471 5 MAJ_0
        449 n472 6 AND_1
        450 n473 6 MAJ_1
        451 n474 7 AND_0
        452 n475 8 OR_0
        453 n476 9 MAJ_0
        454 n477 10 OR_0
        455 n478 2 OR_0
        456 n479 5 MAJ_0
        457 n48 7 AND_0
        458 n480 6 AND_1
        459 n481 5 AND_1
        460 n482 7 MAJ_1
        461 n483 8 AND_0
        462 n484 10 OR_0
        463 n485 11 MAJ_1
        464 n486 12 OR_0
        465 n487 10 OR_0
        466 n488 13 MAJ_1
        467 n489 14 OR_0
        468 n49 8 MAJ_1
        469 n490 13 OR_0
        470 n491 15 MAJ_1
        471 n492 16 OR_0
        472 n493 10 OR_0
        473 n494 11 OR_0
        474 n495 12 OR_0
        475 n496 13 MAJ_0
        476 n497 14 OR_0
        477 n498 5 MAJ_0
        478 n499 6 AND_1
        479 n50 9 AND_1
        480 n500 7 AND_0
        481 n501 8 MAJ_1
        482 n502 9 AND_1
        483 n503 6 MAJ_0
        484 n504 7 AND_1
        485 n505 5 AND_1
        486 n506 8 MAJ_1
        487 n507 9 AND_1
        488 n508 10 OR_0
        489 n509 11 OR_0
        490 n51 3 OR_0
        491 n510 10 OR_0
        492 n511 12 MAJ_1
        493 n512 13 OR_0
        494 n513 11 OR_0
        495 n514 12 MAJ_1
        496 n515 13 OR_0
        497 n516 10 OR_0
        498 n517 14 MAJ_1
        499 n518 15 OR_0
        500 n519 10 OR_0
        501 n52 3 AND_1
        502 n520 11 MAJ_1
        503 n521 12 OR_0
        504 n522 10 OR_0
        505 n523 13 MAJ_1
        506 n524 14 OR_0
        507 n525 11 OR_0
        508 n526 12 OR_0
        509 n527 10 OR_0
        510 n528 11 OR_0
        511 n529 11 OR_0
        512 n53 4 MAJ_1
        513 n530 13 MAJ_1
        514 n531 14 OR_0
        515 n532 15 OR_0
        516 n533 8 MAJ_1
        517 n534 9 AND_1
        518 n535 10 OR_0
        519 n536 11 OR_0
        520 n537 9 OR_0
        521 n538 11 MAJ_1
        522 n539 12 OR_0
        523 n54 5 AND_1
        524 n540 10 OR_0
        525 n541 13 MAJ_1
        526 n542 14 OR_0
        527 n543 8 OR_0
        528 n544 9 OR_0
        529 n545 9 OR_0
        530 n546 10 MAJ_1
        531 n547 11 OR_0
        532 n548 9 OR_0
        533 n549 12 MAJ_1
        534 n55 3 AND_1
        535 n550 13 OR_0
        536 n551 11 OR_0
        537 n552 12 OR_0
        538 n553 5 MAJ_1
        539 n554 6 AND_1
        540 n555 3 AND_1
        541 n556 7 MAJ_1
        542 n557 8 AND_0
        543 n558 10 OR_0
        544 n559 11 MAJ_0
        545 n56 6 MAJ_1
        546 n560 12 OR_0
        547 n561 10 OR_0
        548 n562 13 MAJ_1
        549 n563 14 OR_0
        550 n564 14 OR_0
        551 n565 15 MAJ_1
        552 n566 16 OR_0
        553 n567 10 OR_0
        554 n568 11 OR_0
        555 n569 3 AND_0
        556 n57 7 AND_0
        557 n570 6 MAJ_1
        558 n571 7 AND_1
        559 n572 12 OR_0
        560 n573 13 MAJ_0
        561 n574 14 OR_0
        562 n575 3 AND_1
        563 n576 10 OR_0
        564 n577 11 MAJ_1
        565 n578 12 OR_0
        566 n579 13 MAJ_1
        567 n58 10 OR_0
        568 n580 14 OR_0
        569 n581 10 OR_0
        570 n582 11 OR_0
        571 n583 12 OR_0
        572 n584 13 MAJ_1
        573 n585 14 OR_0
        574 n586 11 OR_0
        575 n587 11 OR_0
        576 n588 12 MAJ_1
        577 n589 13 OR_0
        578 n59 11 OR_0
        579 n590 15 OR_0
        580 n591 11 OR_0
        581 n592 8 OR_0
        582 n593 9 OR_0
        583 n594 9 OR_0
        584 n595 10 MAJ_1
        585 n596 11 OR_0
        586 n597 9 OR_0
        587 n598 12 MAJ_1
        588 n599 13 OR_0
        589 n60 3 AND_1
        590 n600 3 OR_0
        591 n61 4 AND_1
        592 n62 3 AND_1
        593 n63 4 AND_1
        594 n64 6 AND_1
        595 n65 7 MAJ_1
        596 n66 8 AND_0
        597 n67 2 AND_1
        598 n68 3 AND_1
        599 n69 3 OR_0
        600 n70 4 OR_0
        601 n71 3 AND_1
        602 n72 6 MAJ_0
        603 n73 7 AND_1
        604 n74 2 AND_1
        605 n75 8 MAJ_1
        606 n76 9 AND_0
        607 n77 3 AND_0
        608 n78 4 AND_1
        609 n79 3 OR_0
        610 n80 6 MAJ_1
        611 n81 7 OR_0
        612 n82 8 MAJ_1
        613 n83 9 AND_1
        614 n84 11 OR_0
        615 n85 12 OR_0
        616 n86 5 AND_1
        617 n87 6 MAJ_1
        618 n88 7 AND_1
        619 n89 3 AND_1
        620 n90 8 MAJ_1
        621 n91 9 AND_0
        622 n92 5 OR_0
        623 n93 6 MAJ_1
        624 n94 7 AND_1
        625 n95 8 MAJ_1
        626 n96 9 AND_0
        627 n97 5 MAJ_0
        628 n98 6 AND_1
        629 n99 3 AND_1
        630 v1 3 VIR
        631 v10 4 VIR
        632 v100 1 VIR
        633 v101 1 VIR
        634 v102 1 VIR
        635 v103 1 VIR
        636 v104 1 VIR
        637 v105 1 VIR
        638 v106 1 VIR
        639 v107 1 VIR
        640 v108 1 VIR
        641 v109 1 VIR
        642 v11 4 VIR
        643 v110 1 VIR
        644 v111 1 VIR
        645 v112 1 VIR
        646 v113 1 VIR
        647 v114 1 VIR
        648 v115 1 VIR
        649 v116 1 VIR
        650 v117 1 VIR
        651 v118 1 VIR
        652 v119 1 VIR
        653 v12 6 VIR
        654 v120 1 VIR
        655 v121 1 VIR
        656 v122 1 VIR
        657 v123 1 VIR
        658 v124 1 VIR
        659 v125 1 VIR
        660 v126 1 VIR
        661 v127 1 VIR
        662 v128 1 VIR
        663 v129 1 VIR
        664 v13 6 VIR
        665 v130 1 VIR
        666 v131 1 VIR
        667 v132 1 VIR
        668 v133 1 VIR
        669 v134 1 VIR
        670 v135 1 VIR
        671 v136 1 VIR
        672 v137 1 VIR
        673 v138 1 VIR
        674 v139 1 VIR
        675 v14 6 VIR
        676 v140 1 VIR
        677 v141 1 VIR
        678 v142 1 VIR
        679 v143 2 VIR
        680 v144 2 VIR
        681 v145 2 VIR
        682 v146 2 VIR
        683 v147 2 VIR
        684 v148 2 VIR
        685 v149 2 VIR
        686 v15 4 VIR
        687 v150 2 VIR
        688 v151 2 VIR
        689 v152 2 VIR
        690 v153 2 VIR
        691 v154 2 VIR
        692 v155 2 VIR
        693 v156 2 VIR
        694 v157 2 VIR
        695 v158 2 VIR
        696 v159 2 VIR
        697 v16 4 VIR
        698 v160 2 VIR
        699 v161 2 VIR
        700 v162 2 VIR
        701 v163 2 VIR
        702 v164 2 VIR
        703 v165 2 VIR
        704 v166 2 VIR
        705 v167 2 VIR
        706 v168 2 VIR
        707 v169 2 VIR
        708 v17 5 VIR
        709 v170 2 VIR
        710 v171 2 VIR
        711 v172 2 VIR
        712 v173 2 VIR
        713 v174 2 VIR
        714 v175 2 VIR
        715 v176 2 VIR
        716 v177 2 VIR
        717 v178 2 VIR
        718 v179 2 VIR
        719 v18 5 VIR
        720 v180 2 VIR
        721 v181 2 VIR
        722 v182 2 VIR
        723 v183 2 VIR
        724 v184 2 VIR
        725 v185 2 VIR
        726 v186 2 VIR
        727 v187 2 VIR
        728 v188 2 VIR
        729 v189 2 VIR
        730 v19 5 VIR
        731 v190 2 VIR
        732 v191 2 VIR
        733 v192 2 VIR
        734 v193 2 VIR
        735 v194 2 VIR
        736 v195 2 VIR
        737 v196 2 VIR
        738 v197 2 VIR
        739 v198 2 VIR
        740 v199 2 VIR
        741 v2 3 VIR
        742 v20 8 VIR
        743 v200 2 VIR
        744 v201 2 VIR
        745 v202 2 VIR
        746 v203 2 VIR
        747 v204 2 VIR
        748 v205 2 VIR
        749 v206 2 VIR
        750 v207 2 VIR
        751 v208 5 VIR
        752 v209 5 VIR
        753 v21 9 VIR
        754 v210 5 VIR
        755 v211 5 VIR
        756 v212 5 VIR
        757 v213 5 VIR
        758 v214 5 VIR
        759 v215 5 VIR
        760 v216 5 VIR
        761 v217 5 VIR
        762 v218 4 VIR
        763 v219 5 VIR
        764 v22 4 VIR
        765 v220 5 VIR
        766 v221 5 VIR
        767 v222 2 VIR
        768 v223 2 VIR
        769 v224 2 VIR
        770 v225 2 VIR
        771 v226 2 VIR
        772 v227 2 VIR
        773 v228 2 VIR
        774 v229 2 VIR
        775 v23 4 VIR
        776 v230 2 VIR
        777 v231 2 VIR
        778 v232 2 VIR
        779 v233 3 VIR
        780 v234 3 VIR
        781 v235 3 VIR
        782 v236 3 VIR
        783 v237 3 VIR
        784 v24 4 VIR
        785 v25 9 VIR
        786 v26 5 VIR
        787 v27 4 VIR
        788 v28 4 VIR
        789 v29 4 VIR
        790 v3 7 VIR
        791 v30 9 VIR
        792 v31 8 VIR
        793 v32 8 VIR
        794 v33 4 VIR
        795 v34 4 VIR
        796 v35 4 VIR
        797 v36 4 VIR
        798 v37 5 VIR
        799 v38 4 VIR
        800 v39 4 VIR
        801 v4 9 VIR
        802 v40 8 VIR
        803 v41 4 VIR
        804 v42 8 VIR
        805 v43 7 VIR
        806 v44 10 VIR
        807 v45 8 VIR
        808 v46 4 VIR
        809 v47 3 VIR
        810 v48 10 VIR
        811 v49 7 VIR
        812 v5 4 VIR
        813 v50 7 VIR
        814 v51 8 VIR
        815 v52 8 VIR
        816 v53 8 VIR
        817 v54 10 VIR
        818 v55 4 VIR
        819 v56 4 VIR
        820 v57 4 VIR
        821 v58 11 VIR
        822 v59 11 VIR
        823 v6 4 VIR
        824 v60 4 VIR
        825 v61 4 VIR
        826 v62 4 VIR
        827 v63 5 VIR
        828 v64 5 VIR
        829 v65 11 VIR
        830 v66 4 VIR
        831 v67 9 VIR
        832 v68 9 VIR
        833 v69 4 VIR
        834 v7 4 VIR
        835 v70 10 VIR
        836 v71 4 VIR
        837 v72 4 VIR
        838 v73 4 VIR
        839 v74 10 VIR
        840 v75 10 VIR
        841 v76 4 VIR
        842 v77 4 VIR
        843 v78 9 VIR
        844 v79 9 VIR
        845 v8 7 VIR
        846 v80 4 VIR
        847 v81 4 VIR
        848 v82 5 VIR
        849 v83 5 VIR
        850 v84 5 VIR
        851 v85 3 VIR
        852 v86 3 VIR
        853 v87 3 VIR
        854 v88 10 VIR
        855 v89 10 VIR
        856 v9 7 VIR
        857 v90 4 VIR
        858 v91 4 VIR
        859 v92 4 VIR
        860 v93 10 VIR
        861 v94 7 VIR
        862 v95 1 VIR
        863 v96 1 VIR
        864 v97 1 VIR
        865 v98 1 VIR
        866 v99 1 VIR
    ]
    edge:
    [
        3 253
        10 253
        11 632
        12 633
        12 634
        12 635
        14 636
        14 637
        14 638
        15 639
        15 640
        15 641
        16 643
        16 644
        16 645
        17 646
        17 647
        17 648
        19 649
        19 650
        19 651
        20 652
        3 654
        21 655
        21 656
        21 657
        22 658
        22 659
        22 660
        4 661
        4 662
        4 663
        5 665
        5 666
        5 667
        6 668
        6 669
        6 670
        7 671
        7 672
        7 673
        8 674
        8 676
        8 677
        10 678
        2 862
        2 863
        2 864
        11 865
        11 866
        674 53
        10 53
        654 225
        666 225
        676 228
        678 228
        635 264
        648 264
        654 455
        676 455
        671 597
        639 597
        644 604
        649 604
        632 679
        633 680
        633 681
        634 682
        635 683
        636 684
        637 685
        638 687
        639 688
        639 689
        640 690
        640 691
        641 692
        643 693
        643 694
        643 695
        644 696
        644 698
        645 699
        645 700
        646 701
        646 702
        646 703
        647 704
        647 705
        648 706
        648 707
        649 709
        650 710
        651 711
        655 712
        655 713
        655 714
        656 715
        656 716
        656 717
        657 718
        657 720
        657 721
        661 722
        661 723
        662 724
        662 725
        663 726
        663 727
        665 728
        665 729
        666 731
        666 732
        667 733
        668 734
        668 735
        668 736
        669 737
        669 738
        669 739
        670 740
        670 743
        670 744
        671 745
        672 746
        673 747
        674 748
        676 749
        677 750
        862 767
        862 768
        862 769
        863 770
        863 771
        863 772
        864 773
        864 774
        864 776
        865 777
        866 778
        704 64
        715 64
        773 66
        724 66
        701 69
        712 69
        728 71
        734 71
        767 82
        693 82
        723 85
        732 85
        736 91
        709 91
        736 94
        650 94
        767 99
        693 99
        744 110
        673 110
        774 112
        687 112
        633 115
        694 115
        724 124
        745 124
        696 128
        709 128
        698 133
        659 133
        696 144
        658 144
        739 155
        13 155
        769 157
        714 157
        732 165
        680 165
        725 168
        738 168
        20 179
        717 179
        701 182
        649 182
        700 195
        707 195
        767 198
        693 198
        748 203
        680 203
        777 207
        710 207
        776 212
        744 212
        722 215
        665 215
        770 227
        225 227
        654 237
        680 237
        773 238
        663 238
        740 245
        866 245
        667 247
        681 247
        768 254
        253 254
        674 255
        701 255
        739 263
        745 263
        738 270
        865 270
        635 271
        706 271
        677 283
        711 283
        744 316
        13 316
        689 320
        699 320
        637 327
        698 327
        661 336
        734 336
        704 346
        659 346
        702 347
        712 347
        772 349
        737 349
        705 356
        650 356
        749 359
        634 359
        770 369
        667 369
        706 374
        20 374
        707 378
        652 378
        683 388
        687 388
        690 402
        710 402
        774 411
        733 411
        768 435
        731 435
        733 436
        672 436
        774 438
        749 438
        695 490
        647 490
        771 501
        684 501
        722 534
        735 534
        726 540
        778 540
        776 555
        652 555
        1 562
        750 562
        735 589
        865 589
        1 590
        750 590
        728 592
        636 592
        735 598
        597 598
        722 599
        731 599
        685 601
        705 601
        671 607
        688 607
        638 609
        705 609
        694 619
        702 619
        3 629
        728 629
        53 630
        53 741
        712 779
        713 780
        715 781
        718 782
        734 783
        228 809
        604 851
        604 852
        604 853
        769 52
        629 52
        645 65
        64 65
        723 72
        71 72
        768 74
        347 74
        729 88
        783 88
        727 111
        110 111
        700 113
        707 113
        112 113
        703 116
        713 116
        115 116
        729 131
        783 131
        658 140
        69 140
        82 140
        726 156
        155 156
        694 193
        182 193
        771 194
        534 194
        702 199
        779 199
        198 199
        748 204
        780 204
        490 205
        157 205
        203 205
        769 226
        215 226
        681 229
        227 229
        228 229
        727 246
        245 246
        772 249
        247 249
        713 256
        254 256
        255 256
        679 274
        852 274
        1 284
        283 284
        731 289
        780 289
        727 317
        316 317
        698 348
        346 348
        699 357
        356 357
        695 358
        347 358
        682 370
        227 370
        228 370
        720 379
        852 379
        378 379
        677 389
        388 389
        726 437
        436 437
        781 512
        490 512
        501 512
        725 591
        589 591
        772 593
        592 593
        771 600
        599 600
        738 608
        607 608
        69 631
        69 642
        71 686
        71 697
        851 762
        82 764
        82 775
        85 784
        99 787
        99 788
        99 789
        144 794
        168 795
        168 796
        168 797
        195 799
        198 800
        203 803
        227 808
        66 812
        263 818
        263 819
        270 820
        66 823
        336 824
        336 825
        336 826
        369 830
        411 833
        66 834
        435 836
        435 837
        435 838
        490 841
        534 842
        598 846
        599 847
        619 857
        619 858
        619 859
        684 54
        52 54
        53 54
        743 67
        65 67
        812 67
        696 70
        631 70
        725 73
        686 73
        704 83
        714 83
        764 83
        699 97
        706 97
        812 97
        703 100
        779 100
        787 100
        112 114
        113 114
        115 117
        116 117
        723 118
        88 118
        746 121
        834 121
        662 127
        88 127
        724 132
        131 132
        658 136
        631 136
        764 136
        764 141
        140 141
        733 158
        841 158
        715 161
        193 161
        592 161
        781 166
        193 166
        165 166
        637 171
        358 171
        836 171
        773 180
        841 180
        720 196
        194 196
        195 196
        198 200
        199 200
        157 206
        205 206
        743 210
        823 210
        195 210
        721 213
        799 213
        212 213
        809 230
        229 230
        740 239
        65 239
        238 239
        636 248
        226 248
        237 248
        255 257
        256 257
        632 267
        762 267
        642 285
        156 285
        800 285
        770 290
        289 290
        347 328
        194 328
        327 328
        716 350
        348 350
        349 350
        778 362
        357 362
        809 371
        370 371
        782 375
        762 375
        374 375
        378 381
        379 381
        682 393
        630 393
        808 393
        687 427
        226 427
        803 427
        692 429
        819 429
        683 439
        437 439
        438 439
        660 448
        642 448
        788 448
        678 456
        226 456
        455 456
        651 459
        608 459
        740 477
        65 477
        812 477
        679 485
        357 485
        501 523
        512 523
        716 538
        741 538
        249 538
        684 616
        204 616
        638 622
        204 622
        709 627
        714 627
        857 627
        72 708
        74 719
        74 730
        795 751
        824 752
        824 754
        824 755
        825 756
        825 757
        825 758
        826 759
        826 760
        836 761
        857 763
        858 765
        859 766
        88 786
        193 798
        358 827
        358 828
        600 848
        600 849
        600 850
        630 55
        54 55
        688 56
        752 56
        834 68
        67 68
        73 75
        730 75
        641 77
        828 77
        686 77
        775 84
        83 84
        828 92
        369 92
        91 92
        823 98
        97 98
        787 101
        100 101
        631 119
        787 119
        118 119
        74 129
        127 129
        128 129
        719 134
        132 134
        133 134
        775 137
        136 137
        737 142
        599 142
        141 142
        719 145
        132 145
        144 145
        156 159
        157 159
        158 159
        592 162
        161 162
        165 167
        166 167
        837 172
        171 172
        156 181
        179 181
        180 181
        799 197
        196 197
        18 201
        756 201
        200 201
        756 208
        206 208
        207 208
        834 211
        210 211
        212 214
        213 214
        642 221
        708 221
        789 221
        777 231
        754 231
        238 240
        239 240
        18 241
        752 241
        200 241
        851 258
        72 258
        257 258
        237 259
        248 259
        718 265
        849 265
        264 265
        718 272
        850 272
        271 272
        800 286
        285 286
        73 287
        719 287
        794 287
        659 291
        763 291
        290 291
        678 303
        798 303
        534 321
        730 321
        320 321
        660 323
        828 323
        327 329
        328 329
        349 351
        350 351
        716 360
        848 360
        359 360
        746 372
        759 372
        371 372
        374 376
        375 376
        685 380
        827 380
        369 380
        672 382
        757 382
        371 382
        630 394
        393 394
        689 395
        754 395
        720 412
        765 412
        411 412
        859 417
        111 417
        290 417
        721 419
        765 419
        411 419
        803 428
        427 428
        438 440
        439 440
        685 446
        827 446
        761 446
        788 449
        448 449
        737 450
        761 450
        117 450
        455 458
        456 458
        823 478
        477 478
        782 483
        850 483
        203 483
        741 539
        538 539
        691 545
        523 545
        842 545
        721 557
        766 557
        555 557
        710 594
        827 594
        717 602
        848 602
        601 602
        717 610
        849 610
        609 610
        598 617
        848 617
        616 617
        849 623
        608 623
        622 623
        857 628
        627 628
        70 653
        70 664
        70 675
        628 57
        55 57
        56 57
        700 76
        75 76
        686 78
        77 78
        743 86
        84 86
        784 86
        683 89
        664 89
        786 89
        91 93
        92 93
        830 95
        653 95
        94 95
        736 102
        85 102
        101 102
        788 120
        119 120
        777 125
        84 125
        124 125
        128 130
        129 130
        133 135
        134 135
        739 138
        847 138
        137 138
        847 143
        142 143
        144 146
        145 146
        158 160
        159 160
        688 163
        754 163
        162 163
        866 169
        167 169
        795 169
        690 173
        755 173
        172 173
        682 175
        837 175
        653 175
        180 183
        181 183
        758 202
        201 202
        207 209
        208 209
        789 222
        221 222
        752 242
        241 242
        651 250
        664 250
        851 260
        258 260
        264 266
        265 266
        271 273
        272 273
        690 281
        259 281
        270 281
        794 288
        287 288
        763 293
        291 293
        634 306
        836 306
        653 306
        320 322
        321 322
        660 330
        675 330
        118 331
        329 331
        329 352
        351 352
        359 361
        360 361
        760 373
        372 373
        759 383
        382 383
        830 391
        380 391
        833 414
        412 414
        766 418
        417 418
        833 420
        419 420
        381 430
        428 430
        429 430
        376 432
        428 432
        692 441
        820 441
        440 441
        692 445
        697 445
        101 445
        838 451
        450 451
        838 457
        446 457
        664 460
        458 460
        459 460
        640 480
        628 480
        803 484
        483 484
        641 541
        539 541
        540 541
        842 556
        545 556
        555 558
        557 558
        591 595
        593 595
        594 595
        601 603
        602 603
        609 611
        610 611
        616 618
        617 618
        622 624
        623 624
        56 790
        211 805
        240 811
        240 813
        68 845
        68 856
        628 861
        56 58
        57 58
        76 79
        78 79
        784 87
        86 87
        786 90
        89 90
        94 96
        95 96
        85 103
        102 103
        117 122
        120 122
        124 126
        125 126
        847 139
        138 139
        143 147
        146 147
        755 164
        163 164
        751 170
        169 170
        758 174
        173 174
        838 176
        175 176
        805 216
        214 216
        861 232
        230 232
        231 232
        246 251
        249 251
        250 251
        818 268
        266 268
        267 268
        818 275
        273 275
        274 275
        270 292
        281 292
        9 294
        756 294
        293 294
        143 302
        811 302
        837 307
        306 307
        73 324
        322 324
        329 332
        330 332
        331 332
        130 341
        135 341
        202 353
        352 353
        818 363
        361 363
        362 363
        373 377
        376 377
        376 384
        383 384
        790 390
        808 390
        389 390
        861 396
        394 396
        395 396
        381 398
        383 398
        845 408
        805 408
        757 413
        391 413
        402 413
        673 415
        796 415
        414 415
        747 421
        760 421
        420 421
        429 431
        430 431
        820 442
        441 442
        697 447
        445 447
        260 452
        451 452
        459 461
        460 461
        691 468
        757 468
        457 468
        263 481
        458 481
        480 481
        819 486
        484 486
        485 486
        747 516
        797 516
        414 516
        120 527
        130 527
        540 542
        541 542
        211 581
        811 581
        594 596
        595 596
        598 605
        603 605
        852 605
        853 612
        608 612
        611 612
        711 620
        618 620
        763 620
        711 625
        858 625
        624 625
        76 742
        120 792
        135 793
        202 802
        209 804
        222 807
        242 814
        242 815
        242 816
        675 80
        708 80
        79 80
        96 104
        103 104
        87 107
        90 107
        792 123
        121 123
        122 123
        139 148
        147 148
        126 149
        130 149
        632 177
        751 177
        176 177
        596 184
        174 184
        160 187
        164 187
        845 217
        216 217
        197 218
        802 218
        146 223
        807 223
        231 233
        232 233
        240 243
        814 243
        250 252
        251 252
        267 269
        268 269
        274 276
        275 276
        826 295
        294 295
        778 308
        795 308
        307 308
        204 314
        292 314
        303 314
        815 318
        317 318
        322 326
        323 326
        324 326
        103 339
        814 339
        170 354
        174 354
        362 364
        363 364
        373 385
        384 385
        790 392
        390 392
        395 397
        396 397
        202 406
        814 406
        797 416
        415 416
        760 422
        421 422
        402 424
        413 424
        72 453
        449 453
        452 453
        759 479
        468 479
        480 482
        481 482
        485 487
        486 487
        797 517
        516 517
        792 520
        805 520
        96 528
        527 528
        139 529
        164 529
        68 532
        87 532
        845 582
        581 582
        139 583
        197 583
        143 586
        802 586
        853 606
        605 606
        853 613
        612 613
        858 621
        620 621
        859 626
        625 626
        79 753
        87 785
        103 791
        58 801
        377 831
        398 832
        596 843
        596 844
        753 81
        80 81
        846 105
        98 105
        104 105
        135 150
        148 150
        149 150
        796 178
        177 178
        793 224
        223 224
        424 244
        243 244
        252 261
        260 261
        269 277
        276 277
        288 296
        295 296
        843 299
        613 299
        796 309
        308 309
        424 312
        479 312
        800 319
        815 319
        318 319
        303 325
        314 325
        218 333
        326 333
        332 333
        93 340
        339 340
        164 355
        354 355
        621 365
        364 365
        381 386
        384 386
        385 386
        397 399
        398 399
        197 407
        406 407
        742 423
        416 423
        452 454
        453 454
        58 462
        233 462
        791 465
        792 465
        791 472
        222 472
        146 488
        487 488
        831 491
        832 491
        844 497
        804 497
        613 500
        626 500
        844 504
        813 504
        364 509
        487 509
        785 518
        222 518
        422 524
        517 524
        478 530
        528 530
        529 530
        397 543
        482 543
        606 547
        209 547
        785 553
        793 553
        626 563
        377 563
        479 567
        556 567
        233 569
        482 569
        815 584
        582 584
        583 584
        218 806
        233 810
        252 817
        424 835
        482 839
        487 840
        606 854
        613 855
        626 860
        860 59
        58 59
        104 106
        105 106
        149 151
        150 151
        178 185
        183 185
        184 185
        804 219
        217 219
        806 219
        843 262
        261 262
        854 278
        244 278
        118 297
        141 297
        296 297
        209 310
        309 310
        218 334
        333 334
        322 342
        340 342
        341 342
        178 366
        353 366
        831 387
        386 387
        798 400
        392 400
        399 400
        813 409
        407 409
        408 409
        418 425
        422 425
        423 425
        325 433
        846 433
        386 443
        442 443
        454 463
        461 463
        462 463
        76 473
        472 473
        860 489
        488 489
        835 494
        160 494
        276 502
        840 502
        500 502
        817 507
        309 507
        810 510
        509 510
        804 511
        277 511
        856 519
        518 519
        811 521
        407 521
        520 521
        529 531
        530 531
        174 536
        178 536
        798 544
        542 544
        543 544
        742 554
        553 554
        398 564
        839 564
        563 564
        801 570
        569 570
        854 574
        261 574
        244 575
        269 575
        835 578
        567 578
        742 580
        518 580
        583 585
        584 585
        606 614
        855 614
        325 821
        325 822
        365 829
        621 60
        59 60
        822 61
        578 61
        93 108
        106 108
        107 108
        123 152
        151 152
        184 186
        185 186
        806 220
        219 220
        821 234
        855 234
        262 279
        277 279
        278 279
        296 298
        297 298
        556 311
        310 311
        341 343
        342 343
        355 367
        365 367
        366 367
        399 401
        400 401
        408 410
        409 410
        423 426
        425 426
        821 434
        432 434
        433 434
        250 444
        386 444
        443 444
        462 464
        463 464
        416 474
        473 474
        839 492
        489 492
        491 492
        84 495
        132 495
        494 495
        500 503
        502 503
        843 508
        507 508
        520 522
        521 522
        90 533
        531 533
        532 533
        170 537
        536 537
        543 546
        544 546
        148 559
        554 559
        563 565
        564 565
        821 571
        377 571
        365 576
        574 576
        575 576
        580 587
        585 587
        586 587
        844 615
        614 615
        615 62
        60 62
        61 62
        107 109
        108 109
        111 153
        114 153
        152 153
        170 188
        186 188
        187 188
        801 235
        810 235
        234 235
        278 280
        279 280
        276 300
        298 300
        299 300
        252 313
        311 313
        312 313
        79 344
        211 344
        343 344
        366 368
        367 368
        447 466
        464 466
        465 466
        431 469
        434 469
        111 475
        420 475
        474 475
        491 493
        492 493
        494 496
        495 496
        816 505
        503 505
        504 505
        508 513
        510 513
        511 513
        519 525
        522 525
        524 525
        532 535
        533 535
        269 548
        546 548
        547 548
        708 560
        558 560
        559 560
        829 566
        840 566
        565 566
        832 572
        570 572
        571 572
        575 577
        576 577
        586 588
        587 588
        61 63
        62 63
        152 154
        153 154
        187 189
        188 189
        81 190
        109 190
        234 236
        235 236
        299 301
        300 301
        312 315
        313 315
        753 345
        344 345
        465 467
        466 467
        474 476
        475 476
        817 498
        496 498
        497 498
        504 506
        505 506
        511 514
        513 514
        524 526
        525 526
        547 549
        548 549
        461 550
        535 550
        559 561
        560 561
        829 568
        566 568
        571 573
        572 573
        154 191
        189 191
        190 191
        236 282
        280 282
        816 304
        301 304
        302 304
        813 335
        315 335
        345 403
        368 403
        444 470
        467 470
        469 470
        497 499
        498 499
        822 515
        514 515
        537 551
        549 551
        550 551
        573 579
        577 579
        190 192
        191 192
        302 305
        304 305
        319 337
        334 337
        335 337
        387 404
        401 404
        403 404
        469 471
        470 471
        550 552
        551 552
        335 338
        337 338
        403 405
        404 405
        63 23
        856 24
        192 25
        220 26
        224 27
        282 28
        284 29
        286 30
        305 31
        338 32
        405 33
        410 34
        426 35
        471 36
        476 37
        478 38
        807 39
        493 40
        499 41
        506 42
        515 43
        526 44
        552 45
        561 46
        562 47
        568 48
        579 49
        588 50
        590 51
    ]
]
