circuit_name:example2new_processed
[
    node:
    [
        1 x0 0 PI
        2 x1 0 PI
        3 x2 0 PI
        4 x3 0 PI
        5 x4 0 PI
        6 x5 0 PI
        7 x6 0 PI
        8 x7 0 PI
        9 x8 0 PI
        10 x9 0 PI
        11 x10 0 PI
        12 x11 0 PI
        13 x12 0 PI
        14 x13 0 PI
        15 x14 0 PI
        16 x15 0 PI
        17 x16 0 PI
        18 x17 0 PI
        19 x18 0 PI
        20 x19 0 PI
        21 x20 0 PI
        22 x21 0 PI
        23 x22 0 PI
        24 x23 0 PI
        25 x24 0 PI
        26 x25 0 PI
        27 x26 0 PI
        28 x27 0 PI
        29 x28 0 PI
        30 x29 0 PI
        31 x30 0 PI
        32 x31 0 PI
        33 x32 0 PI
        34 x33 0 PI
        35 x34 0 PI
        36 x35 0 PI
        37 x36 0 PI
        38 x37 0 PI
        39 x38 0 PI
        40 x39 0 PI
        41 x40 0 PI
        42 x41 0 PI
        43 x42 0 PI
        44 x43 0 PI
        45 x44 0 PI
        46 x45 0 PI
        47 x46 0 PI
        48 x47 0 PI
        49 x48 0 PI
        50 x49 0 PI
        51 x50 0 PI
        52 x51 0 PI
        53 x52 0 PI
        54 x53 0 PI
        55 x54 0 PI
        56 x55 0 PI
        57 x56 0 PI
        58 x57 0 PI
        59 x58 0 PI
        60 x59 0 PI
        61 x60 0 PI
        62 x61 0 PI
        63 x62 0 PI
        64 x63 0 PI
        65 x64 0 PI
        66 x65 0 PI
        67 x66 0 PI
        68 x67 0 PI
        69 x68 0 PI
        70 x69 0 PI
        71 x70 0 PI
        72 x71 0 PI
        73 x72 0 PI
        74 x73 0 PI
        75 x74 0 PI
        76 x75 0 PI
        77 x76 0 PI
        78 x77 0 PI
        79 x78 0 PI
        80 x79 0 PI
        81 x80 0 PI
        82 x81 0 PI
        83 x82 0 PI
        84 x83 0 PI
        85 x84 0 PI
        86 y0 6 PO_0
        87 y1 15 PO_0
        88 y2 5 PO_0
        89 y3 12 PO_0
        90 y4 6 PO_0
        91 y5 12 PO_0
        92 y6 12 PO_0
        93 y7 9 PO_0
        94 y8 15 PO_0
        95 y9 6 PO_1
        96 y10 15 PO_0
        97 y11 13 PO_0
        98 y12 16 PO_0
        99 y13 6 PO_0
        100 y14 5 PO_1
        101 y15 13 PO_0
        102 y16 12 PO_0
        103 y17 12 PO_0
        104 y18 8 PO_0
        105 y19 16 PO_1
        106 y20 12 PO_0
        107 y21 6 PO_0
        108 y22 13 PO_0
        109 y23 9 PO_0
        110 y24 14 PO_1
        111 y25 12 PO_0
        112 y26 6 PO_0
        113 y27 13 PO_0
        114 y28 12 PO_0
        115 y29 12 PO_0
        116 y30 5 PO_0
        117 y31 12 PO_0
        118 y32 7 PO_0
        119 y33 12 PO_0
        120 y34 13 PO_0
        121 y35 12 PO_0
        122 y36 6 PO_1
        123 y37 6 PO_0
        124 y38 16 PO_0
        125 y39 12 PO_0
        126 y40 16 PO_0
        127 y41 6 PO_0
        128 y42 13 PO_0
        129 y43 6 PO_0
        130 y44 15 PO_0
        131 y45 13 PO_0
        132 y46 14 PO_0
        133 y47 6 PO_0
        134 y48 13 PO_1
        135 y49 6 PO_0
        136 y50 15 PO_0
        137 y51 18 PO_1
        138 y52 16 PO_0
        139 y53 6 PO_0
        140 y54 11 PO_0
        141 y55 6 PO_0
        142 y56 16 PO_0
        143 y57 13 PO_0
        144 y58 15 PO_0
        145 y59 5 PO_0
        146 y60 6 PO_0
        147 y61 15 PO_0
        148 y62 5 PO_0
        149 y63 16 PO_0
        150 y64 16 PO_0
        151 y65 6 PO_0
        152 n100 5 MAJ_1
        153 n101 6 AND_0
        154 n102 3 AND_1
        155 n103 3 AND_1
        156 n104 3 OR_0
        157 n105 5 MAJ_0
        158 n106 6 AND_1
        159 n107 9 OR_0
        160 n108 10 MAJ_0
        161 n109 11 OR_0
        162 n110 5 MAJ_1
        163 n111 6 AND_1
        164 n112 7 AND_0
        165 n113 8 AND_1
        166 n114 2 AND_1
        167 n115 3 AND_1
        168 n116 4 MAJ_1
        169 n117 7 MAJ_1
        170 n118 8 AND_1
        171 n119 3 AND_0
        172 n120 7 MAJ_1
        173 n121 8 AND_0
        174 n122 9 OR_0
        175 n123 10 MAJ_0
        176 n124 12 OR_0
        177 n125 13 MAJ_0
        178 n126 14 OR_0
        179 n127 3 AND_0
        180 n128 3 AND_1
        181 n129 4 OR_0
        182 n130 7 MAJ_1
        183 n131 8 AND_1
        184 n132 8 AND_0
        185 n133 9 OR_0
        186 n134 10 MAJ_0
        187 n135 10 AND_0
        188 n136 11 OR_0
        189 n137 4 AND_0
        190 n138 4 AND_1
        191 n139 5 OR_0
        192 n140 8 AND_0
        193 n141 9 OR_0
        194 n142 10 MAJ_0
        195 n143 10 AND_0
        196 n144 11 OR_0
        197 n145 8 AND_0
        198 n146 9 OR_0
        199 n147 10 MAJ_0
        200 n148 10 AND_0
        201 n149 11 OR_0
        202 n150 3 AND_0
        203 n151 5 MAJ_1
        204 n152 6 AND_1
        205 n153 1 AND_1
        206 n154 3 AND_1
        207 n155 3 OR_0
        208 n156 7 MAJ_1
        209 n157 8 AND_1
        210 n158 6 MAJ_1
        211 n159 7 AND_1
        212 n160 3 AND_1
        213 n161 4 MAJ_1
        214 n162 5 OR_0
        215 n163 6 MAJ_1
        216 n164 6 MAJ_1
        217 n165 7 MAJ_1
        218 n166 2 AND_1
        219 n167 3 AND_1
        220 n168 4 MAJ_1
        221 n169 5 MAJ_0
        222 n170 8 MAJ_0
        223 n171 9 AND_1
        224 n172 9 AND_0
        225 n173 11 OR_0
        226 n174 12 MAJ_0
        227 n175 14 AND_0
        228 n176 2 OR_0
        229 n177 3 AND_1
        230 n178 4 MAJ_1
        231 n179 5 AND_0
        232 n180 14 AND_0
        233 n181 3 AND_1
        234 n182 4 AND_0
        235 n183 5 AND_1
        236 n184 6 AND_0
        237 n185 7 MAJ_0
        238 n186 2 AND_0
        239 n187 2 AND_0
        240 n188 3 MAJ_1
        241 n189 4 AND_1
        242 n190 2 AND_1
        243 n191 5 MAJ_1
        244 n192 6 AND_0
        245 n193 7 OR_0
        246 n194 8 AND_1
        247 n195 3 AND_1
        248 n196 9 MAJ_1
        249 n197 10 AND_0
        250 n198 6 OR_0
        251 n199 11 OR_0
        252 n200 12 MAJ_1
        253 n201 15 AND_0
        254 n202 4 AND_0
        255 n203 3 AND_1
        256 n204 5 OR_0
        257 n205 3 MAJ_1
        258 n206 3 OR_0
        259 n207 4 MAJ_1
        260 n208 12 AND_0
        261 n209 2 AND_1
        262 n210 8 MAJ_1
        263 n211 9 AND_1
        264 n212 10 AND_0
        265 n213 11 AND_1
        266 n214 11 AND_0
        267 n215 2 OR_0
        268 n216 3 MAJ_1
        269 n217 4 OR_0
        270 n218 6 AND_0
        271 n219 7 MAJ_1
        272 n220 8 AND_1
        273 n221 3 AND_0
        274 n222 6 MAJ_1
        275 n223 7 AND_0
        276 n224 8 AND_1
        277 n225 9 OR_0
        278 n226 10 MAJ_0
        279 n227 2 AND_1
        280 n228 6 MAJ_1
        281 n229 7 AND_1
        282 n230 11 OR_0
        283 n231 12 MAJ_1
        284 n232 13 OR_0
        285 n233 5 AND_1
        286 n234 5 OR_0
        287 n235 6 MAJ_0
        288 n236 6 MAJ_1
        289 n237 7 AND_1
        290 n238 4 AND_0
        291 n239 14 MAJ_0
        292 n240 15 AND_1
        293 n241 11 AND_0
        294 n242 4 MAJ_1
        295 n243 5 AND_1
        296 n244 12 AND_0
        297 n245 3 OR_0
        298 n246 5 MAJ_0
        299 n247 4 AND_1
        300 n248 6 MAJ_1
        301 n249 7 MAJ_1
        302 n250 8 OR_0
        303 n251 3 AND_1
        304 n252 6 MAJ_1
        305 n253 7 AND_0
        306 n254 4 OR_0
        307 n255 8 AND_1
        308 n256 9 MAJ_1
        309 n257 6 MAJ_0
        310 n258 7 AND_1
        311 n259 3 AND_1
        312 n260 5 MAJ_1
        313 n261 6 AND_1
        314 n262 3 AND_1
        315 n263 7 MAJ_1
        316 n264 8 AND_0
        317 n265 9 AND_0
        318 n266 10 AND_1
        319 n267 11 MAJ_1
        320 n268 12 OR_0
        321 n269 13 AND_1
        322 n270 8 AND_0
        323 n271 9 OR_0
        324 n272 10 MAJ_0
        325 n273 10 AND_0
        326 n274 11 OR_0
        327 n275 4 AND_0
        328 n276 4 AND_1
        329 n277 5 OR_0
        330 n278 12 AND_0
        331 n279 8 AND_0
        332 n280 9 OR_0
        333 n281 10 MAJ_0
        334 n282 10 AND_0
        335 n283 11 OR_0
        336 n284 11 AND_0
        337 n285 3 AND_0
        338 n286 3 AND_1
        339 n287 4 OR_0
        340 n288 8 AND_0
        341 n289 9 OR_0
        342 n290 10 MAJ_0
        343 n291 10 AND_0
        344 n292 11 OR_0
        345 n293 11 AND_0
        346 n294 10 AND_0
        347 n295 11 OR_0
        348 n296 12 MAJ_0
        349 n297 11 AND_0
        350 n298 4 AND_0
        351 n299 4 AND_1
        352 n300 5 OR_0
        353 n301 15 AND_0
        354 n302 7 MAJ_1
        355 n303 3 MAJ_1
        356 n304 4 AND_0
        357 n305 8 AND_1
        358 n306 9 AND_1
        359 n307 10 AND_0
        360 n308 11 AND_0
        361 n309 15 AND_0
        362 n310 4 AND_0
        363 n311 3 AND_1
        364 n312 5 OR_0
        365 n313 6 MAJ_1
        366 n314 7 AND_1
        367 n315 8 AND_1
        368 n316 9 OR_0
        369 n317 12 MAJ_0
        370 n318 3 AND_0
        371 n319 4 AND_1
        372 n320 5 OR_0
        373 n321 14 AND_0
        374 n322 12 AND_0
        375 n323 2 AND_0
        376 n324 9 MAJ_1
        377 n325 10 AND_0
        378 n326 12 AND_0
        379 n327 13 OR_0
        380 n328 4 AND_0
        381 n329 3 AND_1
        382 n330 5 OR_0
        383 n331 4 AND_0
        384 n332 5 MAJ_1
        385 n333 6 AND_1
        386 n334 5 MAJ_1
        387 n335 6 AND_1
        388 n336 3 AND_1
        389 n337 4 MAJ_1
        390 n338 5 AND_1
        391 n339 3 AND_0
        392 n340 9 AND_0
        393 n341 10 MAJ_1
        394 n342 7 OR_0
        395 n343 11 MAJ_1
        396 n344 12 AND_1
        397 n345 4 AND_0
        398 n346 3 AND_1
        399 n347 5 OR_0
        400 n348 14 AND_0
        401 n349 6 MAJ_1
        402 n350 7 AND_0
        403 n351 3 MAJ_1
        404 n352 3 MAJ_1
        405 n353 4 AND_1
        406 n354 5 AND_1
        407 n355 11 AND_1
        408 n356 12 MAJ_1
        409 n357 3 OR_0
        410 n358 13 AND_1
        411 n359 14 MAJ_0
        412 n360 3 AND_1
        413 n361 7 MAJ_1
        414 n362 8 AND_1
        415 n363 9 AND_1
        416 n364 10 AND_0
        417 n365 11 MAJ_1
        418 n366 15 AND_1
        419 n367 16 MAJ_1
        420 n368 17 AND_0
        421 n369 15 AND_0
        422 n370 3 AND_0
        423 n371 4 AND_1
        424 n372 5 OR_0
        425 n373 3 AND_0
        426 n374 4 AND_1
        427 n375 3 AND_1
        428 n376 4 AND_0
        429 n377 6 AND_1
        430 n378 7 MAJ_0
        431 n379 8 AND_0
        432 n380 6 AND_0
        433 n381 9 OR_0
        434 n382 10 MAJ_0
        435 n383 4 AND_0
        436 n384 4 AND_1
        437 n385 5 OR_0
        438 n386 15 AND_0
        439 n387 11 AND_0
        440 n388 12 OR_0
        441 n389 14 AND_0
        442 n390 3 AND_0
        443 n391 3 AND_1
        444 n392 4 OR_0
        445 n393 4 AND_0
        446 n394 4 AND_1
        447 n395 5 OR_0
        448 n396 14 AND_0
        449 n397 3 AND_0
        450 n398 3 AND_1
        451 n399 4 OR_0
        452 n400 15 AND_0
        453 n401 15 AND_0
        454 n402 4 AND_0
        455 n403 4 AND_1
        456 n404 5 OR_0
        457 n86 3 AND_0
        458 n87 4 AND_1
        459 n88 5 OR_0
        460 n89 3 AND_1
        461 n90 3 AND_1
        462 n91 5 AND_1
        463 n92 6 AND_0
        464 n93 2 AND_1
        465 n94 7 MAJ_1
        466 n95 8 AND_1
        467 n96 3 MAJ_1
        468 n97 3 MAJ_1
        469 n98 4 AND_1
        470 n99 3 AND_1
        471 v1 4 VIR
        472 v10 5 VIR
        473 v100 2 VIR
        474 v101 2 VIR
        475 v102 2 VIR
        476 v103 2 VIR
        477 v104 2 VIR
        478 v105 2 VIR
        479 v106 2 VIR
        480 v107 2 VIR
        481 v108 2 VIR
        482 v109 2 VIR
        483 v11 5 VIR
        484 v110 2 VIR
        485 v111 2 VIR
        486 v112 2 VIR
        487 v113 2 VIR
        488 v114 2 VIR
        489 v115 2 VIR
        490 v116 2 VIR
        491 v117 2 VIR
        492 v118 2 VIR
        493 v119 2 VIR
        494 v12 5 VIR
        495 v120 2 VIR
        496 v121 2 VIR
        497 v122 2 VIR
        498 v123 2 VIR
        499 v124 3 VIR
        500 v125 3 VIR
        501 v126 3 VIR
        502 v127 3 VIR
        503 v128 3 VIR
        504 v129 3 VIR
        505 v13 9 VIR
        506 v130 3 VIR
        507 v131 3 VIR
        508 v132 3 VIR
        509 v14 9 VIR
        510 v15 4 VIR
        511 v16 4 VIR
        512 v17 8 VIR
        513 v18 10 VIR
        514 v19 10 VIR
        515 v2 4 VIR
        516 v20 10 VIR
        517 v21 13 VIR
        518 v22 13 VIR
        519 v23 13 VIR
        520 v24 3 VIR
        521 v25 4 VIR
        522 v26 3 VIR
        523 v27 5 VIR
        524 v28 11 VIR
        525 v29 4 VIR
        526 v3 4 VIR
        527 v30 4 VIR
        528 v31 4 VIR
        529 v32 4 VIR
        530 v33 4 VIR
        531 v34 1 VIR
        532 v35 1 VIR
        533 v36 1 VIR
        534 v37 1 VIR
        535 v38 1 VIR
        536 v39 1 VIR
        537 v4 7 VIR
        538 v40 1 VIR
        539 v41 1 VIR
        540 v42 1 VIR
        541 v43 1 VIR
        542 v44 1 VIR
        543 v45 1 VIR
        544 v46 1 VIR
        545 v47 1 VIR
        546 v48 1 VIR
        547 v49 1 VIR
        548 v5 7 VIR
        549 v50 1 VIR
        550 v51 1 VIR
        551 v52 1 VIR
        552 v53 1 VIR
        553 v54 1 VIR
        554 v55 1 VIR
        555 v56 1 VIR
        556 v57 1 VIR
        557 v58 1 VIR
        558 v59 1 VIR
        559 v6 7 VIR
        560 v60 1 VIR
        561 v61 1 VIR
        562 v62 1 VIR
        563 v63 1 VIR
        564 v64 1 VIR
        565 v65 1 VIR
        566 v66 1 VIR
        567 v67 1 VIR
        568 v68 1 VIR
        569 v69 1 VIR
        570 v7 9 VIR
        571 v70 1 VIR
        572 v71 1 VIR
        573 v72 5 VIR
        574 v73 6 VIR
        575 v74 6 VIR
        576 v75 11 VIR
        577 v76 11 VIR
        578 v77 5 VIR
        579 v78 14 VIR
        580 v79 14 VIR
        581 v8 9 VIR
        582 v80 14 VIR
        583 v81 5 VIR
        584 v82 5 VIR
        585 v83 5 VIR
        586 v84 2 VIR
        587 v85 2 VIR
        588 v86 2 VIR
        589 v87 2 VIR
        590 v88 2 VIR
        591 v89 2 VIR
        592 v9 9 VIR
        593 v90 2 VIR
        594 v91 2 VIR
        595 v92 2 VIR
        596 v93 2 VIR
        597 v94 2 VIR
        598 v95 2 VIR
        599 v96 2 VIR
        600 v97 2 VIR
        601 v98 2 VIR
        602 v99 2 VIR
    ]
    edge:
    [
        59 205
        69 205
        2 531
        2 532
        2 533
        11 534
        16 535
        16 536
        16 538
        20 539
        20 540
        22 541
        22 542
        22 543
        26 544
        26 545
        26 546
        36 547
        36 549
        36 550
        5 551
        5 552
        5 553
        50 554
        50 555
        50 556
        54 557
        55 558
        55 560
        55 561
        56 562
        56 563
        66 564
        66 565
        66 566
        69 567
        74 568
        10 569
        10 571
        10 572
        544 166
        547 166
        535 218
        545 218
        551 228
        564 228
        531 238
        564 238
        535 239
        541 239
        20 242
        547 242
        538 261
        540 261
        535 267
        539 267
        552 279
        557 279
        563 375
        567 375
        541 464
        53 464
        555 473
        555 474
        555 475
        556 476
        556 477
        556 478
        558 479
        558 480
        558 481
        560 482
        560 484
        560 485
        561 486
        561 487
        561 488
        569 489
        569 490
        569 491
        571 492
        571 493
        571 495
        572 496
        572 497
        572 498
        531 586
        532 587
        533 588
        541 589
        544 590
        545 591
        546 593
        547 594
        549 595
        550 596
        551 597
        552 598
        553 599
        554 600
        554 601
        554 602
        532 154
        597 154
        490 155
        564 155
        11 156
        479 156
        594 167
        166 167
        589 171
        53 171
        601 179
        67 179
        45 180
        601 180
        532 202
        489 202
        599 206
        205 206
        487 207
        566 207
        536 212
        591 212
        546 219
        218 219
        52 229
        487 229
        492 233
        568 233
        544 240
        76 240
        239 240
        481 247
        238 247
        49 255
        602 255
        588 257
        599 257
        498 257
        588 258
        497 258
        590 268
        594 268
        267 268
        597 273
        54 273
        496 297
        482 297
        493 303
        600 303
        598 311
        600 311
        492 314
        562 314
        48 337
        473 337
        39 338
        473 338
        587 355
        492 355
        565 355
        14 363
        474 363
        43 370
        474 370
        7 381
        475 381
        598 388
        497 388
        228 391
        238 391
        28 398
        476 398
        586 403
        591 403
        549 403
        490 404
        591 404
        595 404
        543 409
        484 409
        586 412
        490 412
        1 422
        476 422
        495 425
        542 425
        495 427
        542 427
        33 442
        477 442
        23 443
        477 443
        478 449
        79 449
        34 450
        478 450
        475 457
        65 457
        531 460
        489 460
        551 461
        479 461
        590 467
        594 467
        51 467
        545 468
        549 468
        479 468
        586 470
        597 470
        473 499
        474 500
        475 501
        476 502
        477 503
        478 504
        600 506
        601 507
        602 508
        228 520
        238 522
        590 168
        166 168
        167 168
        179 181
        180 181
        507 189
        71 189
        42 190
        507 190
        536 213
        546 213
        212 213
        536 220
        218 220
        219 220
        567 230
        520 230
        229 230
        587 234
        233 234
        239 241
        240 241
        507 254
        61 254
        488 259
        257 259
        258 259
        267 269
        268 269
        52 290
        258 290
        60 294
        63 294
        229 294
        506 299
        72 299
        484 306
        520 306
        47 327
        508 327
        35 328
        508 328
        337 339
        338 339
        38 350
        499 350
        12 351
        499 351
        565 356
        355 356
        40 362
        499 362
        4 371
        500 371
        44 380
        500 380
        495 383
        506 383
        506 389
        486 389
        388 389
        24 397
        501 397
        403 405
        404 405
        30 423
        502 423
        533 426
        425 426
        588 428
        427 428
        31 435
        502 435
        19 436
        502 436
        442 444
        443 444
        503 445
        73 445
        41 446
        503 446
        449 451
        450 451
        504 454
        77 454
        37 455
        504 455
        46 458
        501 458
        467 469
        468 469
        154 471
        202 510
        202 511
        154 515
        229 521
        460 525
        154 526
        461 527
        461 528
        461 529
        470 530
        491 152
        469 152
        470 152
        471 157
        155 157
        156 157
        11 162
        480 162
        471 162
        189 191
        190 191
        59 203
        69 203
        511 203
        212 214
        213 214
        595 221
        562 221
        220 221
        521 231
        230 231
        460 235
        234 235
        59 243
        241 243
        242 243
        254 256
        255 256
        81 285
        510 285
        542 286
        510 286
        521 295
        294 295
        484 298
        515 298
        297 298
        563 312
        525 312
        311 312
        327 329
        328 329
        350 352
        351 352
        362 364
        363 364
        370 372
        371 372
        380 382
        381 382
        482 384
        522 384
        383 384
        496 386
        482 386
        515 386
        388 390
        389 390
        397 399
        398 399
        480 406
        269 406
        422 424
        423 424
        435 437
        436 437
        445 447
        446 447
        454 456
        455 456
        457 459
        458 459
        460 462
        527 462
        168 472
        168 483
        168 494
        269 523
        471 573
        515 578
        527 583
        528 584
        529 585
        470 153
        152 153
        156 158
        157 158
        573 163
        162 163
        511 204
        203 204
        565 210
        583 210
        202 210
        539 215
        550 215
        214 215
        539 216
        550 216
        214 216
        53 236
        235 236
        242 244
        243 244
        557 250
        494 250
        472 270
        269 270
        74 274
        472 274
        273 274
        568 280
        483 280
        279 280
        553 287
        494 287
        285 287
        553 288
        494 288
        286 288
        534 300
        298 300
        299 300
        562 304
        584 304
        303 304
        498 309
        485 309
        578 309
        311 313
        312 313
        496 365
        566 365
        573 365
        383 385
        384 385
        526 387
        386 387
        493 401
        530 401
        483 401
        584 429
        523 429
        543 432
        585 432
        527 463
        462 463
        472 574
        483 575
        566 164
        163 164
        74 169
        583 169
        574 169
        557 172
        463 172
        171 172
        525 182
        529 182
        575 182
        204 208
        206 208
        207 208
        510 211
        210 211
        214 217
        215 217
        216 217
        585 237
        234 237
        236 237
        56 245
        244 245
        587 271
        491 271
        270 271
        273 275
        274 275
        279 281
        280 281
        287 289
        288 289
        602 301
        299 301
        300 301
        303 305
        304 305
        526 310
        309 310
        528 315
        244 315
        314 315
        533 354
        493 354
        575 354
        578 366
        365 366
        385 394
        387 394
        530 402
        401 402
        589 413
        574 413
        412 413
        426 430
        428 430
        429 430
        54 465
        463 465
        464 465
        158 537
        158 548
        158 559
        497 165
        164 165
        528 170
        169 170
        171 173
        172 173
        529 183
        182 183
        78 184
        537 184
        80 192
        537 192
        82 197
        548 197
        207 209
        208 209
        595 222
        211 222
        220 222
        489 246
        245 246
        593 262
        211 262
        261 262
        270 272
        271 272
        491 276
        275 276
        299 302
        301 302
        305 307
        306 307
        314 316
        315 316
        83 322
        548 322
        84 331
        548 331
        85 340
        559 340
        354 357
        356 357
        487 367
        366 367
        412 414
        413 414
        429 431
        430 431
        464 466
        465 466
        211 512
        466 159
        153 159
        170 174
        173 174
        58 185
        184 185
        57 193
        192 193
        64 198
        197 198
        221 223
        222 223
        563 224
        512 224
        598 248
        246 248
        247 248
        261 263
        262 263
        552 277
        276 277
        522 308
        306 308
        307 308
        522 317
        316 317
        62 323
        322 323
        70 332
        331 332
        68 341
        340 341
        486 358
        357 358
        540 368
        367 368
        512 376
        217 376
        375 376
        246 392
        391 392
        523 415
        414 415
        357 433
        431 433
        183 505
        183 509
        165 570
        165 581
        165 592
        75 160
        537 160
        159 160
        525 175
        173 175
        174 175
        183 186
        184 186
        185 186
        9 187
        570 187
        505 194
        192 194
        193 194
        13 195
        581 195
        505 199
        197 199
        198 199
        17 200
        581 200
        247 249
        248 249
        596 264
        263 264
        272 278
        276 278
        277 278
        485 318
        317 318
        505 324
        322 324
        323 324
        21 325
        581 325
        509 333
        331 333
        332 333
        25 334
        592 334
        509 342
        340 342
        341 342
        29 343
        592 343
        32 346
        570 346
        599 359
        358 359
        375 377
        376 377
        480 393
        228 393
        392 393
        402 416
        415 416
        431 434
        432 434
        433 434
        223 513
        223 514
        223 516
        159 161
        160 161
        186 188
        187 188
        194 196
        195 196
        199 201
        200 201
        217 225
        513 225
        237 251
        249 251
        543 265
        264 265
        65 266
        514 266
        481 282
        278 282
        61 293
        514 293
        313 319
        317 319
        318 319
        324 326
        325 326
        333 335
        334 335
        77 336
        516 336
        342 344
        343 344
        73 345
        516 345
        3 347
        346 347
        71 349
        516 349
        538 360
        359 360
        390 395
        393 395
        394 395
        393 407
        405 407
        486 417
        414 417
        416 417
        593 439
        359 439
        359 524
        513 576
        514 577
        161 176
        175 176
        513 226
        224 226
        225 226
        249 252
        250 252
        251 252
        67 260
        576 260
        498 283
        281 283
        282 283
        567 296
        577 296
        310 320
        319 320
        79 330
        577 330
        559 348
        346 348
        347 348
        524 369
        367 369
        368 369
        596 374
        524 374
        1 378
        576 378
        394 396
        395 396
        393 408
        406 408
        407 408
        249 440
        439 440
        6 177
        570 177
        176 177
        282 284
        283 284
        308 321
        320 321
        377 379
        378 379
        402 410
        408 410
        226 517
        226 518
        226 519
        176 178
        177 178
        44 227
        517 227
        43 232
        517 232
        284 291
        289 291
        290 291
        534 373
        518 373
        33 400
        518 400
        408 411
        409 411
        410 411
        15 441
        519 441
        38 448
        519 448
        517 579
        518 580
        519 582
        48 253
        579 253
        290 292
        291 292
        18 353
        579 353
        8 361
        579 361
        411 418
        417 418
        24 421
        580 421
        27 438
        580 438
        40 452
        582 452
        31 453
        582 453
        488 419
        526 419
        418 419
        418 420
        419 420
        459 86
        178 87
        181 88
        188 89
        191 90
        196 91
        201 92
        209 93
        227 94
        231 95
        232 96
        252 97
        253 98
        256 99
        259 100
        260 101
        265 102
        266 103
        237 104
        292 105
        293 106
        295 107
        296 108
        302 109
        321 110
        326 111
        329 112
        330 113
        335 114
        336 115
        339 116
        344 117
        163 118
        345 119
        348 120
        349 121
        298 122
        352 123
        353 124
        360 125
        361 126
        364 127
        369 128
        372 129
        373 130
        374 131
        379 132
        382 133
        396 134
        399 135
        400 136
        420 137
        421 138
        424 139
        434 140
        437 141
        438 142
        440 143
        441 144
        444 145
        447 146
        448 147
        451 148
        452 149
        453 150
        456 151
    ]
]
