circuit_name:int2floatnew_processed
[
    node:
    [
        1 x0 0 PI
        2 x1 0 PI
        3 x2 0 PI
        4 x3 0 PI
        5 x4 0 PI
        6 x5 0 PI
        7 x6 0 PI
        8 x7 0 PI
        9 x8 0 PI
        10 x9 0 PI
        11 x10 0 PI
        12 y0 18 PO_0
        13 y1 19 PO_0
        14 y2 23 PO_0
        15 y3 11 PO_0
        16 y4 17 PO_0
        17 y5 14 PO_0
        18 y6 9 PO_0
        19 n100 3 AND_0
        20 n101 4 MAJ_1
        21 n102 5 MAJ_1
        22 n103 6 AND_1
        23 n104 7 AND_1
        24 n105 8 OR_0
        25 n106 12 MAJ_0
        26 n107 10 AND_1
        27 n108 11 AND_1
        28 n109 13 MAJ_1
        29 n110 5 AND_1
        30 n111 3 AND_1
        31 n112 6 AND_1
        32 n113 7 MAJ_1
        33 n114 3 AND_1
        34 n115 7 MAJ_1
        35 n116 3 AND_0
        36 n117 4 AND_0
        37 n118 5 MAJ_1
        38 n119 6 AND_1
        39 n12 3 AND_1
        40 n120 7 OR_0
        41 n121 8 MAJ_1
        42 n122 9 OR_0
        43 n123 10 AND_1
        44 n124 11 AND_1
        45 n125 12 MAJ_1
        46 n126 13 AND_1
        47 n127 14 AND_1
        48 n128 15 MAJ_1
        49 n129 4 AND_0
        50 n13 3 AND_0
        51 n130 6 MAJ_1
        52 n131 7 AND_0
        53 n132 16 OR_0
        54 n133 17 MAJ_1
        55 n134 18 AND_1
        56 n135 3 AND_1
        57 n136 4 MAJ_1
        58 n137 5 AND_1
        59 n138 6 OR_0
        60 n139 7 MAJ_0
        61 n14 4 MAJ_1
        62 n140 4 MAJ_1
        63 n141 5 AND_1
        64 n142 6 OR_0
        65 n143 7 OR_0
        66 n144 8 MAJ_1
        67 n145 9 AND_0
        68 n146 10 AND_0
        69 n147 11 MAJ_1
        70 n148 4 OR_0
        71 n149 5 MAJ_0
        72 n15 4 MAJ_1
        73 n150 6 MAJ_1
        74 n151 7 AND_1
        75 n152 12 AND_1
        76 n153 13 AND_0
        77 n154 14 MAJ_1
        78 n155 4 AND_1
        79 n156 3 AND_1
        80 n157 4 AND_0
        81 n158 4 AND_1
        82 n159 6 MAJ_1
        83 n16 5 MAJ_1
        84 n160 3 AND_0
        85 n161 4 MAJ_1
        86 n162 5 AND_1
        87 n163 7 OR_0
        88 n164 8 MAJ_0
        89 n165 3 AND_1
        90 n166 3 AND_1
        91 n167 4 AND_0
        92 n168 3 AND_1
        93 n169 5 MAJ_1
        94 n17 3 AND_0
        95 n170 5 MAJ_1
        96 n171 6 AND_1
        97 n172 4 AND_0
        98 n173 7 OR_0
        99 n174 8 MAJ_0
        100 n175 15 OR_0
        101 n176 16 OR_0
        102 n177 17 MAJ_1
        103 n178 3 AND_1
        104 n179 3 OR_0
        105 n18 4 OR_0
        106 n180 4 MAJ_0
        107 n181 5 MAJ_1
        108 n182 6 MAJ_1
        109 n183 18 AND_1
        110 n184 19 OR_0
        111 n185 20 MAJ_0
        112 n186 3 AND_1
        113 n187 4 MAJ_0
        114 n188 5 MAJ_1
        115 n189 6 AND_1
        116 n19 6 OR_0
        117 n190 4 AND_0
        118 n191 6 AND_1
        119 n192 7 MAJ_0
        120 n193 8 OR_0
        121 n194 9 MAJ_0
        122 n195 21 AND_1
        123 n196 22 OR_0
        124 n197 6 AND_1
        125 n198 3 OR_0
        126 n199 5 MAJ_1
        127 n20 7 MAJ_1
        128 n200 6 OR_0
        129 n201 4 AND_0
        130 n202 7 AND_1
        131 n203 8 MAJ_1
        132 n204 3 OR_0
        133 n205 9 MAJ_1
        134 n206 10 OR_0
        135 n207 4 MAJ_0
        136 n208 5 AND_1
        137 n209 3 AND_1
        138 n21 2 AND_1
        139 n210 6 OR_0
        140 n211 7 MAJ_0
        141 n212 5 MAJ_1
        142 n213 6 AND_1
        143 n214 7 OR_0
        144 n215 8 MAJ_1
        145 n216 9 OR_0
        146 n217 4 OR_0
        147 n218 6 OR_0
        148 n219 10 MAJ_1
        149 n22 4 MAJ_1
        150 n220 4 AND_1
        151 n221 5 AND_1
        152 n222 11 MAJ_1
        153 n223 12 AND_1
        154 n224 13 MAJ_1
        155 n225 4 MAJ_1
        156 n226 4 MAJ_0
        157 n227 5 AND_0
        158 n228 6 MAJ_1
        159 n229 7 AND_1
        160 n23 5 AND_1
        161 n230 6 MAJ_1
        162 n231 8 AND_0
        163 n232 9 OR_0
        164 n233 14 OR_0
        165 n234 15 OR_0
        166 n235 16 MAJ_1
        167 n236 3 AND_0
        168 n237 4 AND_0
        169 n238 4 OR_0
        170 n239 5 MAJ_1
        171 n24 4 AND_1
        172 n240 6 AND_1
        173 n241 3 AND_0
        174 n242 7 OR_0
        175 n243 8 MAJ_0
        176 n244 4 AND_0
        177 n245 5 MAJ_1
        178 n246 6 AND_0
        179 n247 9 AND_1
        180 n248 10 AND_0
        181 n249 11 MAJ_0
        182 n25 4 MAJ_0
        183 n250 3 OR_0
        184 n251 5 MAJ_1
        185 n252 6 MAJ_1
        186 n253 7 MAJ_1
        187 n254 8 AND_1
        188 n255 9 AND_1
        189 n256 3 OR_0
        190 n257 12 MAJ_1
        191 n258 13 OR_0
        192 n259 5 AND_0
        193 n26 6 AND_1
        194 n260 5 OR_0
        195 n261 6 MAJ_0
        196 n262 7 MAJ_1
        197 n263 8 OR_0
        198 n27 7 MAJ_1
        199 n28 8 OR_0
        200 n29 9 MAJ_1
        201 n30 10 MAJ_1
        202 n31 11 AND_1
        203 n32 12 AND_1
        204 n33 13 AND_1
        205 n34 14 MAJ_1
        206 n35 4 AND_1
        207 n36 5 MAJ_1
        208 n37 6 MAJ_0
        209 n38 7 OR_0
        210 n39 4 OR_0
        211 n40 3 AND_1
        212 n41 5 AND_1
        213 n42 6 MAJ_1
        214 n43 8 AND_1
        215 n44 9 MAJ_1
        216 n45 3 AND_1
        217 n46 10 AND_0
        218 n47 11 AND_1
        219 n48 4 AND_1
        220 n49 12 MAJ_1
        221 n50 3 MAJ_0
        222 n51 3 MAJ_1
        223 n52 4 AND_1
        224 n53 3 AND_0
        225 n54 4 AND_0
        226 n55 3 OR_0
        227 n56 5 OR_0
        228 n57 6 MAJ_1
        229 n58 7 AND_1
        230 n59 8 MAJ_0
        231 n60 9 MAJ_1
        232 n61 10 AND_1
        233 n62 15 OR_0
        234 n63 16 OR_0
        235 n64 17 MAJ_1
        236 n65 3 OR_0
        237 n66 4 AND_0
        238 n67 5 MAJ_0
        239 n68 3 AND_0
        240 n69 3 AND_0
        241 n70 4 MAJ_1
        242 n71 5 MAJ_1
        243 n72 4 AND_1
        244 n73 5 OR_0
        245 n74 6 MAJ_1
        246 n75 7 OR_0
        247 n76 8 OR_0
        248 n77 9 MAJ_1
        249 n78 3 AND_0
        250 n79 4 AND_1
        251 n80 5 AND_1
        252 n81 6 MAJ_1
        253 n82 7 MAJ_0
        254 n83 8 MAJ_1
        255 n84 5 AND_1
        256 n85 6 MAJ_1
        257 n86 7 MAJ_0
        258 n87 8 OR_0
        259 n88 4 AND_0
        260 n89 5 MAJ_0
        261 n90 6 AND_1
        262 n91 3 AND_0
        263 n92 9 AND_1
        264 n93 10 MAJ_1
        265 n94 5 MAJ_0
        266 n95 6 MAJ_1
        267 n96 7 AND_1
        268 n97 8 AND_0
        269 n98 9 OR_0
        270 n99 11 MAJ_0
        271 v1 5 VIR
        272 v10 1 VIR
        273 v100 2 VIR
        274 v101 2 VIR
        275 v102 2 VIR
        276 v103 2 VIR
        277 v104 2 VIR
        278 v105 2 VIR
        279 v106 2 VIR
        280 v107 2 VIR
        281 v108 2 VIR
        282 v109 2 VIR
        283 v11 1 VIR
        284 v110 2 VIR
        285 v111 2 VIR
        286 v112 2 VIR
        287 v113 2 VIR
        288 v114 2 VIR
        289 v115 2 VIR
        290 v116 2 VIR
        291 v117 2 VIR
        292 v118 2 VIR
        293 v119 3 VIR
        294 v12 1 VIR
        295 v120 3 VIR
        296 v121 3 VIR
        297 v122 3 VIR
        298 v123 3 VIR
        299 v124 3 VIR
        300 v125 3 VIR
        301 v126 3 VIR
        302 v127 3 VIR
        303 v128 3 VIR
        304 v129 3 VIR
        305 v13 1 VIR
        306 v130 3 VIR
        307 v131 3 VIR
        308 v132 3 VIR
        309 v133 3 VIR
        310 v134 3 VIR
        311 v135 3 VIR
        312 v136 3 VIR
        313 v14 1 VIR
        314 v15 1 VIR
        315 v16 1 VIR
        316 v17 1 VIR
        317 v18 1 VIR
        318 v19 1 VIR
        319 v2 5 VIR
        320 v20 1 VIR
        321 v21 1 VIR
        322 v22 1 VIR
        323 v23 1 VIR
        324 v24 1 VIR
        325 v25 1 VIR
        326 v26 1 VIR
        327 v27 1 VIR
        328 v28 1 VIR
        329 v29 1 VIR
        330 v3 5 VIR
        331 v30 1 VIR
        332 v31 1 VIR
        333 v32 1 VIR
        334 v33 1 VIR
        335 v34 1 VIR
        336 v35 1 VIR
        337 v36 1 VIR
        338 v37 1 VIR
        339 v38 1 VIR
        340 v39 1 VIR
        341 v4 4 VIR
        342 v40 1 VIR
        343 v41 1 VIR
        344 v42 1 VIR
        345 v43 2 VIR
        346 v44 2 VIR
        347 v45 2 VIR
        348 v46 2 VIR
        349 v47 2 VIR
        350 v48 2 VIR
        351 v49 2 VIR
        352 v5 4 VIR
        353 v50 2 VIR
        354 v51 2 VIR
        355 v52 2 VIR
        356 v53 2 VIR
        357 v54 2 VIR
        358 v55 2 VIR
        359 v56 2 VIR
        360 v57 2 VIR
        361 v58 2 VIR
        362 v59 2 VIR
        363 v6 4 VIR
        364 v60 2 VIR
        365 v61 2 VIR
        366 v62 2 VIR
        367 v63 2 VIR
        368 v64 2 VIR
        369 v65 2 VIR
        370 v66 2 VIR
        371 v67 2 VIR
        372 v68 2 VIR
        373 v69 2 VIR
        374 v7 5 VIR
        375 v70 2 VIR
        376 v71 2 VIR
        377 v72 2 VIR
        378 v73 2 VIR
        379 v74 2 VIR
        380 v75 2 VIR
        381 v76 2 VIR
        382 v77 2 VIR
        383 v78 2 VIR
        384 v79 2 VIR
        385 v8 4 VIR
        386 v80 2 VIR
        387 v81 2 VIR
        388 v82 2 VIR
        389 v83 2 VIR
        390 v84 2 VIR
        391 v85 2 VIR
        392 v86 2 VIR
        393 v87 2 VIR
        394 v88 2 VIR
        395 v89 2 VIR
        396 v9 5 VIR
        397 v90 2 VIR
        398 v91 2 VIR
        399 v92 2 VIR
        400 v93 2 VIR
        401 v94 2 VIR
        402 v95 2 VIR
        403 v96 2 VIR
        404 v97 2 VIR
        405 v98 2 VIR
        406 v99 2 VIR
    ]
    edge:
    [
        1 272
        1 283
        1 294
        2 305
        2 313
        2 314
        11 315
        11 316
        11 317
        3 318
        3 320
        3 321
        4 322
        4 323
        4 324
        5 325
        5 326
        5 327
        6 328
        6 329
        6 331
        7 332
        7 333
        7 334
        8 335
        8 336
        8 337
        9 338
        9 339
        9 340
        10 342
        10 343
        10 344
        305 138
        318 138
        337 273
        338 274
        338 275
        338 276
        339 277
        339 278
        339 279
        340 280
        340 281
        340 282
        342 284
        342 285
        342 286
        343 287
        343 288
        343 289
        344 290
        344 291
        344 292
        272 345
        305 346
        313 347
        314 348
        315 349
        315 350
        316 351
        317 353
        318 354
        318 355
        320 356
        320 357
        321 358
        321 359
        322 360
        322 361
        322 362
        323 364
        323 365
        323 366
        324 367
        324 368
        325 369
        325 370
        325 371
        326 372
        326 373
        326 375
        327 376
        327 377
        327 378
        328 379
        328 380
        328 381
        329 382
        329 383
        329 384
        331 386
        331 387
        331 388
        332 389
        332 390
        332 391
        333 392
        333 393
        333 394
        334 395
        334 397
        334 398
        335 399
        335 400
        335 401
        336 402
        336 403
        336 404
        337 405
        337 406
        401 19
        285 19
        364 30
        381 30
        346 33
        380 33
        354 35
        361 35
        283 39
        347 39
        345 50
        274 50
        272 56
        360 56
        354 79
        381 79
        380 84
        391 84
        392 89
        401 89
        364 90
        391 90
        356 92
        402 92
        375 94
        276 94
        397 103
        406 103
        377 104
        404 104
        279 112
        349 112
        377 125
        383 125
        368 132
        292 132
        377 137
        405 137
        347 167
        365 167
        394 173
        280 173
        384 183
        395 183
        292 189
        351 189
        314 211
        357 211
        388 216
        398 216
        356 221
        366 221
        276 221
        357 222
        366 222
        286 222
        287 224
        349 224
        404 226
        349 226
        371 236
        285 236
        283 239
        355 239
        345 240
        346 240
        360 249
        369 249
        348 262
        358 262
        284 293
        369 295
        370 296
        372 297
        376 298
        379 299
        389 300
        390 301
        391 302
        392 303
        393 304
        395 306
        397 307
        399 308
        400 309
        402 310
        403 311
        405 312
        376 20
        277 20
        19 20
        370 36
        300 36
        302 49
        400 49
        369 57
        389 57
        56 57
        283 61
        372 61
        50 61
        272 62
        305 62
        249 62
        361 70
        299 70
        294 72
        314 72
        297 72
        380 78
        301 78
        392 80
        79 80
        313 81
        302 81
        365 85
        371 85
        84 85
        402 91
        90 91
        298 97
        383 97
        301 105
        308 105
        384 106
        406 106
        104 106
        384 113
        290 113
        112 113
        383 117
        311 117
        388 129
        94 129
        382 135
        393 135
        240 135
        367 146
        311 146
        299 149
        399 149
        138 149
        298 150
        393 150
        324 155
        303 155
        277 155
        321 156
        367 156
        303 156
        294 168
        167 168
        382 169
        310 169
        360 171
        295 171
        367 176
        304 176
        361 182
        296 182
        399 182
        296 206
        308 206
        309 210
        274 210
        300 219
        284 219
        221 223
        222 223
        279 225
        224 225
        356 237
        236 237
        320 241
        309 241
        240 241
        274 243
        293 243
        400 250
        293 250
        297 259
        401 259
        84 341
        84 352
        112 363
        249 385
        288 21
        19 21
        20 21
        370 29
        219 29
        284 37
        35 37
        36 37
        56 58
        57 58
        249 63
        62 63
        354 71
        390 71
        70 71
        39 83
        61 83
        72 83
        341 86
        85 86
        89 93
        91 93
        92 93
        373 95
        381 95
        49 95
        306 107
        273 107
        106 107
        281 114
        363 114
        113 114
        281 126
        105 126
        125 126
        240 136
        135 136
        313 141
        355 141
        78 141
        405 151
        150 151
        155 157
        156 157
        138 160
        149 160
        278 170
        168 170
        169 170
        280 177
        117 177
        176 177
        394 184
        35 184
        150 184
        359 192
        352 192
        291 194
        385 194
        365 207
        275 207
        206 207
        286 212
        210 212
        223 227
        226 227
        310 238
        236 238
        237 238
        294 242
        239 242
        241 242
        373 244
        243 244
        288 251
        385 251
        371 255
        105 255
        277 260
        287 260
        259 260
        373 265
        276 265
        250 265
        49 271
        49 319
        78 330
        117 374
        250 396
        19 22
        21 22
        390 31
        29 31
        36 38
        37 38
        350 51
        243 51
        271 51
        379 59
        58 59
        389 64
        63 64
        362 73
        70 73
        71 73
        330 82
        80 82
        81 82
        271 96
        95 96
        398 108
        103 108
        107 108
        363 115
        114 115
        83 116
        94 116
        112 118
        374 118
        358 124
        271 124
        125 128
        126 128
        341 139
        136 139
        78 142
        141 142
        330 147
        146 147
        289 158
        117 158
        157 158
        290 161
        396 161
        352 161
        169 172
        170 172
        176 178
        177 178
        386 185
        395 185
        184 185
        362 193
        160 193
        292 195
        192 195
        194 195
        375 208
        206 208
        207 208
        288 213
        211 213
        212 213
        312 228
        225 228
        227 228
        242 245
        243 245
        244 245
        279 252
        289 252
        251 252
        275 256
        285 256
        255 256
        259 261
        260 261
        287 266
        250 266
        265 266
        306 23
        22 23
        29 32
        30 32
        31 32
        29 34
        31 34
        33 34
        315 40
        38 40
        319 52
        51 52
        171 60
        58 60
        59 60
        295 65
        64 65
        70 74
        73 74
        82 87
        86 87
        93 98
        96 98
        291 119
        316 119
        118 119
        94 127
        105 127
        116 127
        124 130
        128 130
        136 140
        137 140
        139 140
        286 143
        142 143
        374 159
        158 159
        374 174
        172 174
        387 186
        183 186
        185 186
        353 196
        210 196
        195 196
        171 198
        182 198
        193 198
        206 209
        208 209
        307 229
        228 229
        238 246
        245 246
        312 253
        289 253
        252 253
        376 257
        255 257
        256 257
        396 267
        266 267
        387 24
        23 24
        364 41
        34 41
        40 41
        379 66
        63 66
        65 66
        385 88
        86 88
        87 88
        96 99
        97 99
        98 99
        115 120
        119 120
        128 131
        129 131
        130 131
        403 144
        341 144
        143 144
        378 162
        159 162
        172 175
        173 175
        174 175
        282 187
        186 187
        210 197
        196 197
        275 199
        198 199
        209 214
        213 214
        273 230
        316 230
        229 230
        348 247
        246 247
        406 254
        396 254
        253 254
        255 258
        257 258
        304 268
        267 268
        40 42
        41 42
        60 67
        66 67
        319 121
        119 121
        120 121
        317 133
        131 133
        132 133
        143 145
        144 145
        161 163
        162 163
        175 179
        178 179
        273 188
        187 188
        375 200
        382 200
        199 200
        138 215
        213 215
        214 215
        398 231
        229 231
        230 231
        394 248
        245 248
        247 248
        258 263
        261 263
        368 269
        268 269
        387 26
        248 26
        32 43
        42 43
        346 68
        67 68
        132 134
        133 134
        368 148
        145 148
        147 148
        359 180
        179 180
        278 201
        199 201
        200 201
        386 217
        215 217
        229 232
        231 232
        261 264
        262 264
        263 264
        254 27
        26 27
        358 44
        43 44
        355 69
        66 69
        68 69
        378 152
        148 152
        151 152
        378 181
        178 181
        180 181
        199 202
        201 202
        307 218
        217 218
        264 270
        268 270
        269 270
        270 25
        23 25
        24 25
        404 45
        42 45
        44 45
        372 75
        69 75
        140 153
        152 153
        181 190
        188 190
        189 190
        127 203
        202 203
        216 220
        218 220
        219 220
        388 28
        25 28
        27 28
        350 46
        45 46
        74 76
        75 76
        35 154
        152 154
        153 154
        189 191
        190 191
        386 204
        203 204
        397 47
        46 47
        403 77
        69 77
        76 77
        154 164
        163 164
        291 205
        202 205
        204 205
        281 48
        45 48
        47 48
        278 100
        77 100
        282 165
        164 165
        351 233
        205 233
        48 53
        52 53
        88 101
        100 101
        353 166
        163 166
        165 166
        220 234
        233 234
        351 54
        28 54
        53 54
        280 102
        99 102
        101 102
        353 235
        232 235
        234 235
        53 55
        54 55
        290 109
        102 109
        282 110
        109 110
        108 111
        109 111
        110 111
        317 122
        111 122
        121 123
        122 123
        235 12
        55 13
        123 14
        134 15
        166 16
        191 17
        197 18
    ]
]
