circuit_name:lddnew_processed
[
    node:
    [
        1 x0 0 PI
        2 x1 0 PI
        3 x2 0 PI
        4 x3 0 PI
        5 x4 0 PI
        6 x5 0 PI
        7 x6 0 PI
        8 x7 0 PI
        9 x8 0 PI
        10 y0 5 PO_0
        11 y1 12 PO_0
        12 y2 13 PO_1
        13 y3 7 PO_0
        14 y4 7 PO_0
        15 y5 7 PO_0
        16 y6 7 PO_0
        17 y7 7 PO_0
        18 y8 12 PO_0
        19 y9 13 PO_0
        20 y10 13 PO_0
        21 y11 12 PO_0
        22 y12 12 PO_0
        23 y13 12 PO_0
        24 y14 14 PO_0
        25 y15 12 PO_0
        26 y16 7 PO_0
        27 y17 5 PO_0
        28 y18 5 PO_0
        29 n10 3 AND_1
        30 n100 11 OR_0
        31 n101 12 MAJ_1
        32 n102 13 OR_0
        33 n103 7 OR_0
        34 n104 8 OR_0
        35 n105 3 OR_0
        36 n106 4 MAJ_1
        37 n107 3 MAJ_1
        38 n108 4 MAJ_1
        39 n109 5 AND_1
        40 n11 4 AND_1
        41 n110 9 OR_0
        42 n111 10 MAJ_1
        43 n112 11 OR_0
        44 n113 3 AND_1
        45 n114 4 MAJ_1
        46 n115 5 AND_1
        47 n116 6 MAJ_1
        48 n117 4 AND_1
        49 n118 4 AND_0
        50 n12 3 AND_1
        51 n13 4 MAJ_1
        52 n14 5 AND_0
        53 n15 3 OR_0
        54 n16 4 MAJ_1
        55 n17 5 OR_0
        56 n18 6 AND_1
        57 n19 7 AND_1
        58 n20 3 OR_0
        59 n21 5 MAJ_1
        60 n22 6 OR_0
        61 n23 7 AND_1
        62 n24 3 OR_0
        63 n25 4 MAJ_1
        64 n26 5 OR_0
        65 n27 6 MAJ_1
        66 n28 7 AND_1
        67 n29 9 OR_0
        68 n30 10 MAJ_1
        69 n31 11 OR_0
        70 n32 1 OR_0
        71 n33 2 MAJ_1
        72 n34 3 OR_0
        73 n35 3 OR_0
        74 n36 4 MAJ_1
        75 n37 5 AND_1
        76 n38 6 AND_1
        77 n39 5 MAJ_1
        78 n40 6 OR_0
        79 n41 8 OR_0
        80 n42 9 MAJ_1
        81 n43 10 AND_1
        82 n44 5 MAJ_1
        83 n45 6 AND_1
        84 n46 9 OR_0
        85 n47 11 MAJ_1
        86 n48 12 AND_1
        87 n49 3 AND_1
        88 n50 4 MAJ_1
        89 n51 5 AND_1
        90 n52 5 MAJ_1
        91 n53 6 AND_0
        92 n54 5 MAJ_1
        93 n55 6 AND_1
        94 n56 3 MAJ_0
        95 n57 3 MAJ_1
        96 n58 5 MAJ_1
        97 n59 8 OR_0
        98 n60 9 OR_0
        99 n61 10 MAJ_1
        100 n62 11 OR_0
        101 n63 3 MAJ_1
        102 n64 4 AND_1
        103 n65 4 MAJ_1
        104 n66 5 MAJ_1
        105 n67 8 OR_0
        106 n68 9 MAJ_1
        107 n69 10 OR_0
        108 n70 8 OR_0
        109 n71 11 MAJ_1
        110 n72 12 OR_0
        111 n73 10 MAJ_1
        112 n74 11 OR_0
        113 n75 9 OR_0
        114 n76 10 MAJ_1
        115 n77 11 OR_0
        116 n78 5 MAJ_0
        117 n79 6 AND_1
        118 n80 3 AND_0
        119 n81 4 MAJ_1
        120 n82 5 AND_1
        121 n83 7 OR_0
        122 n84 8 OR_0
        123 n85 3 AND_0
        124 n86 4 AND_1
        125 n87 3 AND_1
        126 n88 4 AND_1
        127 n89 5 MAJ_1
        128 n90 9 OR_0
        129 n91 10 MAJ_1
        130 n92 11 OR_0
        131 n93 9 OR_0
        132 n94 10 OR_0
        133 n95 4 AND_1
        134 n96 4 AND_1
        135 n97 4 MAJ_1
        136 n98 4 MAJ_0
        137 n99 5 MAJ_1
        138 v1 4 VIR
        139 v10 4 VIR
        140 v11 7 VIR
        141 v12 9 VIR
        142 v13 10 VIR
        143 v14 4 VIR
        144 v15 6 VIR
        145 v16 1 VIR
        146 v17 1 VIR
        147 v18 1 VIR
        148 v19 1 VIR
        149 v2 6 VIR
        150 v20 1 VIR
        151 v21 1 VIR
        152 v22 1 VIR
        153 v23 1 VIR
        154 v24 1 VIR
        155 v25 1 VIR
        156 v26 1 VIR
        157 v27 1 VIR
        158 v28 1 VIR
        159 v29 1 VIR
        160 v3 8 VIR
        161 v30 2 VIR
        162 v31 2 VIR
        163 v32 2 VIR
        164 v33 2 VIR
        165 v34 2 VIR
        166 v35 2 VIR
        167 v36 2 VIR
        168 v37 2 VIR
        169 v38 2 VIR
        170 v39 2 VIR
        171 v4 4 VIR
        172 v40 2 VIR
        173 v41 2 VIR
        174 v42 2 VIR
        175 v43 2 VIR
        176 v44 2 VIR
        177 v45 2 VIR
        178 v46 2 VIR
        179 v47 2 VIR
        180 v48 2 VIR
        181 v49 2 VIR
        182 v5 4 VIR
        183 v50 2 VIR
        184 v51 2 VIR
        185 v6 4 VIR
        186 v7 8 VIR
        187 v8 8 VIR
        188 v9 8 VIR
    ]
    edge:
    [
        4 70
        5 70
        1 145
        1 146
        1 147
        2 148
        2 150
        2 151
        3 152
        3 153
        3 154
        4 155
        5 156
        9 157
        9 158
        9 159
        6 71
        7 71
        70 71
        145 161
        145 162
        146 163
        146 164
        147 165
        147 166
        148 167
        148 168
        150 169
        150 170
        151 172
        151 173
        152 174
        152 175
        152 176
        153 177
        153 178
        154 179
        154 180
        157 181
        158 183
        159 184
        168 29
        177 29
        178 35
        158 35
        163 37
        178 37
        158 37
        164 44
        180 44
        162 50
        168 50
        148 53
        174 53
        145 58
        167 58
        174 62
        155 62
        70 72
        71 72
        161 73
        174 73
        161 87
        167 87
        162 94
        150 94
        181 94
        163 95
        170 95
        154 95
        146 101
        169 101
        177 101
        161 118
        167 118
        170 123
        159 123
        169 125
        177 125
        164 36
        172 36
        35 36
        172 38
        35 38
        37 38
        163 40
        29 40
        165 45
        173 45
        44 45
        166 48
        53 48
        166 49
        125 49
        153 51
        181 51
        50 51
        4 54
        5 54
        53 54
        156 63
        6 63
        62 63
        8 74
        72 74
        73 74
        176 88
        157 88
        87 88
        179 102
        101 102
        179 103
        183 103
        101 103
        175 119
        157 119
        118 119
        147 124
        123 124
        159 126
        125 126
        165 133
        125 133
        151 134
        94 134
        179 135
        184 135
        94 135
        164 136
        180 136
        29 136
        50 138
        73 139
        87 143
        58 171
        58 182
        58 185
        36 39
        38 39
        166 46
        45 46
        50 52
        51 52
        53 55
        54 55
        175 59
        155 59
        171 59
        62 64
        63 64
        73 75
        74 75
        8 77
        72 77
        139 77
        175 82
        155 82
        182 82
        87 89
        88 89
        180 90
        184 90
        143 90
        178 92
        183 92
        138 92
        138 96
        94 96
        95 96
        101 104
        102 104
        103 104
        176 116
        181 116
        182 116
        118 120
        119 120
        165 127
        172 127
        126 127
        134 137
        135 137
        136 137
        173 47
        45 47
        46 47
        6 56
        55 56
        171 60
        59 60
        7 65
        171 65
        64 65
        168 76
        75 76
        139 78
        77 78
        185 83
        82 83
        143 91
        90 91
        138 93
        92 93
        185 117
        116 117
        89 144
        52 149
        83 33
        120 33
        162 57
        56 57
        156 61
        60 61
        182 66
        65 66
        76 121
        120 121
        76 140
        140 34
        33 34
        57 79
        76 79
        66 97
        89 97
        57 105
        61 105
        52 108
        140 108
        117 122
        121 122
        57 160
        61 186
        61 187
        66 188
        40 41
        160 41
        52 67
        160 67
        169 80
        78 80
        79 80
        186 84
        188 84
        186 98
        97 98
        66 106
        89 106
        105 106
        149 113
        186 113
        188 128
        122 128
        160 131
        120 131
        79 141
        34 42
        39 42
        41 42
        187 68
        188 68
        67 68
        79 81
        80 81
        141 99
        96 99
        98 99
        105 107
        106 107
        84 111
        144 111
        93 111
        140 114
        144 114
        113 114
        124 129
        127 129
        128 129
        117 132
        131 132
        84 142
        187 30
        132 30
        41 43
        42 43
        67 69
        68 69
        81 85
        83 85
        84 85
        141 100
        99 100
        104 109
        107 109
        108 109
        142 112
        111 112
        113 115
        114 115
        128 130
        129 130
        133 31
        137 31
        30 31
        142 86
        85 86
        108 110
        109 110
        30 32
        31 32
        40 10
        69 11
        86 12
        83 13
        144 14
        91 15
        93 16
        149 17
        100 18
        110 19
        110 20
        112 21
        115 22
        130 23
        32 24
        43 25
        47 26
        48 27
        49 28
    ]
]
