circuit_name:misex1new_processed
[
    node:
    [
        1 x0 0 PI
        2 x1 0 PI
        3 x2 0 PI
        4 x3 0 PI
        5 x4 0 PI
        6 x5 0 PI
        7 x6 0 PI
        8 x7 0 PI
        9 y0 9 PO_0
        10 y1 9 PO_0
        11 y2 6 PO_1
        12 y3 9 PO_0
        13 y4 9 PO_1
        14 y5 9 PO_0
        15 y6 6 PO_0
        16 n10 3 AND_1
        17 n11 4 MAJ_0
        18 n12 5 MAJ_1
        19 n13 2 OR_0
        20 n14 3 MAJ_1
        21 n15 4 AND_1
        22 n16 3 OR_0
        23 n17 4 MAJ_1
        24 n18 5 AND_1
        25 n19 3 AND_1
        26 n20 4 MAJ_1
        27 n21 5 AND_1
        28 n22 6 OR_0
        29 n23 7 MAJ_1
        30 n24 8 OR_0
        31 n25 3 MAJ_1
        32 n26 3 MAJ_1
        33 n27 4 MAJ_1
        34 n28 3 AND_1
        35 n29 4 MAJ_0
        36 n30 5 AND_1
        37 n31 3 AND_0
        38 n32 4 MAJ_0
        39 n33 5 AND_1
        40 n34 6 OR_0
        41 n35 7 MAJ_1
        42 n36 8 OR_0
        43 n37 3 MAJ_1
        44 n38 3 AND_0
        45 n39 4 MAJ_1
        46 n40 4 MAJ_1
        47 n41 5 MAJ_1
        48 n42 3 AND_1
        49 n43 4 AND_1
        50 n44 3 OR_0
        51 n45 5 AND_0
        52 n46 6 AND_0
        53 n47 7 MAJ_1
        54 n48 8 OR_0
        55 n49 3 OR_0
        56 n50 2 OR_0
        57 n51 4 MAJ_1
        58 n52 5 OR_0
        59 n53 3 OR_0
        60 n54 4 AND_1
        61 n55 2 AND_1
        62 n56 3 MAJ_1
        63 n57 4 AND_1
        64 n58 5 OR_0
        65 n59 6 MAJ_1
        66 n60 7 AND_1
        67 n61 8 AND_1
        68 n62 3 AND_1
        69 n63 4 MAJ_1
        70 n64 5 AND_1
        71 n65 3 AND_1
        72 n66 3 AND_1
        73 n67 4 MAJ_1
        74 n68 5 MAJ_1
        75 n69 6 OR_0
        76 n70 7 MAJ_1
        77 n71 8 OR_0
        78 n72 3 MAJ_1
        79 n73 4 AND_1
        80 n74 4 MAJ_1
        81 n75 5 MAJ_1
        82 n9 3 AND_1
        83 v1 1 VIR
        84 v10 1 VIR
        85 v11 1 VIR
        86 v12 1 VIR
        87 v13 2 VIR
        88 v14 2 VIR
        89 v15 2 VIR
        90 v16 2 VIR
        91 v17 2 VIR
        92 v18 2 VIR
        93 v19 2 VIR
        94 v2 1 VIR
        95 v20 2 VIR
        96 v21 2 VIR
        97 v22 2 VIR
        98 v23 2 VIR
        99 v24 2 VIR
        100 v25 2 VIR
        101 v26 2 VIR
        102 v27 2 VIR
        103 v28 2 VIR
        104 v29 2 VIR
        105 v3 1 VIR
        106 v30 2 VIR
        107 v31 2 VIR
        108 v32 2 VIR
        109 v33 2 VIR
        110 v4 1 VIR
        111 v5 1 VIR
        112 v6 1 VIR
        113 v7 1 VIR
        114 v8 1 VIR
        115 v9 1 VIR
    ]
    edge:
    [
        5 83
        8 84
        8 85
        8 86
        5 94
        5 105
        6 110
        6 111
        6 112
        7 113
        7 114
        7 115
        2 19
        83 19
        3 56
        94 56
        4 61
        110 61
        83 87
        84 88
        84 89
        85 90
        85 91
        86 92
        86 93
        94 95
        105 96
        110 97
        110 98
        111 99
        111 100
        112 101
        112 102
        113 103
        113 104
        114 106
        114 107
        115 108
        115 109
        97 16
        84 16
        98 20
        104 20
        19 20
        4 22
        98 22
        83 25
        97 25
        111 31
        106 31
        85 31
        94 32
        99 32
        90 32
        3 34
        87 34
        2 37
        99 37
        105 43
        101 43
        93 43
        95 44
        92 44
        113 48
        88 48
        4 50
        95 50
        100 55
        106 55
        103 59
        88 59
        103 62
        88 62
        61 62
        87 68
        97 68
        101 71
        108 71
        95 72
        107 72
        105 78
        108 78
        93 78
        103 82
        89 82
        87 17
        104 17
        16 17
        19 21
        20 21
        107 23
        91 23
        22 23
        114 26
        89 26
        25 26
        82 33
        31 33
        32 33
        99 35
        90 35
        34 35
        115 38
        86 38
        37 38
        96 45
        109 45
        44 45
        102 46
        109 46
        44 46
        100 49
        48 49
        92 57
        55 57
        56 57
        112 60
        59 60
        61 63
        62 63
        106 69
        90 69
        68 69
        101 73
        92 73
        72 73
        96 79
        78 79
        96 80
        102 80
        78 80
        91 18
        82 18
        17 18
        22 24
        23 24
        25 27
        26 27
        34 36
        35 36
        37 39
        38 39
        43 47
        45 47
        46 47
        1 51
        49 51
        56 58
        57 58
        60 64
        63 64
        68 70
        69 70
        108 74
        71 74
        73 74
        78 81
        79 81
        80 81
        18 28
        21 28
        27 40
        33 40
        50 52
        51 52
        19 65
        63 65
        64 65
        36 75
        70 75
        24 29
        27 29
        28 29
        36 41
        39 41
        40 41
        21 53
        49 53
        52 53
        58 66
        65 66
        39 76
        74 76
        75 76
        28 30
        29 30
        40 42
        41 42
        27 54
        53 54
        18 67
        66 67
        75 77
        76 77
        30 9
        42 10
        47 11
        54 12
        67 13
        77 14
        81 15
    ]
]
