circuit_name:misex2new_processed
[
    node:
    [
        1 x0 0 PI
        2 x1 0 PI
        3 x2 0 PI
        4 x3 0 PI
        5 x4 0 PI
        6 x5 0 PI
        7 x6 0 PI
        8 x7 0 PI
        9 x8 0 PI
        10 x9 0 PI
        11 x10 0 PI
        12 x11 0 PI
        13 x12 0 PI
        14 x13 0 PI
        15 x14 0 PI
        16 x15 0 PI
        17 x16 0 PI
        18 x17 0 PI
        19 x18 0 PI
        20 x19 0 PI
        21 x20 0 PI
        22 x21 0 PI
        23 x22 0 PI
        24 x23 0 PI
        25 x24 0 PI
        26 y0 6 PO_0
        27 y1 4 PO_0
        28 y2 8 PO_0
        29 y3 9 PO_0
        30 y4 8 PO_0
        31 y5 7 PO_0
        32 y6 8 PO_0
        33 y7 8 PO_0
        34 y8 7 PO_0
        35 y9 9 PO_0
        36 y10 9 PO_0
        37 y11 8 PO_0
        38 y12 9 PO_0
        39 y13 8 PO_0
        40 y14 8 PO_0
        41 y15 11 PO_0
        42 y16 7 PO_0
        43 y17 9 PO_1
        44 n100 3 MAJ_1
        45 n101 4 AND_1
        46 n102 6 AND_0
        47 n103 6 OR_0
        48 n104 7 MAJ_0
        49 n105 6 OR_0
        50 n106 7 MAJ_1
        51 n107 8 AND_1
        52 n108 5 AND_0
        53 n109 3 MAJ_1
        54 n110 4 AND_0
        55 n111 6 OR_0
        56 n112 7 MAJ_0
        57 n113 6 OR_0
        58 n114 7 AND_1
        59 n115 2 AND_1
        60 n116 3 AND_0
        61 n117 4 AND_1
        62 n118 5 AND_0
        63 n119 3 AND_0
        64 n120 4 AND_0
        65 n121 2 OR_0
        66 n122 6 OR_0
        67 n123 7 MAJ_1
        68 n124 2 AND_0
        69 n125 3 MAJ_0
        70 n126 4 AND_1
        71 n127 1 AND_1
        72 n128 2 AND_0
        73 n129 3 MAJ_0
        74 n130 4 AND_1
        75 n131 5 AND_0
        76 n132 5 OR_0
        77 n133 6 MAJ_0
        78 n134 8 OR_0
        79 n135 9 MAJ_1
        80 n136 10 OR_0
        81 n137 2 AND_1
        82 n138 3 AND_0
        83 n139 4 MAJ_1
        84 n140 5 OR_0
        85 n141 6 MAJ_1
        86 n142 7 MAJ_1
        87 n143 8 OR_0
        88 n26 3 AND_1
        89 n27 4 AND_1
        90 n28 3 AND_1
        91 n29 3 OR_0
        92 n30 4 OR_0
        93 n31 2 AND_1
        94 n32 2 OR_0
        95 n33 5 AND_1
        96 n34 6 MAJ_1
        97 n35 7 AND_1
        98 n36 1 AND_1
        99 n37 5 MAJ_0
        100 n38 6 AND_1
        101 n39 3 AND_0
        102 n40 4 AND_0
        103 n41 2 AND_0
        104 n42 3 AND_1
        105 n43 4 AND_0
        106 n44 7 OR_0
        107 n45 8 MAJ_0
        108 n46 2 OR_0
        109 n47 6 MAJ_0
        110 n48 7 AND_1
        111 n49 5 AND_0
        112 n50 6 AND_0
        113 n51 3 AND_1
        114 n52 4 MAJ_0
        115 n53 5 AND_1
        116 n54 2 AND_0
        117 n55 6 MAJ_1
        118 n56 7 AND_0
        119 n57 1 AND_1
        120 n58 2 AND_0
        121 n59 3 AND_0
        122 n60 4 MAJ_1
        123 n61 5 AND_1
        124 n62 3 AND_1
        125 n63 6 OR_0
        126 n64 7 MAJ_0
        127 n65 5 MAJ_1
        128 n66 6 AND_0
        129 n67 2 OR_0
        130 n68 3 MAJ_1
        131 n69 4 OR_0
        132 n70 5 MAJ_1
        133 n71 6 AND_1
        134 n72 1 OR_0
        135 n73 2 AND_1
        136 n74 1 AND_1
        137 n75 2 AND_1
        138 n76 1 OR_0
        139 n77 3 MAJ_1
        140 n78 4 AND_1
        141 n79 5 AND_0
        142 n80 7 OR_0
        143 n81 8 MAJ_0
        144 n82 1 AND_1
        145 n83 2 AND_1
        146 n84 1 OR_0
        147 n85 3 MAJ_1
        148 n86 4 AND_1
        149 n87 2 OR_0
        150 n88 5 MAJ_0
        151 n89 6 AND_1
        152 n90 2 AND_1
        153 n91 7 MAJ_1
        154 n92 8 AND_0
        155 n93 2 AND_0
        156 n94 3 AND_1
        157 n95 1 AND_1
        158 n96 2 AND_1
        159 n97 4 AND_0
        160 n98 5 AND_1
        161 n99 1 AND_1
        162 v1 7 VIR
        163 v10 1 VIR
        164 v11 1 VIR
        165 v12 1 VIR
        166 v13 1 VIR
        167 v14 1 VIR
        168 v15 1 VIR
        169 v16 1 VIR
        170 v17 1 VIR
        171 v18 1 VIR
        172 v19 1 VIR
        173 v2 5 VIR
        174 v20 1 VIR
        175 v21 1 VIR
        176 v22 1 VIR
        177 v23 1 VIR
        178 v24 1 VIR
        179 v25 1 VIR
        180 v26 1 VIR
        181 v27 1 VIR
        182 v28 1 VIR
        183 v29 1 VIR
        184 v3 5 VIR
        185 v30 1 VIR
        186 v31 1 VIR
        187 v32 1 VIR
        188 v33 1 VIR
        189 v34 2 VIR
        190 v35 2 VIR
        191 v36 2 VIR
        192 v37 2 VIR
        193 v38 2 VIR
        194 v39 2 VIR
        195 v4 3 VIR
        196 v40 2 VIR
        197 v41 2 VIR
        198 v5 6 VIR
        199 v6 4 VIR
        200 v7 3 VIR
        201 v8 2 VIR
        202 v9 1 VIR
    ]
    edge:
    [
        24 71
        25 71
        18 98
        19 98
        12 119
        13 119
        22 134
        23 134
        13 136
        14 136
        15 138
        16 138
        5 144
        6 144
        7 146
        8 146
        21 157
        22 157
        15 161
        16 161
        1 163
        1 164
        2 165
        2 166
        2 167
        11 168
        11 169
        11 170
        12 171
        13 172
        18 174
        18 175
        19 176
        20 177
        20 178
        20 179
        3 180
        3 181
        3 182
        23 183
        25 185
        10 186
        10 187
        10 188
        1 202
        165 59
        180 59
        168 65
        185 65
        187 68
        174 68
        177 72
        71 72
        181 81
        169 81
        169 93
        174 93
        176 94
        178 94
        169 103
        171 103
        170 108
        174 108
        164 116
        167 116
        168 120
        119 120
        177 129
        21 129
        21 135
        134 135
        12 137
        136 137
        4 145
        144 145
        202 149
        165 149
        175 152
        176 152
        166 155
        19 155
        177 158
        157 158
        163 189
        164 190
        165 191
        166 192
        180 193
        186 194
        187 196
        202 197
        161 201
        17 44
        137 44
        161 44
        17 53
        137 53
        161 53
        202 60
        59 60
        191 63
        186 63
        178 69
        185 69
        68 69
        186 73
        149 73
        72 73
        167 82
        81 82
        191 88
        180 88
        163 90
        192 90
        166 91
        193 91
        192 101
        181 101
        188 104
        103 104
        194 113
        168 113
        189 121
        193 121
        190 124
        167 124
        22 130
        23 130
        129 130
        17 139
        137 139
        138 139
        9 147
        145 147
        146 147
        189 156
        155 156
        94 195
        149 200
        201 45
        44 45
        201 54
        53 54
        25 61
        60 61
        197 64
        63 64
        68 70
        69 70
        149 74
        73 74
        190 83
        182 83
        82 83
        197 89
        88 89
        163 92
        91 92
        164 102
        101 102
        172 105
        104 105
        171 114
        172 114
        113 114
        196 122
        120 122
        121 122
        129 131
        130 131
        138 140
        139 140
        146 148
        147 148
        156 159
        158 159
        113 199
        183 52
        159 52
        194 62
        61 62
        187 75
        89 75
        71 76
        74 76
        179 84
        83 84
        196 95
        92 95
        178 99
        92 99
        98 99
        170 111
        102 111
        113 115
        114 115
        121 123
        122 123
        171 127
        102 127
        199 127
        176 132
        90 132
        131 132
        89 141
        140 141
        181 150
        148 150
        200 150
        183 160
        159 160
        89 173
        92 184
        173 46
        135 46
        160 47
        45 47
        188 49
        184 49
        52 55
        54 55
        179 57
        184 57
        62 66
        64 66
        74 77
        75 77
        76 77
        91 85
        83 85
        84 85
        93 96
        94 96
        95 96
        98 100
        99 100
        94 109
        95 109
        108 109
        188 112
        111 112
        182 117
        115 117
        116 117
        182 125
        123 125
        199 128
        127 128
        90 133
        132 133
        200 151
        150 151
        95 198
        160 48
        46 48
        47 48
        93 50
        195 50
        49 50
        46 56
        52 56
        55 56
        175 58
        57 58
        62 67
        65 67
        66 67
        195 86
        108 86
        49 86
        198 97
        96 97
        100 106
        102 106
        198 110
        109 110
        116 118
        117 118
        123 126
        124 126
        125 126
        133 142
        135 142
        179 153
        151 153
        152 153
        49 162
        162 51
        50 51
        67 78
        77 78
        162 87
        86 87
        100 107
        105 107
        106 107
        133 143
        141 143
        142 143
        152 154
        153 154
        184 79
        70 79
        78 79
        78 80
        79 80
        173 26
        90 27
        97 28
        107 29
        110 30
        112 31
        118 32
        126 33
        128 34
        143 35
        154 36
        48 37
        51 38
        56 39
        58 40
        80 41
        85 42
        87 43
    ]
]
