circuit_name:my_addernew_processed
[
    node:
    [
        1 x0 0 PI
        2 x1 0 PI
        3 x2 0 PI
        4 x3 0 PI
        5 x4 0 PI
        6 x5 0 PI
        7 x6 0 PI
        8 x7 0 PI
        9 x8 0 PI
        10 x9 0 PI
        11 x10 0 PI
        12 x11 0 PI
        13 x12 0 PI
        14 x13 0 PI
        15 x14 0 PI
        16 x15 0 PI
        17 x16 0 PI
        18 x17 0 PI
        19 x18 0 PI
        20 x19 0 PI
        21 x20 0 PI
        22 x21 0 PI
        23 x22 0 PI
        24 x23 0 PI
        25 x24 0 PI
        26 x25 0 PI
        27 x26 0 PI
        28 x27 0 PI
        29 x28 0 PI
        30 x29 0 PI
        31 x30 0 PI
        32 x31 0 PI
        33 x32 0 PI
        34 y0 19 PO_0
        35 y1 18 PO_0
        36 y2 17 PO_0
        37 y3 16 PO_0
        38 y4 15 PO_0
        39 y5 14 PO_0
        40 y6 13 PO_0
        41 y7 12 PO_0
        42 y8 11 PO_0
        43 y9 10 PO_0
        44 y10 9 PO_0
        45 y11 8 PO_0
        46 y12 7 PO_0
        47 y13 6 PO_0
        48 y14 5 PO_0
        49 y15 4 PO_0
        50 y16 17 PO_0
        51 n34 1 MAJ_0
        52 n35 2 MAJ_0
        53 n36 3 MAJ_0
        54 n37 4 MAJ_0
        55 n38 5 MAJ_0
        56 n39 6 MAJ_0
        57 n40 7 MAJ_0
        58 n41 8 MAJ_0
        59 n42 9 MAJ_0
        60 n43 10 MAJ_0
        61 n44 11 MAJ_0
        62 n45 12 MAJ_0
        63 n46 13 MAJ_0
        64 n47 14 MAJ_0
        65 n48 15 MAJ_0
        66 n49 16 MAJ_1
        67 n50 17 MAJ_1
        68 n51 18 MAJ_1
        69 n52 15 MAJ_1
        70 n53 16 MAJ_1
        71 n54 17 MAJ_1
        72 n55 14 MAJ_1
        73 n56 15 MAJ_1
        74 n57 16 MAJ_1
        75 n58 13 MAJ_1
        76 n59 14 MAJ_1
        77 n60 15 MAJ_1
        78 n61 12 MAJ_1
        79 n62 13 MAJ_1
        80 n63 14 MAJ_1
        81 n64 11 MAJ_1
        82 n65 12 MAJ_1
        83 n66 13 MAJ_1
        84 n67 10 MAJ_1
        85 n68 11 MAJ_1
        86 n69 12 MAJ_1
        87 n70 9 MAJ_1
        88 n71 10 MAJ_1
        89 n72 11 MAJ_1
        90 n73 8 MAJ_1
        91 n74 9 MAJ_1
        92 n75 10 MAJ_1
        93 n76 7 MAJ_1
        94 n77 8 MAJ_1
        95 n78 9 MAJ_1
        96 n79 6 MAJ_1
        97 n80 7 MAJ_1
        98 n81 8 MAJ_1
        99 n82 5 MAJ_1
        100 n83 6 MAJ_1
        101 n84 7 MAJ_1
        102 n85 4 MAJ_1
        103 n86 5 MAJ_1
        104 n87 6 MAJ_1
        105 n88 3 MAJ_1
        106 n89 4 MAJ_1
        107 n90 5 MAJ_1
        108 n91 2 MAJ_1
        109 n92 3 MAJ_1
        110 n93 4 MAJ_1
        111 n94 1 MAJ_1
        112 n95 2 MAJ_1
        113 n96 3 MAJ_1
        114 n97 16 MAJ_0
    ]
    edge:
    [
        1 51
        12 51
        14 51
        1 111
        12 111
        14 111
        10 52
        33 52
        51 52
        10 108
        33 108
        51 108
        1 112
        12 112
        111 112
        8 53
        32 53
        52 53
        8 105
        32 105
        52 105
        10 109
        33 109
        108 109
        14 113
        111 113
        112 113
        6 54
        31 54
        53 54
        6 102
        31 102
        53 102
        8 106
        32 106
        105 106
        51 110
        108 110
        109 110
        4 55
        30 55
        54 55
        4 99
        30 99
        54 99
        6 103
        31 103
        102 103
        52 107
        105 107
        106 107
        2 56
        29 56
        55 56
        2 96
        29 96
        55 96
        4 100
        30 100
        99 100
        53 104
        102 104
        103 104
        18 57
        28 57
        56 57
        18 93
        28 93
        56 93
        2 97
        29 97
        96 97
        54 101
        99 101
        100 101
        17 58
        27 58
        57 58
        17 90
        27 90
        57 90
        18 94
        28 94
        93 94
        55 98
        96 98
        97 98
        16 59
        26 59
        58 59
        16 87
        26 87
        58 87
        17 91
        27 91
        90 91
        56 95
        93 95
        94 95
        15 60
        25 60
        59 60
        15 84
        25 84
        59 84
        16 88
        26 88
        87 88
        57 92
        90 92
        91 92
        13 61
        24 61
        60 61
        13 81
        24 81
        60 81
        15 85
        25 85
        84 85
        58 89
        87 89
        88 89
        11 62
        23 62
        61 62
        11 78
        23 78
        61 78
        13 82
        24 82
        81 82
        59 86
        84 86
        85 86
        9 63
        22 63
        62 63
        9 75
        22 75
        62 75
        11 79
        23 79
        78 79
        60 83
        81 83
        82 83
        7 64
        21 64
        63 64
        7 72
        21 72
        63 72
        9 76
        22 76
        75 76
        61 80
        78 80
        79 80
        5 65
        20 65
        64 65
        5 69
        20 69
        64 69
        7 73
        21 73
        72 73
        62 77
        75 77
        76 77
        3 66
        19 66
        65 66
        5 70
        20 70
        69 70
        63 74
        72 74
        73 74
        3 114
        19 114
        65 114
        3 67
        19 67
        66 67
        64 71
        69 71
        70 71
        65 68
        66 68
        67 68
        68 34
        71 35
        74 36
        77 37
        80 38
        83 39
        86 40
        89 41
        92 42
        95 43
        98 44
        101 45
        104 46
        107 47
        110 48
        113 49
        114 50
    ]
]
