circuit_name:rd73new_processed
[
    node:
    [
        1 x0 0 PI
        2 x1 0 PI
        3 x2 0 PI
        4 x3 0 PI
        5 x4 0 PI
        6 x5 0 PI
        7 x6 0 PI
        8 y0 26 PO_0
        9 y1 20 PO_0
        10 y2 21 PO_0
        11 n10 8 AND_0
        12 n100 9 OR_0
        13 n101 10 MAJ_0
        14 n102 11 OR_0
        15 n103 12 MAJ_0
        16 n104 13 OR_0
        17 n105 14 OR_0
        18 n106 15 MAJ_0
        19 n107 16 OR_0
        20 n108 4 OR_0
        21 n109 6 MAJ_0
        22 n11 3 AND_0
        23 n110 7 AND_1
        24 n111 4 AND_1
        25 n112 8 AND_0
        26 n113 9 OR_0
        27 n114 10 MAJ_0
        28 n115 7 AND_0
        29 n116 8 OR_0
        30 n117 9 MAJ_0
        31 n118 8 AND_0
        32 n119 10 OR_0
        33 n12 4 AND_0
        34 n120 9 AND_0
        35 n121 10 OR_0
        36 n122 11 MAJ_1
        37 n123 12 OR_0
        38 n124 13 MAJ_0
        39 n125 14 OR_0
        40 n126 15 OR_0
        41 n127 16 MAJ_0
        42 n128 17 OR_0
        43 n129 3 AND_1
        44 n13 4 AND_1
        45 n130 9 MAJ_1
        46 n131 10 AND_1
        47 n132 9 AND_1
        48 n133 10 AND_1
        49 n134 11 MAJ_1
        50 n135 3 OR_0
        51 n136 8 MAJ_0
        52 n137 9 AND_1
        53 n138 9 AND_1
        54 n139 10 AND_1
        55 n14 6 MAJ_1
        56 n140 11 MAJ_1
        57 n141 4 OR_0
        58 n142 5 OR_0
        59 n143 6 MAJ_1
        60 n144 7 MAJ_1
        61 n145 8 AND_1
        62 n146 12 OR_0
        63 n147 13 MAJ_0
        64 n148 14 OR_0
        65 n149 9 AND_0
        66 n15 7 AND_1
        67 n150 10 OR_0
        68 n151 11 MAJ_1
        69 n152 5 AND_1
        70 n153 6 MAJ_1
        71 n154 6 MAJ_1
        72 n155 7 AND_0
        73 n156 7 AND_0
        74 n157 8 OR_0
        75 n158 9 MAJ_0
        76 n159 6 AND_0
        77 n16 2 AND_1
        78 n160 10 OR_0
        79 n161 11 MAJ_0
        80 n162 12 OR_0
        81 n163 13 MAJ_0
        82 n164 14 OR_0
        83 n165 15 OR_0
        84 n166 16 MAJ_0
        85 n167 17 OR_0
        86 n168 18 OR_0
        87 n169 19 MAJ_1
        88 n17 3 AND_0
        89 n170 20 OR_0
        90 n171 8 AND_1
        91 n172 9 AND_1
        92 n173 8 AND_1
        93 n174 9 AND_1
        94 n175 10 MAJ_1
        95 n176 8 MAJ_1
        96 n177 9 AND_1
        97 n178 7 AND_1
        98 n179 8 AND_0
        99 n18 6 MAJ_1
        100 n180 10 MAJ_1
        101 n181 11 OR_0
        102 n182 12 MAJ_0
        103 n183 13 OR_0
        104 n184 14 OR_0
        105 n185 15 MAJ_1
        106 n186 16 OR_0
        107 n187 21 OR_0
        108 n188 22 MAJ_1
        109 n189 23 OR_0
        110 n19 7 AND_0
        111 n190 19 OR_0
        112 n191 24 MAJ_1
        113 n192 25 OR_0
        114 n193 7 MAJ_1
        115 n194 8 AND_0
        116 n195 3 AND_0
        117 n196 4 AND_0
        118 n197 3 AND_0
        119 n198 4 AND_0
        120 n199 5 AND_1
        121 n20 8 AND_0
        122 n200 6 AND_1
        123 n201 9 MAJ_1
        124 n202 4 AND_0
        125 n203 3 OR_0
        126 n204 5 AND_0
        127 n205 6 MAJ_0
        128 n206 4 AND_0
        129 n207 5 AND_0
        130 n208 6 MAJ_0
        131 n209 7 AND_0
        132 n21 9 OR_0
        133 n210 5 AND_0
        134 n211 5 AND_0
        135 n212 3 AND_0
        136 n213 4 AND_0
        137 n214 6 OR_0
        138 n215 6 AND_0
        139 n216 7 MAJ_0
        140 n217 7 MAJ_1
        141 n218 8 AND_0
        142 n219 5 AND_0
        143 n22 10 MAJ_0
        144 n220 7 AND_0
        145 n221 8 OR_0
        146 n222 9 MAJ_0
        147 n223 3 AND_0
        148 n224 5 MAJ_1
        149 n225 6 AND_0
        150 n226 7 AND_1
        151 n227 8 AND_1
        152 n228 9 MAJ_1
        153 n229 9 OR_0
        154 n23 6 MAJ_1
        155 n230 10 MAJ_1
        156 n231 11 OR_0
        157 n232 4 AND_0
        158 n233 5 MAJ_1
        159 n234 6 AND_0
        160 n235 7 MAJ_1
        161 n236 8 AND_0
        162 n237 9 OR_0
        163 n238 10 MAJ_0
        164 n239 11 OR_0
        165 n24 7 AND_1
        166 n240 6 AND_1
        167 n241 7 AND_0
        168 n242 8 MAJ_0
        169 n243 4 AND_0
        170 n244 7 MAJ_1
        171 n245 8 AND_0
        172 n246 6 AND_1
        173 n247 7 AND_1
        174 n248 9 MAJ_1
        175 n249 10 OR_0
        176 n25 3 AND_1
        177 n250 11 MAJ_0
        178 n251 12 OR_0
        179 n252 7 MAJ_1
        180 n253 8 AND_0
        181 n254 7 MAJ_1
        182 n255 8 AND_0
        183 n256 9 OR_0
        184 n257 10 MAJ_0
        185 n258 11 OR_0
        186 n259 4 AND_0
        187 n26 8 MAJ_1
        188 n260 5 MAJ_1
        189 n261 6 AND_0
        190 n262 10 OR_0
        191 n263 11 MAJ_0
        192 n264 12 OR_0
        193 n265 7 MAJ_1
        194 n266 8 AND_0
        195 n267 7 MAJ_1
        196 n268 8 AND_0
        197 n269 5 AND_0
        198 n27 9 AND_0
        199 n270 9 OR_0
        200 n271 13 OR_0
        201 n272 14 MAJ_1
        202 n273 15 OR_0
        203 n274 12 OR_0
        204 n275 16 MAJ_1
        205 n276 17 OR_0
        206 n277 10 OR_0
        207 n278 18 MAJ_1
        208 n279 19 OR_0
        209 n28 3 OR_0
        210 n280 6 MAJ_1
        211 n281 7 AND_1
        212 n282 4 AND_1
        213 n283 5 AND_1
        214 n284 5 AND_0
        215 n285 3 OR_0
        216 n286 6 MAJ_1
        217 n287 7 AND_1
        218 n288 8 OR_0
        219 n289 9 MAJ_0
        220 n29 6 MAJ_0
        221 n290 10 OR_0
        222 n291 4 OR_0
        223 n292 4 AND_1
        224 n293 5 AND_1
        225 n294 6 AND_0
        226 n295 7 OR_0
        227 n296 8 MAJ_1
        228 n297 6 OR_0
        229 n298 9 OR_0
        230 n299 10 MAJ_1
        231 n30 7 AND_1
        232 n300 4 AND_1
        233 n301 5 AND_1
        234 n302 5 AND_1
        235 n303 6 MAJ_1
        236 n304 7 AND_1
        237 n305 6 AND_1
        238 n306 7 AND_1
        239 n307 8 MAJ_1
        240 n308 7 MAJ_0
        241 n309 8 AND_1
        242 n31 9 AND_1
        243 n310 6 MAJ_0
        244 n311 7 AND_1
        245 n312 9 OR_0
        246 n313 10 MAJ_0
        247 n314 11 OR_0
        248 n315 4 AND_1
        249 n316 7 MAJ_1
        250 n317 8 AND_1
        251 n318 7 AND_0
        252 n319 8 OR_0
        253 n32 10 AND_1
        254 n320 9 MAJ_0
        255 n321 12 OR_0
        256 n322 13 MAJ_1
        257 n323 14 OR_0
        258 n324 4 AND_1
        259 n325 4 AND_1
        260 n326 5 AND_0
        261 n327 7 AND_0
        262 n328 8 OR_0
        263 n329 9 MAJ_0
        264 n33 11 MAJ_1
        265 n330 7 MAJ_1
        266 n331 8 AND_0
        267 n332 5 AND_0
        268 n333 6 AND_0
        269 n334 7 OR_0
        270 n335 8 MAJ_0
        271 n336 4 AND_1
        272 n337 6 MAJ_1
        273 n338 7 AND_1
        274 n339 6 AND_1
        275 n34 3 AND_1
        276 n340 7 OR_0
        277 n341 8 MAJ_0
        278 n342 9 OR_0
        279 n343 10 MAJ_1
        280 n344 11 OR_0
        281 n345 12 OR_0
        282 n346 13 MAJ_0
        283 n347 14 OR_0
        284 n348 7 AND_1
        285 n349 8 OR_0
        286 n35 4 AND_0
        287 n350 9 MAJ_1
        288 n351 5 MAJ_0
        289 n352 6 AND_1
        290 n353 7 AND_1
        291 n354 8 AND_1
        292 n355 9 MAJ_1
        293 n356 4 AND_0
        294 n357 7 AND_0
        295 n358 8 OR_0
        296 n359 9 MAJ_0
        297 n36 7 MAJ_1
        298 n360 10 OR_0
        299 n361 11 MAJ_0
        300 n362 12 OR_0
        301 n363 13 OR_0
        302 n364 14 MAJ_0
        303 n365 15 OR_0
        304 n366 4 AND_1
        305 n367 6 MAJ_0
        306 n368 7 AND_1
        307 n369 5 OR_0
        308 n37 8 AND_1
        309 n370 6 OR_0
        310 n371 8 MAJ_1
        311 n372 3 OR_0
        312 n373 4 AND_1
        313 n374 7 MAJ_1
        314 n375 8 AND_1
        315 n376 3 AND_1
        316 n377 6 MAJ_1
        317 n378 7 AND_1
        318 n379 9 OR_0
        319 n38 7 MAJ_0
        320 n380 10 MAJ_0
        321 n381 11 OR_0
        322 n382 4 AND_1
        323 n383 5 AND_0
        324 n384 6 AND_1
        325 n385 7 OR_0
        326 n386 8 MAJ_1
        327 n387 12 OR_0
        328 n388 13 MAJ_0
        329 n389 14 OR_0
        330 n39 8 AND_1
        331 n390 16 OR_0
        332 n391 17 MAJ_1
        333 n392 18 OR_0
        334 n393 11 OR_0
        335 n394 19 MAJ_1
        336 n395 20 OR_0
        337 n40 9 AND_0
        338 n41 10 OR_0
        339 n42 11 MAJ_0
        340 n43 12 OR_0
        341 n44 13 MAJ_0
        342 n45 14 OR_0
        343 n46 15 OR_0
        344 n47 16 MAJ_0
        345 n48 17 OR_0
        346 n49 6 MAJ_0
        347 n50 7 AND_1
        348 n51 4 AND_1
        349 n52 5 AND_0
        350 n53 4 AND_1
        351 n54 3 AND_1
        352 n55 6 MAJ_0
        353 n56 6 MAJ_1
        354 n57 7 AND_0
        355 n58 7 MAJ_1
        356 n59 8 AND_1
        357 n60 8 AND_0
        358 n61 9 OR_0
        359 n62 10 MAJ_0
        360 n63 5 AND_1
        361 n64 3 AND_1
        362 n65 5 MAJ_1
        363 n66 6 AND_1
        364 n67 8 AND_0
        365 n68 9 OR_0
        366 n69 10 MAJ_0
        367 n70 6 AND_1
        368 n71 11 OR_0
        369 n72 12 MAJ_0
        370 n73 13 OR_0
        371 n74 14 MAJ_0
        372 n75 15 OR_0
        373 n76 16 OR_0
        374 n77 17 MAJ_0
        375 n78 18 OR_0
        376 n79 6 MAJ_1
        377 n8 4 AND_0
        378 n80 7 AND_0
        379 n81 3 OR_0
        380 n82 4 AND_1
        381 n83 10 AND_0
        382 n84 11 OR_0
        383 n85 12 MAJ_0
        384 n86 5 MAJ_1
        385 n87 6 OR_0
        386 n88 5 MAJ_1
        387 n89 6 AND_1
        388 n9 7 MAJ_1
        389 n90 6 MAJ_1
        390 n91 7 AND_1
        391 n92 7 AND_0
        392 n93 8 OR_0
        393 n94 9 MAJ_0
        394 n95 7 AND_1
        395 n96 10 OR_0
        396 n97 5 MAJ_1
        397 n98 6 AND_1
        398 n99 8 AND_0
        399 v1 9 VIR
        400 v10 5 VIR
        401 v100 6 VIR
        402 v101 6 VIR
        403 v102 6 VIR
        404 v103 6 VIR
        405 v104 6 VIR
        406 v105 6 VIR
        407 v106 6 VIR
        408 v107 6 VIR
        409 v108 6 VIR
        410 v109 6 VIR
        411 v11 5 VIR
        412 v110 2 VIR
        413 v111 2 VIR
        414 v112 2 VIR
        415 v113 2 VIR
        416 v114 2 VIR
        417 v115 2 VIR
        418 v116 2 VIR
        419 v117 2 VIR
        420 v118 2 VIR
        421 v119 2 VIR
        422 v12 5 VIR
        423 v120 2 VIR
        424 v121 2 VIR
        425 v122 2 VIR
        426 v123 2 VIR
        427 v124 2 VIR
        428 v125 2 VIR
        429 v126 2 VIR
        430 v127 2 VIR
        431 v128 2 VIR
        432 v129 2 VIR
        433 v13 5 VIR
        434 v130 2 VIR
        435 v131 2 VIR
        436 v132 2 VIR
        437 v133 2 VIR
        438 v134 6 VIR
        439 v135 2 VIR
        440 v136 2 VIR
        441 v137 2 VIR
        442 v138 2 VIR
        443 v139 2 VIR
        444 v14 5 VIR
        445 v140 2 VIR
        446 v141 2 VIR
        447 v142 2 VIR
        448 v143 2 VIR
        449 v144 2 VIR
        450 v145 2 VIR
        451 v146 2 VIR
        452 v147 2 VIR
        453 v148 2 VIR
        454 v149 2 VIR
        455 v15 4 VIR
        456 v150 2 VIR
        457 v151 2 VIR
        458 v152 2 VIR
        459 v153 2 VIR
        460 v154 2 VIR
        461 v155 2 VIR
        462 v156 2 VIR
        463 v157 2 VIR
        464 v158 2 VIR
        465 v159 2 VIR
        466 v16 6 VIR
        467 v160 2 VIR
        468 v161 2 VIR
        469 v162 2 VIR
        470 v163 2 VIR
        471 v164 2 VIR
        472 v165 2 VIR
        473 v166 6 VIR
        474 v167 6 VIR
        475 v168 3 VIR
        476 v169 3 VIR
        477 v17 6 VIR
        478 v170 3 VIR
        479 v171 3 VIR
        480 v172 3 VIR
        481 v173 3 VIR
        482 v174 3 VIR
        483 v175 3 VIR
        484 v176 3 VIR
        485 v177 3 VIR
        486 v178 3 VIR
        487 v179 3 VIR
        488 v18 4 VIR
        489 v180 3 VIR
        490 v181 3 VIR
        491 v182 3 VIR
        492 v183 3 VIR
        493 v184 3 VIR
        494 v185 3 VIR
        495 v186 3 VIR
        496 v19 4 VIR
        497 v2 5 VIR
        498 v20 4 VIR
        499 v21 8 VIR
        500 v22 5 VIR
        501 v23 6 VIR
        502 v24 4 VIR
        503 v25 8 VIR
        504 v26 4 VIR
        505 v27 4 VIR
        506 v28 4 VIR
        507 v29 6 VIR
        508 v3 5 VIR
        509 v30 4 VIR
        510 v31 4 VIR
        511 v32 4 VIR
        512 v33 5 VIR
        513 v34 8 VIR
        514 v35 6 VIR
        515 v36 5 VIR
        516 v37 6 VIR
        517 v38 5 VIR
        518 v39 5 VIR
        519 v4 5 VIR
        520 v40 5 VIR
        521 v41 5 VIR
        522 v42 5 VIR
        523 v43 5 VIR
        524 v44 4 VIR
        525 v45 4 VIR
        526 v46 4 VIR
        527 v47 9 VIR
        528 v48 6 VIR
        529 v49 6 VIR
        530 v5 4 VIR
        531 v50 4 VIR
        532 v51 4 VIR
        533 v52 4 VIR
        534 v53 5 VIR
        535 v54 5 VIR
        536 v55 5 VIR
        537 v56 8 VIR
        538 v57 5 VIR
        539 v58 5 VIR
        540 v59 5 VIR
        541 v6 5 VIR
        542 v60 8 VIR
        543 v61 7 VIR
        544 v62 1 VIR
        545 v63 1 VIR
        546 v64 1 VIR
        547 v65 1 VIR
        548 v66 1 VIR
        549 v67 1 VIR
        550 v68 1 VIR
        551 v69 1 VIR
        552 v7 5 VIR
        553 v70 1 VIR
        554 v71 1 VIR
        555 v72 1 VIR
        556 v73 1 VIR
        557 v74 1 VIR
        558 v75 1 VIR
        559 v76 1 VIR
        560 v77 1 VIR
        561 v78 1 VIR
        562 v79 1 VIR
        563 v8 5 VIR
        564 v80 1 VIR
        565 v81 1 VIR
        566 v82 1 VIR
        567 v83 6 VIR
        568 v84 6 VIR
        569 v85 6 VIR
        570 v86 5 VIR
        571 v87 5 VIR
        572 v88 6 VIR
        573 v89 5 VIR
        574 v9 5 VIR
        575 v90 5 VIR
        576 v91 5 VIR
        577 v92 6 VIR
        578 v93 5 VIR
        579 v94 5 VIR
        580 v95 5 VIR
        581 v96 5 VIR
        582 v97 6 VIR
        583 v98 6 VIR
        584 v99 6 VIR
    ]
    edge:
    [
        1 544
        1 545
        1 546
        2 547
        2 548
        2 549
        3 550
        3 551
        3 553
        4 554
        4 555
        4 556
        5 557
        5 558
        5 559
        6 560
        6 561
        6 562
        7 564
        7 565
        7 566
        560 77
        564 77
        544 412
        544 413
        544 414
        545 415
        545 416
        545 417
        546 418
        546 419
        546 420
        547 421
        547 423
        547 424
        548 425
        548 426
        548 427
        549 428
        549 429
        549 430
        550 431
        550 432
        550 434
        551 435
        551 436
        551 437
        553 439
        553 440
        553 441
        554 442
        554 443
        554 445
        555 446
        555 447
        555 448
        556 449
        556 450
        556 451
        557 452
        557 453
        557 454
        558 456
        558 457
        558 458
        559 459
        559 460
        560 461
        560 462
        561 463
        561 464
        562 465
        562 467
        564 468
        564 469
        565 470
        565 471
        566 472
        461 22
        468 22
        458 43
        463 43
        454 50
        462 50
        456 88
        77 88
        451 116
        459 116
        457 118
        565 118
        423 125
        445 125
        454 135
        462 135
        425 147
        436 147
        457 176
        561 176
        412 209
        421 209
        435 215
        456 215
        461 275
        468 275
        427 311
        439 311
        437 315
        457 315
        452 351
        77 351
        412 361
        421 361
        461 379
        468 379
        412 475
        431 476
        432 478
        434 479
        435 480
        436 481
        437 482
        439 483
        440 484
        441 485
        442 486
        443 487
        445 489
        446 490
        447 491
        448 492
        449 493
        450 494
        451 495
        453 20
        379 20
        453 24
        275 24
        456 33
        22 33
        475 44
        423 44
        478 57
        487 57
        485 117
        116 117
        495 119
        118 119
        437 124
        118 124
        481 128
        491 128
        480 136
        135 136
        423 157
        489 157
        493 169
        135 169
        414 186
        481 186
        425 212
        491 212
        419 222
        125 222
        440 223
        493 223
        426 232
        492 232
        485 248
        460 248
        441 258
        43 258
        413 259
        125 259
        481 271
        463 271
        452 286
        275 286
        415 293
        147 293
        441 304
        135 304
        417 312
        311 312
        427 322
        482 322
        478 348
        487 348
        452 350
        22 350
        475 377
        421 377
        453 380
        379 380
        50 455
        88 488
        88 496
        88 498
        147 502
        209 504
        209 505
        209 506
        215 509
        215 510
        215 511
        351 524
        351 525
        351 526
        22 530
        361 531
        361 532
        361 533
        414 58
        57 58
        413 69
        57 69
        420 120
        119 120
        430 126
        119 126
        430 129
        128 129
        449 133
        530 133
        416 134
        530 134
        439 142
        530 142
        493 148
        464 148
        502 148
        459 158
        464 158
        157 158
        492 188
        470 188
        186 188
        420 197
        124 197
        415 213
        212 213
        418 214
        212 214
        429 224
        223 224
        416 233
        232 233
        484 234
        455 234
        415 260
        128 260
        414 267
        157 267
        462 288
        509 288
        259 288
        222 307
        304 307
        417 323
        322 323
        416 349
        348 349
        413 360
        348 360
        480 362
        447 362
        532 362
        435 384
        490 384
        505 384
        431 386
        442 386
        504 386
        431 396
        442 396
        531 396
        33 400
        33 411
        44 422
        44 433
        44 444
        20 497
        136 500
        20 508
        222 512
        259 515
        286 517
        286 518
        20 519
        286 520
        350 521
        350 522
        350 523
        377 534
        377 535
        377 536
        380 538
        380 539
        380 540
        24 541
        24 552
        24 563
        488 570
        496 571
        504 573
        33 574
        505 575
        506 576
        524 578
        525 579
        526 580
        531 581
        432 21
        443 21
        581 21
        479 55
        489 55
        433 55
        426 59
        578 59
        58 59
        424 70
        497 70
        69 70
        424 71
        541 71
        69 71
        424 76
        360 76
        476 99
        486 99
        422 99
        117 122
        120 122
        124 127
        125 127
        126 127
        460 130
        472 130
        129 130
        134 137
        136 137
        428 138
        133 138
        502 149
        148 149
        476 154
        486 154
        422 154
        157 159
        158 159
        465 166
        133 166
        417 172
        500 172
        186 189
        188 189
        484 210
        444 210
        540 210
        465 216
        214 216
        510 216
        434 220
        446 220
        573 220
        563 225
        224 225
        495 228
        519 228
        484 235
        571 235
        576 235
        233 237
        234 237
        566 243
        509 243
        233 243
        136 268
        267 268
        470 272
        515 272
        271 272
        488 274
        58 274
        509 289
        288 289
        467 305
        213 305
        511 305
        498 309
        307 309
        471 316
        213 316
        315 316
        508 324
        323 324
        480 346
        447 346
        433 346
        429 352
        349 352
        526 352
        429 353
        349 353
        523 353
        533 363
        362 363
        427 367
        570 367
        432 376
        443 376
        581 376
        575 385
        384 385
        504 387
        386 387
        478 389
        445 389
        573 389
        531 397
        396 397
        535 401
        535 402
        535 403
        536 404
        536 405
        536 406
        538 407
        539 408
        540 409
        541 410
        552 438
        58 466
        574 473
        574 474
        69 477
        142 501
        213 507
        233 514
        267 516
        360 528
        360 529
        400 567
        411 568
        422 569
        497 572
        517 577
        534 582
        534 583
        534 584
        532 23
        21 23
        517 28
        387 28
        426 60
        570 60
        466 60
        433 66
        55 66
        70 72
        71 72
        524 73
        397 73
        397 97
        541 97
        569 110
        99 110
        460 114
        472 114
        405 114
        129 131
        130 131
        428 139
        137 139
        138 139
        483 140
        566 140
        402 140
        483 144
        567 144
        450 150
        567 150
        449 160
        562 160
        402 160
        569 165
        154 165
        128 167
        166 167
        483 170
        465 170
        402 170
        169 173
        172 173
        458 179
        463 179
        584 179
        482 181
        559 181
        401 181
        494 193
        472 193
        404 193
        450 195
        459 195
        404 195
        444 211
        210 211
        510 217
        216 217
        520 226
        225 226
        575 231
        220 231
        576 236
        235 236
        580 238
        237 238
        440 240
        506 240
        408 240
        510 244
        243 244
        467 249
        507 249
        248 249
        409 251
        514 251
        474 261
        260 261
        448 265
        473 265
        147 265
        408 269
        268 269
        271 273
        272 273
        267 276
        274 276
        518 284
        466 284
        528 290
        407 290
        407 294
        477 294
        436 297
        490 297
        583 297
        511 306
        305 306
        448 313
        533 313
        572 313
        315 317
        316 317
        434 319
        446 319
        582 319
        522 325
        324 325
        444 347
        346 347
        352 354
        353 354
        476 355
        486 355
        582 355
        532 378
        376 378
        479 388
        490 388
        583 388
        505 390
        389 390
        522 391
        387 391
        400 394
        385 394
        397 543
        584 11
        388 11
        521 25
        390 25
        521 29
        28 29
        165 31
        538 31
        469 51
        231 51
        50 51
        59 61
        60 61
        577 74
        73 74
        385 90
        543 90
        528 92
        378 92
        469 95
        390 95
        50 95
        385 98
        97 98
        406 115
        114 115
        567 121
        66 121
        403 141
        140 141
        418 145
        144 145
        142 151
        150 151
        403 161
        160 161
        419 168
        133 168
        167 168
        404 171
        170 171
        401 180
        179 180
        401 182
        181 182
        470 187
        110 187
        176 187
        405 194
        193 194
        405 196
        195 196
        211 218
        217 218
        512 227
        225 227
        226 227
        514 239
        236 239
        238 239
        506 241
        240 241
        248 250
        249 250
        477 252
        251 252
        525 262
        261 262
        502 266
        265 266
        259 270
        268 270
        269 270
        124 277
        274 277
        276 277
        349 285
        284 285
        578 291
        290 291
        473 295
        294 295
        584 308
        297 308
        512 310
        306 310
        309 310
        533 314
        313 314
        222 326
        324 326
        325 326
        583 330
        319 330
        582 356
        355 356
        347 357
        521 357
        165 364
        524 364
        496 392
        391 392
        518 398
        347 398
        110 499
        165 503
        231 513
        378 537
        390 542
        513 12
        398 12
        66 26
        25 26
        378 30
        28 30
        29 30
        517 34
        356 34
        471 45
        513 45
        43 45
        503 47
        552 47
        455 52
        51 52
        577 53
        537 53
        330 65
        539 65
        23 75
        73 75
        74 75
        540 91
        90 91
        425 93
        92 93
        455 96
        95 96
        420 123
        115 123
        122 123
        499 132
        121 132
        501 146
        144 146
        145 146
        494 152
        149 152
        151 152
        139 153
        141 153
        159 162
        161 162
        419 174
        171 174
        173 174
        180 183
        182 183
        176 198
        187 198
        196 199
        197 199
        563 219
        507 219
        218 219
        406 229
        227 229
        473 242
        503 242
        241 245
        244 245
        563 254
        251 254
        252 254
        477 263
        261 263
        262 263
        266 278
        270 278
        508 287
        284 287
        285 287
        528 292
        289 292
        291 292
        293 296
        294 296
        295 296
        314 318
        317 318
        488 337
        308 337
        11 358
        357 358
        574 365
        364 365
        542 393
        391 393
        392 393
        11 399
        356 527
        525 13
        398 13
        12 13
        410 27
        25 27
        26 27
        30 32
        31 32
        110 35
        34 35
        43 46
        45 46
        399 48
        47 48
        542 54
        53 54
        308 67
        65 67
        538 78
        75 78
        537 94
        572 94
        93 94
        410 100
        96 100
        98 100
        571 143
        121 143
        132 143
        146 155
        152 155
        153 155
        451 163
        500 163
        162 163
        168 175
        174 175
        418 184
        411 184
        183 184
        399 190
        189 190
        123 206
        127 206
        218 221
        219 221
        227 230
        228 230
        229 230
        580 246
        224 246
        245 246
        231 253
        242 253
        273 279
        277 279
        278 279
        292 298
        296 298
        526 320
        312 320
        318 320
        474 338
        337 338
        578 359
        357 359
        358 359
        363 366
        364 366
        365 366
        523 381
        527 381
        393 395
        394 395
        395 14
        13 14
        497 36
        34 36
        35 36
        438 49
        46 49
        48 49
        518 56
        52 56
        54 56
        508 68
        65 68
        67 68
        75 79
        76 79
        78 79
        94 101
        100 101
        153 156
        155 156
        162 164
        163 164
        430 177
        568 177
        175 177
        183 185
        184 185
        428 191
        142 191
        190 191
        245 247
        246 247
        400 264
        198 264
        253 264
        278 280
        279 280
        529 299
        438 299
        298 299
        318 321
        320 321
        221 334
        230 334
        330 339
        337 339
        338 339
        529 368
        366 368
        66 382
        381 382
        411 15
        543 15
        14 15
        32 37
        36 37
        56 62
        61 62
        72 80
        79 80
        363 102
        552 102
        101 102
        175 178
        177 178
        190 192
        191 192
        156 203
        164 203
        239 255
        247 255
        263 281
        280 281
        298 300
        299 300
        321 327
        326 327
        264 340
        339 340
        366 369
        367 369
        368 369
        409 383
        381 383
        382 383
        14 16
        15 16
        11 38
        539 38
        37 38
        330 63
        579 63
        62 63
        522 81
        23 81
        80 81
        101 103
        102 103
        185 200
        192 200
        250 256
        254 256
        255 256
        258 282
        515 282
        281 282
        287 301
        300 301
        501 328
        516 328
        327 328
        499 341
        520 341
        340 341
        359 370
        369 370
        383 17
        16 17
        37 39
        38 39
        62 64
        63 64
        80 82
        81 82
        91 104
        103 104
        194 201
        199 201
        200 201
        255 257
        256 257
        281 283
        282 283
        568 302
        516 302
        301 302
        327 329
        328 329
        340 342
        341 342
        496 371
        356 371
        370 371
        498 18
        537 18
        17 18
        27 40
        39 40
        68 83
        82 83
        527 105
        519 105
        104 105
        200 202
        201 202
        301 303
        302 303
        143 343
        342 343
        370 372
        371 372
        17 19
        18 19
        520 41
        308 41
        40 41
        579 84
        363 84
        83 84
        104 106
        105 106
        178 204
        202 204
        203 204
        283 331
        303 331
        399 344
        568 344
        343 344
        354 373
        372 373
        40 42
        41 42
        83 85
        84 85
        203 205
        204 205
        310 332
        329 332
        331 332
        343 345
        344 345
        498 374
        347 374
        373 374
        42 86
        49 86
        131 207
        205 207
        206 207
        331 333
        332 333
        373 375
        374 375
        64 87
        85 87
        86 87
        345 111
        375 111
        206 208
        207 208
        257 335
        333 335
        334 335
        86 89
        87 89
        334 336
        335 336
        89 107
        106 107
        519 108
        23 108
        107 108
        107 109
        108 109
        19 112
        109 112
        111 112
        111 113
        112 113
        113 8
        208 9
        336 10
    ]
]
