circuit_name:sctnew_processed
[
    node:
    [
        1 x0 0 PI
        2 x1 0 PI
        3 x2 0 PI
        4 x3 0 PI
        5 x4 0 PI
        6 x5 0 PI
        7 x6 0 PI
        8 x7 0 PI
        9 x8 0 PI
        10 x9 0 PI
        11 x10 0 PI
        12 x11 0 PI
        13 x12 0 PI
        14 x13 0 PI
        15 x14 0 PI
        16 x15 0 PI
        17 x16 0 PI
        18 x17 0 PI
        19 x18 0 PI
        20 y0 13 PO_1
        21 y1 14 PO_1
        22 y2 12 PO_1
        23 y3 10 PO_0
        24 y4 4 PO_1
        25 y5 2 PO_0
        26 y6 7 PO_1
        27 y7 5 PO_0
        28 y8 10 PO_0
        29 y9 3 PO_0
        30 y10 10 PO_0
        31 y11 4 PO_0
        32 y12 11 PO_0
        33 y13 11 PO_1
        34 y14 14 PO_1
        35 n100 6 AND_1
        36 n101 3 AND_1
        37 n102 8 AND_1
        38 n103 9 MAJ_1
        39 n104 3 AND_0
        40 n105 4 OR_0
        41 n106 5 MAJ_0
        42 n107 6 AND_1
        43 n108 7 MAJ_1
        44 n109 8 AND_0
        45 n110 2 OR_0
        46 n111 9 AND_0
        47 n112 3 AND_0
        48 n113 5 OR_0
        49 n114 6 MAJ_0
        50 n115 7 AND_1
        51 n116 8 MAJ_1
        52 n117 9 AND_1
        53 n118 3 AND_1
        54 n119 4 AND_0
        55 n120 10 MAJ_0
        56 n121 3 AND_1
        57 n122 5 MAJ_1
        58 n123 7 OR_0
        59 n124 8 MAJ_0
        60 n125 4 MAJ_1
        61 n126 5 AND_1
        62 n127 3 AND_1
        63 n128 4 AND_1
        64 n129 4 MAJ_1
        65 n130 5 AND_1
        66 n131 4 MAJ_1
        67 n132 5 AND_1
        68 n133 4 MAJ_1
        69 n134 5 AND_0
        70 n135 6 OR_0
        71 n136 7 MAJ_1
        72 n137 8 OR_0
        73 n138 9 OR_0
        74 n139 9 AND_1
        75 n140 10 MAJ_1
        76 n141 5 MAJ_1
        77 n142 7 MAJ_1
        78 n143 8 AND_0
        79 n144 9 AND_0
        80 n145 10 MAJ_0
        81 n146 5 MAJ_1
        82 n147 6 AND_1
        83 n148 11 AND_1
        84 n149 12 MAJ_1
        85 n150 13 AND_0
        86 n20 3 AND_1
        87 n21 1 OR_0
        88 n22 2 OR_0
        89 n23 3 OR_0
        90 n24 4 AND_0
        91 n25 5 MAJ_1
        92 n26 2 AND_0
        93 n27 4 OR_0
        94 n28 4 OR_0
        95 n29 2 OR_0
        96 n30 5 AND_0
        97 n31 6 MAJ_1
        98 n32 7 AND_0
        99 n33 8 AND_0
        100 n34 6 OR_0
        101 n35 9 MAJ_0
        102 n36 2 OR_0
        103 n37 5 MAJ_1
        104 n38 6 AND_1
        105 n39 10 AND_1
        106 n40 11 MAJ_1
        107 n41 12 AND_0
        108 n42 3 MAJ_1
        109 n43 4 OR_0
        110 n44 5 MAJ_1
        111 n45 7 MAJ_1
        112 n46 8 AND_0
        113 n47 9 AND_0
        114 n48 5 OR_0
        115 n49 10 MAJ_0
        116 n50 4 MAJ_1
        117 n51 5 AND_1
        118 n52 11 AND_1
        119 n53 12 MAJ_1
        120 n54 13 AND_0
        121 n55 2 MAJ_1
        122 n56 3 OR_0
        123 n57 3 OR_0
        124 n58 4 AND_0
        125 n59 5 MAJ_1
        126 n60 2 AND_1
        127 n61 3 OR_0
        128 n62 4 MAJ_0
        129 n63 3 OR_0
        130 n64 2 OR_0
        131 n65 3 MAJ_0
        132 n66 4 AND_0
        133 n67 5 MAJ_1
        134 n68 6 AND_0
        135 n69 7 AND_0
        136 n70 6 OR_0
        137 n71 8 MAJ_0
        138 n72 5 MAJ_1
        139 n73 6 AND_1
        140 n74 9 AND_1
        141 n75 10 MAJ_1
        142 n76 11 AND_0
        143 n77 3 AND_0
        144 n78 2 AND_1
        145 n79 4 AND_1
        146 n80 5 AND_1
        147 n81 6 MAJ_1
        148 n82 7 AND_0
        149 n83 3 AND_0
        150 n84 4 MAJ_1
        151 n85 5 AND_1
        152 n86 4 AND_0
        153 n87 8 OR_0
        154 n88 9 MAJ_0
        155 n89 2 AND_0
        156 n90 1 AND_1
        157 n91 3 OR_0
        158 n92 3 AND_1
        159 n93 4 MAJ_1
        160 n94 5 MAJ_1
        161 n95 6 AND_1
        162 n96 2 OR_0
        163 n97 3 AND_1
        164 n98 4 MAJ_0
        165 n99 5 MAJ_1
        166 v1 7 VIR
        167 v10 6 VIR
        168 v11 6 VIR
        169 v12 3 VIR
        170 v13 3 VIR
        171 v14 3 VIR
        172 v15 3 VIR
        173 v16 1 VIR
        174 v17 1 VIR
        175 v18 1 VIR
        176 v19 1 VIR
        177 v2 4 VIR
        178 v20 1 VIR
        179 v21 1 VIR
        180 v22 1 VIR
        181 v23 1 VIR
        182 v24 1 VIR
        183 v25 1 VIR
        184 v26 1 VIR
        185 v27 1 VIR
        186 v28 1 VIR
        187 v29 1 VIR
        188 v3 4 VIR
        189 v30 1 VIR
        190 v31 1 VIR
        191 v32 1 VIR
        192 v33 1 VIR
        193 v34 1 VIR
        194 v35 1 VIR
        195 v36 1 VIR
        196 v37 1 VIR
        197 v38 1 VIR
        198 v39 4 VIR
        199 v4 4 VIR
        200 v40 2 VIR
        201 v41 2 VIR
        202 v42 2 VIR
        203 v43 2 VIR
        204 v44 2 VIR
        205 v45 2 VIR
        206 v46 2 VIR
        207 v47 2 VIR
        208 v48 2 VIR
        209 v49 2 VIR
        210 v5 4 VIR
        211 v50 2 VIR
        212 v51 2 VIR
        213 v52 2 VIR
        214 v53 2 VIR
        215 v54 2 VIR
        216 v55 2 VIR
        217 v56 2 VIR
        218 v57 4 VIR
        219 v58 4 VIR
        220 v59 4 VIR
        221 v6 4 VIR
        222 v7 3 VIR
        223 v8 3 VIR
        224 v9 3 VIR
    ]
    edge:
    [
        15 87
        16 87
        6 156
        19 156
        2 173
        2 174
        2 175
        11 176
        11 178
        11 179
        12 180
        12 181
        12 182
        13 183
        13 184
        13 185
        14 186
        14 187
        14 189
        7 190
        7 191
        8 192
        8 193
        8 194
        9 195
        9 196
        9 197
        179 45
        182 45
        186 88
        87 88
        176 92
        180 92
        173 95
        183 95
        186 102
        15 102
        17 121
        18 121
        87 121
        183 126
        186 126
        192 130
        176 130
        7 144
        193 144
        6 155
        191 155
        190 162
        194 162
        173 200
        173 201
        174 202
        175 203
        176 204
        183 205
        184 206
        185 207
        192 208
        193 209
        194 211
        195 212
        195 213
        196 214
        196 215
        197 216
        197 217
        175 36
        214 36
        174 39
        209 39
        3 47
        217 47
        182 53
        207 53
        206 56
        187 56
        195 62
        204 62
        200 86
        190 86
        208 89
        205 89
        16 108
        17 108
        102 108
        87 122
        121 122
        208 123
        180 123
        201 127
        204 127
        200 129
        180 129
        208 131
        126 131
        130 131
        182 143
        126 143
        175 149
        213 149
        155 157
        156 157
        214 158
        10 158
        203 163
        162 163
        102 169
        144 170
        144 171
        144 172
        92 222
        92 223
        92 224
        181 40
        39 40
        179 54
        53 54
        181 60
        185 60
        36 60
        202 63
        62 63
        212 64
        181 64
        170 64
        212 66
        205 66
        171 66
        213 68
        187 68
        171 68
        200 90
        89 90
        174 93
        222 93
        192 94
        222 94
        102 109
        108 109
        184 116
        88 116
        223 116
        201 124
        123 124
        202 128
        126 128
        127 128
        129 132
        131 132
        202 145
        170 145
        19 150
        172 150
        149 150
        178 152
        143 152
        1 159
        4 159
        158 159
        211 164
        216 164
        163 164
        36 177
        86 188
        170 198
        86 199
        86 210
        222 218
        223 219
        224 220
        89 221
        178 41
        39 41
        40 41
        205 48
        188 48
        189 57
        220 57
        56 57
        36 61
        60 61
        198 65
        64 65
        172 67
        66 67
        172 69
        68 69
        221 76
        90 76
        169 76
        185 81
        189 81
        219 81
        88 91
        89 91
        90 91
        94 96
        95 96
        184 103
        218 103
        169 103
        221 110
        90 110
        109 110
        188 114
        93 114
        224 117
        116 117
        122 125
        123 125
        124 125
        209 133
        122 133
        132 133
        206 138
        223 138
        109 138
        196 146
        145 146
        149 151
        150 151
        10 160
        158 160
        159 160
        212 165
        178 165
        198 165
        171 35
        165 35
        214 42
        41 42
        199 49
        218 49
        48 49
        63 70
        65 70
        220 82
        81 82
        193 97
        88 97
        96 97
        188 100
        91 100
        219 104
        103 104
        132 134
        133 134
        199 136
        125 136
        224 139
        138 139
        5 147
        122 147
        146 147
        158 161
        160 161
        96 167
        96 168
        203 43
        190 43
        42 43
        215 50
        49 50
        187 58
        35 58
        67 71
        69 71
        70 71
        194 77
        167 77
        169 77
        167 98
        97 98
        209 111
        167 111
        109 111
        128 135
        134 135
        146 148
        147 148
        35 166
        179 37
        166 37
        42 44
        43 44
        203 51
        211 51
        50 51
        35 59
        177 59
        58 59
        70 72
        71 72
        168 78
        77 78
        93 99
        98 99
        168 112
        111 112
        210 137
        135 137
        136 137
        148 153
        151 153
        166 38
        177 38
        37 38
        44 46
        45 46
        50 52
        51 52
        61 73
        72 73
        57 74
        59 74
        76 79
        78 79
        199 101
        99 101
        100 101
        110 113
        112 113
        216 140
        137 140
        151 154
        152 154
        153 154
        207 55
        52 55
        54 55
        57 75
        73 75
        74 75
        210 80
        114 80
        79 80
        215 105
        101 105
        210 115
        113 115
        114 115
        18 141
        139 141
        140 141
        216 83
        80 83
        16 106
        104 106
        105 106
        197 118
        115 118
        140 142
        141 142
        15 84
        82 84
        83 84
        105 107
        106 107
        17 119
        117 119
        118 119
        83 85
        84 85
        118 120
        119 120
        107 20
        120 21
        142 22
        154 23
        157 24
        191 25
        161 26
        164 27
        38 28
        217 29
        46 30
        47 31
        55 32
        75 33
        85 34
    ]
]
