circuit_name:sqrt8new_processed
[
    node:
    [
        1 x0 0 PI
        2 x1 0 PI
        3 x2 0 PI
        4 x3 0 PI
        5 x4 0 PI
        6 x5 0 PI
        7 x6 0 PI
        8 x7 0 PI
        9 y0 4 PO_0
        10 y1 7 PO_0
        11 y2 13 PO_0
        12 y3 15 PO_0
        13 n10 3 AND_0
        14 n100 5 OR_0
        15 n101 6 MAJ_1
        16 n102 7 OR_0
        17 n103 8 MAJ_1
        18 n104 9 OR_0
        19 n105 10 MAJ_0
        20 n106 11 OR_0
        21 n107 11 OR_0
        22 n108 13 MAJ_1
        23 n109 14 OR_0
        24 n11 4 MAJ_1
        25 n12 5 MAJ_1
        26 n13 6 OR_0
        27 n14 3 AND_1
        28 n15 4 MAJ_1
        29 n16 3 MAJ_1
        30 n17 5 MAJ_1
        31 n18 6 OR_0
        32 n19 7 AND_1
        33 n20 3 AND_1
        34 n21 4 MAJ_1
        35 n22 5 AND_1
        36 n23 2 OR_0
        37 n24 3 OR_0
        38 n25 5 AND_0
        39 n26 6 AND_1
        40 n27 7 MAJ_1
        41 n28 3 AND_1
        42 n29 3 AND_0
        43 n30 4 AND_0
        44 n31 4 AND_1
        45 n32 5 AND_0
        46 n33 6 MAJ_1
        47 n34 8 OR_0
        48 n35 9 MAJ_1
        49 n36 10 OR_0
        50 n37 3 AND_1
        51 n38 11 OR_0
        52 n39 12 MAJ_0
        53 n40 3 AND_0
        54 n41 4 AND_0
        55 n42 2 OR_0
        56 n43 3 AND_1
        57 n44 4 AND_0
        58 n45 5 MAJ_0
        59 n46 6 AND_0
        60 n47 5 AND_0
        61 n48 7 OR_0
        62 n49 2 AND_0
        63 n50 3 AND_1
        64 n51 3 AND_0
        65 n52 4 AND_0
        66 n53 5 OR_0
        67 n54 4 AND_0
        68 n55 6 MAJ_0
        69 n56 3 AND_1
        70 n57 4 AND_0
        71 n58 3 OR_0
        72 n59 5 MAJ_0
        73 n60 6 AND_1
        74 n61 3 AND_1
        75 n62 4 MAJ_1
        76 n63 5 AND_0
        77 n64 3 AND_0
        78 n65 6 OR_0
        79 n66 7 MAJ_0
        80 n67 8 OR_0
        81 n68 9 MAJ_1
        82 n69 10 OR_0
        83 n70 5 AND_1
        84 n71 6 AND_1
        85 n72 5 AND_1
        86 n73 6 AND_1
        87 n74 7 MAJ_1
        88 n75 2 AND_1
        89 n76 3 AND_1
        90 n77 4 MAJ_0
        91 n78 5 AND_1
        92 n79 3 AND_0
        93 n80 6 OR_0
        94 n81 7 MAJ_0
        95 n82 5 AND_1
        96 n83 8 OR_0
        97 n84 9 MAJ_0
        98 n85 2 AND_0
        99 n86 3 AND_1
        100 n87 5 AND_1
        101 n88 6 OR_0
        102 n89 7 MAJ_0
        103 n9 3 OR_0
        104 n90 10 OR_0
        105 n91 11 MAJ_0
        106 n92 12 OR_0
        107 n93 3 AND_0
        108 n94 5 AND_1
        109 n95 6 AND_1
        110 n96 7 MAJ_1
        111 n97 4 AND_1
        112 n98 4 AND_1
        113 n99 5 AND_0
        114 v1 4 VIR
        115 v10 1 VIR
        116 v11 1 VIR
        117 v12 1 VIR
        118 v13 1 VIR
        119 v14 1 VIR
        120 v15 1 VIR
        121 v16 1 VIR
        122 v17 1 VIR
        123 v18 1 VIR
        124 v19 1 VIR
        125 v2 4 VIR
        126 v20 1 VIR
        127 v21 1 VIR
        128 v22 1 VIR
        129 v23 1 VIR
        130 v24 1 VIR
        131 v25 1 VIR
        132 v26 2 VIR
        133 v27 2 VIR
        134 v28 2 VIR
        135 v29 2 VIR
        136 v3 4 VIR
        137 v30 2 VIR
        138 v31 2 VIR
        139 v32 2 VIR
        140 v33 2 VIR
        141 v34 2 VIR
        142 v35 2 VIR
        143 v36 2 VIR
        144 v37 2 VIR
        145 v38 2 VIR
        146 v39 2 VIR
        147 v4 4 VIR
        148 v40 2 VIR
        149 v41 2 VIR
        150 v42 2 VIR
        151 v43 2 VIR
        152 v44 2 VIR
        153 v5 1 VIR
        154 v6 1 VIR
        155 v7 1 VIR
        156 v8 1 VIR
        157 v9 1 VIR
    ]
    edge:
    [
        2 115
        3 116
        3 117
        3 118
        4 119
        4 120
        4 121
        5 122
        5 123
        5 124
        6 126
        6 127
        6 128
        7 129
        8 130
        8 131
        1 153
        1 154
        1 155
        2 156
        2 157
        116 36
        119 36
        156 55
        119 55
        117 62
        120 62
        123 88
        7 88
        118 98
        128 98
        115 132
        116 133
        117 134
        118 135
        119 137
        120 138
        121 139
        122 140
        123 141
        126 142
        127 143
        128 144
        153 145
        154 146
        155 148
        156 149
        156 150
        157 151
        157 152
        155 13
        132 13
        133 27
        137 27
        146 29
        157 29
        138 29
        151 33
        134 33
        153 37
        36 37
        151 41
        36 41
        152 42
        118 42
        132 50
        139 50
        149 53
        120 53
        145 56
        55 56
        154 63
        62 63
        138 64
        126 64
        116 69
        137 69
        140 71
        142 71
        149 74
        117 74
        135 77
        130 77
        153 89
        149 89
        134 92
        7 92
        152 99
        98 99
        148 103
        132 103
        115 107
        62 107
        135 24
        139 24
        13 24
        145 28
        138 28
        27 28
        121 34
        128 34
        33 34
        155 43
        42 43
        123 44
        41 44
        154 54
        53 54
        133 57
        56 57
        150 65
        64 65
        143 67
        63 67
        146 70
        69 70
        140 75
        142 75
        74 75
        133 90
        137 90
        89 90
        150 111
        69 111
        122 112
        37 112
        37 114
        37 125
        63 136
        71 147
        127 14
        111 14
        148 25
        13 25
        24 25
        151 30
        134 30
        28 30
        33 35
        34 35
        121 38
        114 38
        114 45
        44 45
        122 58
        126 58
        57 58
        143 60
        54 60
        63 66
        65 66
        8 72
        70 72
        71 72
        74 76
        75 76
        130 83
        125 83
        131 85
        136 85
        89 91
        90 91
        144 95
        70 95
        114 100
        88 100
        129 108
        136 108
        127 113
        112 113
        71 15
        113 15
        14 15
        13 26
        25 26
        29 31
        30 31
        115 39
        38 39
        141 46
        43 46
        45 46
        57 59
        58 59
        141 68
        66 68
        67 68
        147 73
        72 73
        56 78
        76 78
        124 84
        83 84
        65 86
        85 86
        56 93
        91 93
        130 101
        100 101
        65 109
        108 109
        41 16
        15 16
        28 32
        31 32
        144 40
        125 40
        39 40
        59 61
        60 61
        76 79
        77 79
        78 79
        131 87
        84 87
        86 87
        91 94
        92 94
        93 94
        99 102
        100 102
        101 102
        129 110
        107 110
        109 110
        147 17
        15 17
        16 17
        32 47
        35 47
        61 80
        68 80
        88 96
        94 96
        110 18
        17 18
        40 48
        46 48
        47 48
        73 81
        79 81
        80 81
        94 97
        95 97
        96 97
        129 19
        99 19
        18 19
        47 49
        48 49
        80 82
        81 82
        97 104
        102 104
        18 20
        19 20
        82 21
        87 21
        124 51
        49 51
        124 105
        54 105
        104 105
        49 52
        50 52
        51 52
        104 106
        105 106
        106 22
        20 22
        21 22
        21 23
        22 23
        103 9
        26 10
        52 11
        23 12
    ]
]
