circuit_name:vg2new_processed
[
    node:
    [
        1 x0 0 PI
        2 x1 0 PI
        3 x2 0 PI
        4 x3 0 PI
        5 x4 0 PI
        6 x5 0 PI
        7 x6 0 PI
        8 x7 0 PI
        9 x8 0 PI
        10 x9 0 PI
        11 x10 0 PI
        12 x11 0 PI
        13 x12 0 PI
        14 x13 0 PI
        15 x14 0 PI
        16 x15 0 PI
        17 x16 0 PI
        18 x17 0 PI
        19 x18 0 PI
        20 x19 0 PI
        21 x20 0 PI
        22 x21 0 PI
        23 x22 0 PI
        24 x23 0 PI
        25 x24 0 PI
        26 y0 18 PO_0
        27 y1 15 PO_0
        28 y2 14 PO_0
        29 y3 15 PO_0
        30 y4 12 PO_0
        31 y5 18 PO_0
        32 y6 16 PO_0
        33 y7 19 PO_0
        34 n100 4 AND_0
        35 n101 4 AND_1
        36 n102 3 AND_0
        37 n103 5 MAJ_1
        38 n104 6 AND_0
        39 n105 8 AND_0
        40 n106 9 MAJ_1
        41 n107 10 AND_0
        42 n108 9 AND_1
        43 n109 10 AND_1
        44 n110 11 MAJ_1
        45 n111 3 OR_0
        46 n112 4 OR_0
        47 n113 3 OR_0
        48 n114 4 AND_1
        49 n115 5 MAJ_0
        50 n116 6 AND_1
        51 n117 5 AND_0
        52 n118 7 MAJ_1
        53 n119 8 AND_1
        54 n120 4 OR_0
        55 n121 5 OR_0
        56 n122 3 AND_1
        57 n123 4 AND_0
        58 n124 2 OR_0
        59 n125 5 MAJ_1
        60 n126 6 AND_1
        61 n127 8 MAJ_1
        62 n128 9 AND_1
        63 n129 3 OR_0
        64 n130 5 MAJ_1
        65 n131 6 OR_0
        66 n132 3 OR_0
        67 n133 7 MAJ_1
        68 n134 8 OR_0
        69 n135 2 AND_1
        70 n136 3 AND_1
        71 n137 3 OR_0
        72 n138 4 OR_0
        73 n139 3 OR_0
        74 n140 5 MAJ_1
        75 n141 6 OR_0
        76 n142 7 AND_1
        77 n143 10 AND_1
        78 n144 11 MAJ_1
        79 n145 13 OR_0
        80 n146 14 MAJ_1
        81 n147 15 OR_0
        82 n148 8 AND_0
        83 n149 16 OR_0
        84 n150 17 MAJ_0
        85 n151 3 AND_0
        86 n152 4 AND_0
        87 n153 3 AND_0
        88 n154 4 AND_0
        89 n155 3 AND_0
        90 n156 5 MAJ_1
        91 n157 6 AND_0
        92 n158 3 AND_0
        93 n159 4 AND_0
        94 n160 5 AND_0
        95 n161 6 MAJ_1
        96 n162 7 AND_0
        97 n163 7 AND_0
        98 n164 8 AND_1
        99 n165 9 MAJ_1
        100 n166 4 AND_1
        101 n167 3 AND_0
        102 n168 4 AND_0
        103 n169 3 AND_1
        104 n170 5 MAJ_1
        105 n171 6 AND_0
        106 n172 4 AND_0
        107 n173 4 AND_0
        108 n174 6 MAJ_1
        109 n175 7 AND_0
        110 n176 4 AND_0
        111 n177 6 AND_0
        112 n178 3 AND_0
        113 n179 7 MAJ_1
        114 n180 8 AND_0
        115 n181 9 AND_1
        116 n182 10 AND_1
        117 n183 11 MAJ_0
        118 n184 12 OR_0
        119 n185 13 MAJ_0
        120 n186 14 OR_0
        121 n187 3 OR_0
        122 n188 4 OR_0
        123 n189 4 AND_1
        124 n190 4 AND_1
        125 n191 5 AND_1
        126 n192 5 AND_1
        127 n193 6 MAJ_1
        128 n194 7 AND_0
        129 n195 3 OR_0
        130 n196 4 OR_0
        131 n197 3 OR_0
        132 n198 5 MAJ_1
        133 n199 6 OR_0
        134 n200 4 AND_1
        135 n201 8 AND_1
        136 n202 9 MAJ_1
        137 n203 4 OR_0
        138 n204 3 AND_1
        139 n205 4 AND_1
        140 n206 3 OR_0
        141 n207 5 MAJ_1
        142 n208 6 AND_1
        143 n209 4 AND_1
        144 n210 4 AND_1
        145 n211 5 MAJ_1
        146 n212 6 AND_1
        147 n213 3 AND_1
        148 n214 6 MAJ_1
        149 n215 7 AND_1
        150 n216 8 AND_1
        151 n217 9 AND_1
        152 n218 10 MAJ_0
        153 n219 11 OR_0
        154 n220 12 MAJ_1
        155 n221 13 OR_0
        156 n222 3 OR_0
        157 n223 5 MAJ_1
        158 n224 6 AND_1
        159 n225 5 AND_0
        160 n226 6 OR_0
        161 n227 7 MAJ_1
        162 n228 8 MAJ_1
        163 n229 9 AND_0
        164 n230 4 OR_0
        165 n231 10 OR_0
        166 n232 11 MAJ_1
        167 n233 12 OR_0
        168 n234 13 MAJ_0
        169 n235 14 OR_0
        170 n236 3 AND_1
        171 n237 4 OR_0
        172 n238 5 MAJ_1
        173 n239 6 MAJ_1
        174 n240 7 AND_0
        175 n241 4 AND_1
        176 n242 3 AND_0
        177 n243 5 MAJ_1
        178 n244 6 AND_1
        179 n245 4 AND_0
        180 n246 7 OR_0
        181 n247 8 MAJ_0
        182 n248 9 OR_0
        183 n249 10 MAJ_1
        184 n250 11 OR_0
        185 n251 3 AND_1
        186 n252 4 MAJ_0
        187 n253 5 AND_1
        188 n254 3 AND_1
        189 n255 4 MAJ_1
        190 n256 5 AND_1
        191 n257 6 MAJ_1
        192 n258 7 AND_1
        193 n259 3 AND_0
        194 n26 4 AND_0
        195 n260 4 MAJ_1
        196 n261 5 AND_0
        197 n262 8 OR_0
        198 n263 9 MAJ_0
        199 n264 10 OR_0
        200 n265 3 AND_1
        201 n266 4 MAJ_1
        202 n267 5 AND_0
        203 n268 3 AND_1
        204 n269 6 AND_1
        205 n27 5 AND_0
        206 n270 7 MAJ_1
        207 n271 3 AND_0
        208 n272 8 AND_1
        209 n273 9 MAJ_1
        210 n274 4 AND_1
        211 n275 3 OR_0
        212 n276 6 MAJ_1
        213 n277 7 AND_1
        214 n278 6 MAJ_1
        215 n279 7 AND_0
        216 n28 3 AND_0
        217 n280 3 AND_0
        218 n281 4 OR_0
        219 n282 8 OR_0
        220 n283 9 MAJ_1
        221 n284 3 AND_1
        222 n285 4 MAJ_1
        223 n286 5 AND_0
        224 n287 4 AND_1
        225 n288 3 AND_1
        226 n289 5 MAJ_0
        227 n29 4 AND_0
        228 n290 6 MAJ_1
        229 n291 7 AND_0
        230 n292 10 OR_0
        231 n293 11 MAJ_1
        232 n294 12 OR_0
        233 n295 3 AND_0
        234 n296 4 AND_0
        235 n297 3 OR_0
        236 n298 4 MAJ_0
        237 n299 5 AND_1
        238 n30 4 AND_0
        239 n300 4 AND_1
        240 n301 6 OR_0
        241 n302 7 MAJ_0
        242 n303 3 AND_1
        243 n304 8 OR_0
        244 n305 9 MAJ_0
        245 n306 3 AND_1
        246 n307 5 MAJ_1
        247 n308 6 AND_0
        248 n309 3 AND_1
        249 n31 6 MAJ_1
        250 n310 5 AND_0
        251 n311 5 MAJ_0
        252 n312 6 MAJ_1
        253 n313 7 AND_0
        254 n314 3 AND_1
        255 n315 5 MAJ_1
        256 n316 6 AND_1
        257 n317 3 AND_1
        258 n318 4 AND_0
        259 n319 4 OR_0
        260 n32 7 AND_0
        261 n320 5 OR_0
        262 n321 3 AND_1
        263 n322 6 MAJ_1
        264 n323 7 AND_1
        265 n324 4 AND_0
        266 n325 8 OR_0
        267 n326 9 MAJ_0
        268 n327 8 OR_0
        269 n328 10 MAJ_1
        270 n329 11 OR_0
        271 n33 2 AND_0
        272 n330 6 MAJ_1
        273 n331 7 AND_0
        274 n332 5 AND_0
        275 n333 6 MAJ_1
        276 n334 7 AND_1
        277 n335 6 AND_1
        278 n336 8 OR_0
        279 n337 9 MAJ_0
        280 n338 10 OR_0
        281 n339 5 AND_0
        282 n34 3 AND_0
        283 n340 4 AND_0
        284 n341 6 MAJ_1
        285 n342 7 AND_1
        286 n343 4 AND_1
        287 n344 6 MAJ_0
        288 n345 7 AND_1
        289 n346 8 OR_0
        290 n347 9 MAJ_0
        291 n348 10 OR_0
        292 n349 4 AND_1
        293 n35 3 AND_0
        294 n350 6 MAJ_1
        295 n351 7 AND_0
        296 n352 6 MAJ_1
        297 n353 7 AND_0
        298 n354 3 AND_0
        299 n355 7 MAJ_1
        300 n356 8 AND_0
        301 n357 11 OR_0
        302 n358 12 MAJ_1
        303 n359 13 OR_0
        304 n36 5 AND_0
        305 n360 12 OR_0
        306 n361 14 MAJ_1
        307 n362 15 OR_0
        308 n363 11 OR_0
        309 n364 16 MAJ_1
        310 n365 17 OR_0
        311 n366 3 AND_0
        312 n367 4 AND_0
        313 n368 5 AND_0
        314 n369 6 MAJ_1
        315 n37 3 AND_0
        316 n370 7 AND_0
        317 n371 3 AND_0
        318 n372 4 AND_0
        319 n373 5 AND_0
        320 n374 6 MAJ_1
        321 n375 7 AND_0
        322 n376 4 OR_0
        323 n377 5 OR_0
        324 n378 5 OR_0
        325 n379 6 MAJ_1
        326 n38 6 MAJ_1
        327 n380 7 AND_1
        328 n381 4 OR_0
        329 n382 5 AND_1
        330 n383 3 AND_1
        331 n384 4 AND_1
        332 n385 5 AND_1
        333 n386 6 MAJ_1
        334 n387 7 AND_0
        335 n388 8 OR_0
        336 n389 9 MAJ_1
        337 n39 7 AND_0
        338 n390 10 OR_0
        339 n391 4 AND_0
        340 n392 5 MAJ_1
        341 n393 6 AND_0
        342 n394 4 AND_1
        343 n395 7 MAJ_1
        344 n396 8 AND_0
        345 n397 5 AND_0
        346 n398 6 MAJ_1
        347 n399 7 AND_0
        348 n40 3 AND_1
        349 n400 4 AND_1
        350 n401 3 AND_0
        351 n402 5 MAJ_1
        352 n403 6 AND_0
        353 n404 5 AND_0
        354 n405 8 OR_0
        355 n406 9 MAJ_0
        356 n407 4 AND_1
        357 n408 5 AND_0
        358 n409 6 MAJ_1
        359 n41 4 AND_0
        360 n410 7 AND_1
        361 n411 5 AND_0
        362 n412 6 MAJ_1
        363 n413 7 AND_1
        364 n414 4 OR_0
        365 n415 4 OR_0
        366 n416 5 MAJ_1
        367 n417 6 AND_1
        368 n418 4 OR_0
        369 n419 8 MAJ_1
        370 n42 5 AND_0
        371 n420 9 AND_1
        372 n421 10 OR_0
        373 n422 11 MAJ_1
        374 n423 12 OR_0
        375 n424 13 OR_0
        376 n425 14 MAJ_0
        377 n426 15 OR_0
        378 n427 3 AND_0
        379 n428 5 MAJ_1
        380 n429 6 AND_0
        381 n43 2 AND_0
        382 n430 3 AND_0
        383 n431 4 AND_0
        384 n432 5 AND_1
        385 n433 6 MAJ_1
        386 n434 7 AND_0
        387 n435 3 AND_0
        388 n436 5 MAJ_1
        389 n437 6 AND_0
        390 n438 3 OR_0
        391 n439 7 MAJ_1
        392 n44 6 MAJ_1
        393 n440 8 AND_1
        394 n441 4 OR_0
        395 n442 3 OR_0
        396 n443 5 MAJ_1
        397 n444 6 OR_0
        398 n445 3 AND_1
        399 n446 7 MAJ_1
        400 n447 8 AND_1
        401 n448 8 OR_0
        402 n449 9 MAJ_1
        403 n45 7 AND_0
        404 n450 10 OR_0
        405 n451 3 AND_0
        406 n452 4 AND_1
        407 n453 6 AND_0
        408 n454 7 AND_1
        409 n455 4 AND_1
        410 n456 5 MAJ_0
        411 n457 6 AND_1
        412 n458 2 AND_0
        413 n459 4 MAJ_1
        414 n46 4 AND_0
        415 n460 5 AND_0
        416 n461 3 AND_1
        417 n462 6 MAJ_1
        418 n463 7 AND_0
        419 n464 8 OR_0
        420 n465 9 MAJ_0
        421 n466 10 OR_0
        422 n467 3 AND_1
        423 n468 6 MAJ_1
        424 n469 7 AND_1
        425 n47 5 AND_0
        426 n470 3 OR_0
        427 n471 4 MAJ_1
        428 n472 5 AND_1
        429 n473 4 AND_1
        430 n474 5 MAJ_0
        431 n475 6 AND_1
        432 n476 4 AND_0
        433 n477 7 MAJ_1
        434 n478 8 AND_0
        435 n479 6 AND_1
        436 n48 3 AND_1
        437 n480 9 OR_0
        438 n481 10 MAJ_0
        439 n482 3 AND_1
        440 n483 6 MAJ_1
        441 n484 7 AND_0
        442 n485 3 AND_1
        443 n486 4 AND_1
        444 n487 5 AND_1
        445 n488 6 MAJ_1
        446 n489 7 AND_0
        447 n49 6 MAJ_1
        448 n490 7 MAJ_1
        449 n491 8 AND_0
        450 n492 9 OR_0
        451 n493 10 OR_0
        452 n494 11 OR_0
        453 n495 12 MAJ_1
        454 n496 13 OR_0
        455 n497 5 MAJ_1
        456 n498 6 AND_1
        457 n499 3 AND_1
        458 n50 7 AND_0
        459 n500 4 MAJ_1
        460 n501 5 AND_0
        461 n502 5 MAJ_1
        462 n503 6 AND_1
        463 n504 4 MAJ_1
        464 n505 5 AND_0
        465 n506 4 AND_0
        466 n507 3 AND_1
        467 n508 4 MAJ_1
        468 n509 5 AND_0
        469 n51 4 OR_0
        470 n510 6 OR_0
        471 n511 7 MAJ_0
        472 n512 8 OR_0
        473 n513 2 AND_1
        474 n514 5 MAJ_1
        475 n515 6 AND_1
        476 n516 2 OR_0
        477 n517 6 MAJ_1
        478 n518 7 AND_1
        479 n519 5 MAJ_1
        480 n52 5 OR_0
        481 n520 6 AND_0
        482 n521 9 OR_0
        483 n522 10 MAJ_1
        484 n523 11 OR_0
        485 n524 7 OR_0
        486 n525 12 MAJ_1
        487 n526 13 OR_0
        488 n527 4 AND_1
        489 n528 6 MAJ_1
        490 n529 7 AND_0
        491 n53 3 AND_1
        492 n530 3 AND_0
        493 n531 4 AND_0
        494 n532 5 MAJ_1
        495 n533 6 AND_1
        496 n534 7 AND_1
        497 n535 3 AND_1
        498 n536 8 OR_0
        499 n537 9 MAJ_0
        500 n538 7 OR_0
        501 n539 3 AND_1
        502 n54 4 AND_1
        503 n540 5 MAJ_1
        504 n541 6 AND_0
        505 n542 6 AND_0
        506 n543 3 AND_1
        507 n544 7 OR_0
        508 n545 8 MAJ_0
        509 n546 3 AND_0
        510 n547 9 AND_1
        511 n548 10 MAJ_1
        512 n549 4 AND_1
        513 n55 3 OR_0
        514 n550 5 MAJ_1
        515 n551 6 AND_0
        516 n552 3 AND_1
        517 n553 6 MAJ_1
        518 n554 7 AND_0
        519 n555 3 AND_1
        520 n556 6 MAJ_1
        521 n557 7 AND_1
        522 n558 11 OR_0
        523 n559 12 MAJ_1
        524 n56 6 MAJ_1
        525 n560 13 OR_0
        526 n561 4 OR_0
        527 n562 5 OR_0
        528 n563 3 AND_1
        529 n564 6 MAJ_1
        530 n565 7 AND_1
        531 n566 4 AND_0
        532 n567 6 MAJ_1
        533 n568 7 AND_1
        534 n569 3 AND_0
        535 n57 7 AND_1
        536 n570 4 AND_0
        537 n571 3 AND_1
        538 n572 5 MAJ_1
        539 n573 6 AND_0
        540 n574 3 AND_1
        541 n575 4 AND_0
        542 n576 4 AND_0
        543 n577 5 AND_1
        544 n578 6 AND_0
        545 n579 7 MAJ_0
        546 n58 2 OR_0
        547 n580 4 AND_1
        548 n581 8 OR_0
        549 n582 9 MAJ_0
        550 n583 5 MAJ_1
        551 n584 6 AND_0
        552 n585 3 AND_1
        553 n586 5 MAJ_1
        554 n587 6 AND_0
        555 n588 4 OR_0
        556 n589 5 MAJ_0
        557 n59 3 OR_0
        558 n590 6 AND_1
        559 n591 7 MAJ_0
        560 n592 8 AND_1
        561 n593 10 OR_0
        562 n594 11 MAJ_1
        563 n595 12 OR_0
        564 n596 8 OR_0
        565 n597 13 MAJ_1
        566 n598 14 OR_0
        567 n599 10 OR_0
        568 n60 3 OR_0
        569 n600 15 MAJ_1
        570 n601 16 OR_0
        571 n602 14 OR_0
        572 n603 17 MAJ_1
        573 n604 18 OR_0
        574 n61 4 OR_0
        575 n62 3 OR_0
        576 n63 5 MAJ_1
        577 n64 6 OR_0
        578 n65 2 OR_0
        579 n66 3 OR_0
        580 n67 4 AND_1
        581 n68 5 AND_1
        582 n69 3 AND_1
        583 n70 4 AND_1
        584 n71 3 AND_1
        585 n72 5 MAJ_0
        586 n73 6 AND_1
        587 n74 6 AND_1
        588 n75 7 MAJ_1
        589 n76 8 AND_0
        590 n77 8 AND_1
        591 n78 9 AND_1
        592 n79 10 MAJ_1
        593 n80 8 AND_0
        594 n81 11 OR_0
        595 n82 12 MAJ_0
        596 n83 4 AND_0
        597 n84 6 MAJ_1
        598 n85 7 AND_0
        599 n86 4 AND_0
        600 n87 5 AND_0
        601 n88 4 AND_1
        602 n89 6 AND_0
        603 n90 7 MAJ_1
        604 n91 8 AND_0
        605 n92 3 AND_0
        606 n93 4 AND_0
        607 n94 4 AND_1
        608 n95 5 AND_0
        609 n96 3 AND_0
        610 n97 6 MAJ_1
        611 n98 7 AND_0
        612 n99 3 AND_1
        613 v1 5 VIR
        614 v10 5 VIR
        615 v100 2 VIR
        616 v101 2 VIR
        617 v102 2 VIR
        618 v103 2 VIR
        619 v104 2 VIR
        620 v105 2 VIR
        621 v106 2 VIR
        622 v107 2 VIR
        623 v108 2 VIR
        624 v109 2 VIR
        625 v11 4 VIR
        626 v110 2 VIR
        627 v111 2 VIR
        628 v112 2 VIR
        629 v113 2 VIR
        630 v114 2 VIR
        631 v115 2 VIR
        632 v116 2 VIR
        633 v117 2 VIR
        634 v118 2 VIR
        635 v119 2 VIR
        636 v12 4 VIR
        637 v120 2 VIR
        638 v121 2 VIR
        639 v122 2 VIR
        640 v123 2 VIR
        641 v124 2 VIR
        642 v125 2 VIR
        643 v126 2 VIR
        644 v127 2 VIR
        645 v128 2 VIR
        646 v129 2 VIR
        647 v13 5 VIR
        648 v130 2 VIR
        649 v131 2 VIR
        650 v132 2 VIR
        651 v133 2 VIR
        652 v134 2 VIR
        653 v135 2 VIR
        654 v136 2 VIR
        655 v137 2 VIR
        656 v138 2 VIR
        657 v139 2 VIR
        658 v14 5 VIR
        659 v140 2 VIR
        660 v141 2 VIR
        661 v142 2 VIR
        662 v143 2 VIR
        663 v144 2 VIR
        664 v145 2 VIR
        665 v146 2 VIR
        666 v147 2 VIR
        667 v148 2 VIR
        668 v149 2 VIR
        669 v15 5 VIR
        670 v150 2 VIR
        671 v151 2 VIR
        672 v152 2 VIR
        673 v153 2 VIR
        674 v154 2 VIR
        675 v155 2 VIR
        676 v156 2 VIR
        677 v157 2 VIR
        678 v158 2 VIR
        679 v159 2 VIR
        680 v16 5 VIR
        681 v160 2 VIR
        682 v161 2 VIR
        683 v162 2 VIR
        684 v163 2 VIR
        685 v164 2 VIR
        686 v165 2 VIR
        687 v166 2 VIR
        688 v167 2 VIR
        689 v168 2 VIR
        690 v169 6 VIR
        691 v17 5 VIR
        692 v170 2 VIR
        693 v171 2 VIR
        694 v172 2 VIR
        695 v173 2 VIR
        696 v174 2 VIR
        697 v175 2 VIR
        698 v176 2 VIR
        699 v177 2 VIR
        700 v178 2 VIR
        701 v179 2 VIR
        702 v18 5 VIR
        703 v180 2 VIR
        704 v181 2 VIR
        705 v182 2 VIR
        706 v183 2 VIR
        707 v184 2 VIR
        708 v185 2 VIR
        709 v186 2 VIR
        710 v187 2 VIR
        711 v188 2 VIR
        712 v189 2 VIR
        713 v19 5 VIR
        714 v190 2 VIR
        715 v191 2 VIR
        716 v192 2 VIR
        717 v193 2 VIR
        718 v194 2 VIR
        719 v195 2 VIR
        720 v196 6 VIR
        721 v197 2 VIR
        722 v198 2 VIR
        723 v199 2 VIR
        724 v2 4 VIR
        725 v20 4 VIR
        726 v200 2 VIR
        727 v201 2 VIR
        728 v202 2 VIR
        729 v203 2 VIR
        730 v204 2 VIR
        731 v205 2 VIR
        732 v206 2 VIR
        733 v207 2 VIR
        734 v208 2 VIR
        735 v209 2 VIR
        736 v21 4 VIR
        737 v210 2 VIR
        738 v211 2 VIR
        739 v212 2 VIR
        740 v213 2 VIR
        741 v214 3 VIR
        742 v215 3 VIR
        743 v216 3 VIR
        744 v217 3 VIR
        745 v218 3 VIR
        746 v219 3 VIR
        747 v22 4 VIR
        748 v220 3 VIR
        749 v221 3 VIR
        750 v222 3 VIR
        751 v223 3 VIR
        752 v224 3 VIR
        753 v225 3 VIR
        754 v226 3 VIR
        755 v227 3 VIR
        756 v228 3 VIR
        757 v229 3 VIR
        758 v23 4 VIR
        759 v230 3 VIR
        760 v231 3 VIR
        761 v232 3 VIR
        762 v233 3 VIR
        763 v234 3 VIR
        764 v235 3 VIR
        765 v236 3 VIR
        766 v237 3 VIR
        767 v238 3 VIR
        768 v239 3 VIR
        769 v24 4 VIR
        770 v240 3 VIR
        771 v241 3 VIR
        772 v242 3 VIR
        773 v243 3 VIR
        774 v244 3 VIR
        775 v245 3 VIR
        776 v246 3 VIR
        777 v247 3 VIR
        778 v248 3 VIR
        779 v249 3 VIR
        780 v25 4 VIR
        781 v26 7 VIR
        782 v27 1 VIR
        783 v28 1 VIR
        784 v29 1 VIR
        785 v3 5 VIR
        786 v30 1 VIR
        787 v31 1 VIR
        788 v32 1 VIR
        789 v33 1 VIR
        790 v34 1 VIR
        791 v35 1 VIR
        792 v36 1 VIR
        793 v37 1 VIR
        794 v38 1 VIR
        795 v39 1 VIR
        796 v4 5 VIR
        797 v40 1 VIR
        798 v41 1 VIR
        799 v42 1 VIR
        800 v43 1 VIR
        801 v44 1 VIR
        802 v45 1 VIR
        803 v46 1 VIR
        804 v47 1 VIR
        805 v48 1 VIR
        806 v49 1 VIR
        807 v5 5 VIR
        808 v50 1 VIR
        809 v51 1 VIR
        810 v52 1 VIR
        811 v53 1 VIR
        812 v54 1 VIR
        813 v55 1 VIR
        814 v56 1 VIR
        815 v57 1 VIR
        816 v58 1 VIR
        817 v59 1 VIR
        818 v6 4 VIR
        819 v60 1 VIR
        820 v61 1 VIR
        821 v62 1 VIR
        822 v63 1 VIR
        823 v64 1 VIR
        824 v65 1 VIR
        825 v66 1 VIR
        826 v67 1 VIR
        827 v68 1 VIR
        828 v69 1 VIR
        829 v7 4 VIR
        830 v70 1 VIR
        831 v71 1 VIR
        832 v72 1 VIR
        833 v73 1 VIR
        834 v74 1 VIR
        835 v75 1 VIR
        836 v76 1 VIR
        837 v77 1 VIR
        838 v78 1 VIR
        839 v79 1 VIR
        840 v8 5 VIR
        841 v80 1 VIR
        842 v81 1 VIR
        843 v82 1 VIR
        844 v83 1 VIR
        845 v84 1 VIR
        846 v85 1 VIR
        847 v86 1 VIR
        848 v87 1 VIR
        849 v88 1 VIR
        850 v89 1 VIR
        851 v9 5 VIR
        852 v90 1 VIR
        853 v91 1 VIR
        854 v92 1 VIR
        855 v93 1 VIR
        856 v94 1 VIR
        857 v95 1 VIR
        858 v96 1 VIR
        859 v97 6 VIR
        860 v98 2 VIR
        861 v99 2 VIR
    ]
    edge:
    [
        1 782
        1 783
        1 784
        2 786
        2 787
        2 788
        11 789
        11 790
        11 791
        12 792
        12 793
        13 794
        13 795
        14 797
        14 798
        14 799
        15 800
        15 801
        15 802
        16 803
        16 804
        16 805
        17 806
        17 808
        17 809
        18 810
        18 811
        18 812
        19 813
        19 814
        19 815
        20 816
        3 817
        3 819
        3 820
        21 821
        21 822
        22 823
        22 824
        22 825
        23 826
        23 827
        23 828
        24 830
        24 831
        24 832
        25 833
        25 834
        25 835
        4 836
        4 837
        4 838
        5 839
        5 841
        5 842
        6 843
        6 844
        6 845
        7 846
        7 847
        7 848
        8 849
        8 850
        8 852
        9 853
        9 854
        9 855
        10 856
        10 857
        10 858
        787 58
        841 58
        800 69
        20 69
        789 271
        794 271
        805 381
        828 381
        803 412
        806 412
        842 473
        801 473
        820 476
        842 476
        789 546
        13 546
        813 578
        826 578
        782 615
        783 616
        783 617
        783 618
        784 619
        784 620
        784 621
        786 622
        787 623
        788 624
        789 626
        790 627
        791 628
        797 629
        797 630
        797 631
        798 632
        798 633
        798 634
        799 635
        799 637
        799 638
        800 639
        801 640
        802 641
        803 642
        804 643
        805 644
        806 645
        808 646
        810 648
        810 649
        810 650
        811 651
        811 652
        811 653
        812 654
        812 655
        812 656
        813 657
        814 659
        815 660
        817 661
        819 662
        820 663
        823 664
        823 665
        823 666
        824 667
        824 668
        824 670
        825 671
        825 672
        825 673
        826 674
        826 675
        827 676
        827 677
        828 678
        828 679
        830 681
        833 682
        836 683
        836 684
        837 685
        837 686
        838 687
        839 688
        839 689
        841 692
        841 693
        842 694
        843 695
        843 696
        843 697
        844 698
        844 699
        844 700
        845 701
        845 703
        845 704
        846 705
        846 706
        846 707
        847 708
        847 709
        847 710
        848 711
        848 712
        848 714
        849 715
        849 716
        849 717
        850 718
        850 719
        852 721
        852 722
        853 723
        853 726
        854 727
        854 728
        855 729
        855 730
        856 731
        856 732
        856 733
        857 734
        857 735
        857 737
        858 738
        858 739
        858 740
        782 860
        782 861
        622 36
        626 36
        649 45
        827 45
        689 47
        707 47
        696 56
        705 56
        615 63
        815 63
        721 66
        793 66
        795 70
        69 70
        726 71
        626 71
        788 73
        662 73
        723 85
        794 85
        734 87
        633 87
        617 89
        646 89
        722 92
        822 92
        715 101
        830 101
        714 103
        740 103
        710 112
        721 112
        723 121
        794 121
        717 129
        631 129
        661 131
        709 131
        715 138
        833 138
        714 140
        740 140
        686 147
        711 147
        661 156
        639 156
        820 170
        69 170
        699 176
        733 176
        620 185
        722 185
        615 188
        850 188
        686 193
        727 193
        726 200
        735 200
        729 203
        832 203
        730 207
        835 207
        663 211
        728 211
        808 216
        676 216
        728 217
        69 217
        704 221
        729 221
        652 225
        831 225
        703 233
        712 233
        697 235
        706 235
        637 242
        655 242
        837 245
        631 245
        708 248
        632 248
        633 254
        639 254
        708 257
        632 257
        706 262
        800 262
        723 282
        271 282
        689 293
        705 293
        703 298
        722 298
        716 311
        645 311
        740 315
        793 315
        706 317
        630 317
        719 330
        734 330
        732 348
        681 348
        616 350
        718 350
        683 378
        688 378
        678 382
        831 382
        822 387
        668 387
        663 390
        791 390
        662 395
        668 395
        628 398
        802 398
        665 405
        674 405
        732 416
        626 416
        627 422
        644 422
        644 426
        670 426
        692 436
        700 436
        703 439
        627 439
        675 442
        682 442
        694 457
        738 457
        688 466
        696 466
        657 491
        833 491
        787 492
        735 492
        673 497
        835 497
        786 501
        695 501
        651 506
        666 506
        667 509
        681 509
        642 513
        675 513
        695 516
        664 516
        640 519
        672 519
        623 528
        801 528
        650 534
        676 534
        737 537
        660 537
        813 540
        674 540
        699 552
        660 552
        853 557
        546 557
        12 568
        629 568
        688 575
        696 575
        860 579
        578 579
        731 582
        664 582
        683 584
        839 584
        792 605
        665 605
        861 609
        814 609
        795 612
        639 612
        629 741
        630 742
        632 743
        633 744
        635 745
        648 746
        648 748
        649 749
        649 750
        650 751
        650 752
        651 753
        651 754
        652 755
        652 756
        653 757
        653 759
        654 760
        654 761
        655 762
        655 763
        656 764
        656 765
        664 766
        667 767
        695 768
        698 770
        701 771
        731 772
        732 773
        733 774
        734 775
        735 776
        737 777
        738 778
        739 779
        727 34
        612 34
        817 35
        742 35
        643 46
        45 46
        701 48
        557 48
        792 54
        767 54
        684 57
        56 57
        710 72
        71 72
        712 86
        85 86
        721 88
        87 88
        621 93
        92 93
        771 100
        85 100
        617 102
        101 102
        697 106
        85 106
        707 107
        773 107
        806 110
        746 110
        709 122
        121 122
        733 123
        742 123
        717 124
        751 124
        620 130
        129 130
        764 134
        70 134
        771 137
        121 137
        618 139
        138 139
        770 143
        121 143
        711 144
        776 144
        768 164
        731 164
        760 171
        170 171
        774 175
        834 175
        683 179
        768 179
        637 186
        762 186
        185 186
        754 189
        821 189
        188 189
        657 194
        766 194
        738 195
        760 195
        193 195
        646 201
        756 201
        200 201
        755 210
        821 210
        819 218
        755 218
        809 222
        762 222
        221 222
        750 224
        682 224
        616 227
        216 227
        687 234
        233 234
        631 236
        348 236
        235 236
        805 238
        753 238
        711 239
        87 239
        701 258
        257 258
        629 259
        748 259
        776 265
        225 265
        860 283
        138 283
        860 286
        101 286
        698 292
        750 292
        615 312
        311 312
        692 318
        317 318
        708 322
        743 322
        692 328
        744 328
        619 331
        330 331
        718 339
        773 339
        619 342
        757 342
        661 349
        293 349
        838 356
        47 356
        718 359
        348 359
        819 364
        129 364
        854 365
        47 365
        620 368
        759 368
        671 383
        382 383
        643 394
        752 394
        659 406
        405 406
        751 409
        815 409
        748 413
        675 413
        412 413
        792 414
        741 414
        679 427
        834 427
        426 427
        804 429
        749 429
        685 432
        775 432
        670 443
        442 443
        809 459
        761 459
        457 459
        698 463
        749 463
        378 463
        693 465
        176 465
        645 467
        749 467
        466 467
        772 469
        766 469
        788 488
        778 488
        685 493
        756 493
        861 502
        491 502
        755 512
        509 512
        753 526
        667 526
        659 531
        442 531
        808 536
        534 536
        748 541
        540 541
        836 542
        516 542
        699 547
        348 547
        746 555
        814 555
        786 574
        568 574
        648 580
        579 580
        715 583
        582 583
        770 596
        282 596
        772 599
        830 599
        804 601
        751 601
        719 606
        605 606
        746 607
        674 607
        176 625
        176 636
        87 724
        293 725
        378 736
        436 747
        466 758
        501 769
        575 780
        138 818
        156 829
        725 37
        35 37
        36 37
        574 49
        47 49
        48 49
        502 51
        583 51
        852 55
        54 55
        743 59
        57 59
        58 59
        767 64
        46 64
        63 64
        694 74
        72 74
        73 74
        760 90
        88 90
        89 90
        712 94
        34 94
        638 104
        102 104
        103 104
        618 125
        124 125
        687 126
        122 126
        855 132
        130 132
        131 132
        638 141
        139 141
        140 141
        745 145
        139 145
        144 145
        763 157
        822 157
        829 157
        697 159
        599 159
        687 172
        779 172
        171 172
        762 177
        834 177
        625 177
        185 187
        186 187
        188 190
        189 190
        193 196
        195 196
        200 202
        201 202
        719 205
        194 205
        221 223
        222 223
        729 226
        636 226
        225 226
        235 237
        236 237
        754 246
        107 246
        245 246
        774 250
        224 250
        700 251
        175 251
        248 251
        131 255
        210 255
        254 255
        817 261
        259 261
        616 274
        124 274
        685 281
        123 281
        624 304
        725 304
        694 313
        86 313
        619 319
        359 319
        693 323
        322 323
        739 324
        137 324
        838 329
        328 329
        757 332
        122 332
        831 340
        318 340
        339 340
        752 345
        106 345
        744 351
        349 351
        350 351
        34 353
        210 353
        759 357
        356 357
        775 361
        143 361
        70 366
        364 366
        365 366
        861 370
        194 370
        777 379
        654 379
        736 379
        790 384
        601 384
        678 388
        601 388
        387 388
        679 396
        394 396
        395 396
        668 410
        678 410
        409 410
        412 415
        413 415
        622 425
        414 425
        426 428
        427 428
        666 430
        677 430
        429 430
        790 444
        394 444
        739 455
        835 455
        747 455
        457 460
        459 460
        779 461
        832 461
        780 461
        378 464
        463 464
        466 468
        467 468
        816 474
        218 474
        473 474
        778 479
        225 479
        758 479
        716 480
        469 480
        671 494
        492 494
        493 494
        665 503
        110 503
        501 503
        737 514
        769 514
        512 514
        662 527
        526 527
        673 538
        536 538
        537 538
        582 543
        542 543
        582 550
        292 550
        531 550
        670 553
        536 553
        552 553
        21 556
        676 556
        555 556
        707 576
        574 576
        575 576
        803 581
        580 581
        705 585
        574 585
        584 585
        716 600
        599 600
        642 608
        607 608
        35 613
        164 614
        179 647
        179 658
        179 669
        210 680
        224 691
        292 702
        292 713
        107 785
        110 796
        110 807
        164 840
        164 851
        36 38
        37 38
        48 50
        49 50
        58 60
        59 60
        63 65
        64 65
        73 75
        74 75
        89 91
        90 91
        613 95
        93 95
        94 95
        103 105
        104 105
        635 108
        102 108
        785 108
        617 111
        796 111
        123 127
        125 127
        126 127
        131 133
        132 133
        140 142
        141 142
        144 146
        145 146
        745 148
        125 148
        147 148
        829 158
        157 158
        757 160
        159 160
        763 173
        171 173
        172 173
        636 178
        177 178
        640 191
        35 191
        190 191
        614 204
        202 204
        641 212
        680 212
        211 212
        727 214
        653 214
        647 214
        730 228
        636 228
        691 228
        796 240
        237 240
        107 247
        246 247
        205 249
        227 249
        238 249
        700 252
        248 252
        250 252
        254 256
        255 256
        20 263
        261 263
        262 263
        634 272
        56 272
        796 272
        634 275
        647 275
        274 275
        618 277
        807 277
        741 284
        840 284
        283 284
        630 287
        840 287
        286 287
        123 294
        283 294
        702 294
        724 296
        286 296
        713 296
        724 314
        312 314
        313 314
        100 320
        318 320
        319 320
        818 325
        323 325
        324 325
        638 326
        304 326
        315 326
        329 333
        331 333
        332 333
        339 341
        340 341
        312 346
        318 346
        345 346
        350 352
        351 352
        130 358
        143 358
        357 358
        818 362
        323 362
        361 362
        365 367
        366 367
        736 380
        379 380
        625 385
        383 385
        384 385
        387 389
        388 389
        359 392
        370 392
        381 392
        395 397
        396 397
        159 407
        406 407
        409 411
        410 411
        666 417
        415 417
        416 417
        851 423
        383 423
        422 423
        429 431
        430 431
        628 435
        614 435
        672 440
        415 440
        439 440
        625 445
        443 445
        444 445
        709 447
        425 447
        436 447
        747 456
        455 456
        780 462
        461 462
        464 470
        468 470
        473 475
        474 475
        802 477
        680 477
        476 477
        758 481
        479 481
        673 489
        807 489
        488 489
        493 495
        494 495
        501 504
        503 504
        622 505
        647 505
        769 515
        514 515
        691 517
        492 517
        516 517
        73 520
        680 520
        519 520
        480 524
        502 524
        513 524
        816 529
        527 529
        528 529
        672 532
        851 532
        531 532
        537 539
        538 539
        684 544
        543 544
        702 551
        550 551
        552 554
        553 554
        555 558
        556 558
        575 577
        576 577
        584 586
        585 586
        557 587
        581 587
        293 597
        425 597
        596 597
        677 602
        370 602
        821 610
        608 610
        609 610
        840 690
        851 720
        614 859
        46 52
        50 52
        51 52
        634 67
        65 67
        66 67
        70 76
        75 76
        94 96
        95 96
        86 97
        91 97
        785 109
        108 109
        635 113
        111 113
        112 113
        126 128
        127 128
        147 149
        148 149
        777 161
        809 161
        160 161
        171 174
        173 174
        765 180
        178 180
        613 192
        191 192
        202 206
        203 206
        204 206
        211 213
        212 213
        658 215
        214 215
        226 229
        228 229
        237 241
        239 241
        240 241
        251 253
        252 253
        238 260
        249 260
        262 264
        263 264
        56 273
        272 273
        658 276
        275 276
        690 285
        284 285
        690 288
        287 288
        702 295
        294 295
        713 297
        296 297
        637 299
        277 299
        298 299
        313 316
        314 316
        319 321
        320 321
        324 327
        325 327
        332 334
        333 334
        315 337
        326 337
        106 343
        341 343
        342 343
        345 347
        346 347
        357 360
        358 360
        361 363
        362 363
        384 386
        385 386
        641 391
        389 391
        390 391
        816 399
        397 399
        398 399
        381 403
        392 403
        753 408
        407 408
        416 418
        417 418
        422 424
        423 424
        627 433
        431 433
        432 433
        439 441
        440 441
        444 446
        445 446
        791 448
        658 448
        431 448
        436 458
        447 458
        224 471
        465 471
        470 471
        476 478
        477 478
        456 485
        460 485
        488 490
        489 490
        624 496
        720 496
        623 500
        690 500
        504 507
        505 507
        516 518
        517 518
        519 521
        520 521
        528 530
        529 530
        720 533
        532 533
        513 535
        524 535
        541 545
        542 545
        544 545
        671 559
        156 559
        558 559
        583 588
        586 588
        587 588
        596 598
        597 598
        600 603
        601 603
        602 603
        609 611
        610 611
        587 781
        606 39
        611 39
        51 53
        52 53
        781 61
        55 61
        60 61
        66 68
        67 68
        260 82
        282 82
        764 98
        97 98
        112 114
        113 114
        128 135
        133 135
        146 150
        149 150
        761 162
        160 162
        161 162
        178 181
        669 181
        180 181
        192 197
        196 197
        859 208
        206 208
        215 219
        217 219
        234 243
        241 243
        258 266
        264 266
        247 268
        253 268
        273 278
        276 278
        285 289
        288 289
        298 300
        299 300
        321 335
        334 335
        342 344
        343 344
        347 354
        352 354
        363 369
        367 369
        368 369
        390 393
        391 393
        398 400
        399 400
        380 401
        386 401
        408 419
        418 419
        432 434
        433 434
        669 449
        448 449
        470 472
        471 472
        495 498
        496 498
        504 508
        506 508
        507 508
        406 548
        545 548
        156 560
        559 560
        530 564
        533 564
        587 589
        588 589
        535 590
        557 590
        282 593
        403 593
        602 604
        603 604
        34 40
        38 40
        39 40
        598 42
        604 42
        781 62
        61 62
        96 99
        97 99
        98 99
        109 115
        114 115
        128 136
        134 136
        135 136
        656 151
        150 151
        160 163
        162 163
        174 182
        181 182
        170 198
        187 198
        197 198
        206 209
        207 209
        208 209
        215 220
        218 220
        219 220
        241 244
        242 244
        243 244
        264 267
        265 267
        266 267
        88 279
        277 279
        278 279
        274 290
        281 290
        289 290
        621 336
        327 336
        335 336
        347 355
        353 355
        354 355
        368 371
        369 371
        393 402
        400 402
        401 402
        170 420
        411 420
        419 420
        428 437
        434 437
        446 450
        449 450
        472 482
        475 482
        495 499
        497 499
        498 499
        500 510
        508 510
        545 549
        547 549
        548 549
        577 591
        589 591
        39 41
        40 41
        260 43
        42 43
        62 77
        68 77
        764 116
        115 116
        143 152
        149 152
        151 152
        832 165
        163 165
        704 183
        175 183
        182 183
        197 199
        198 199
        213 230
        220 230
        256 269
        267 269
        268 269
        278 280
        279 280
        289 291
        290 291
        335 338
        336 338
        344 372
        355 372
        401 404
        402 404
        419 421
        420 421
        434 438
        435 438
        437 438
        441 451
        450 451
        478 483
        481 483
        482 483
        508 511
        509 511
        510 511
        549 561
        551 561
        490 567
        499 567
        589 592
        590 592
        591 592
        598 44
        41 44
        43 44
        62 78
        76 78
        77 78
        106 117
        114 117
        116 117
        136 153
        152 153
        163 166
        859 166
        165 166
        182 184
        183 184
        223 231
        229 231
        230 231
        268 270
        269 270
        291 301
        295 301
        199 308
        209 308
        360 373
        371 373
        372 373
        421 452
        424 452
        482 484
        483 484
        511 522
        515 522
        554 562
        560 562
        561 562
        458 594
        592 594
        99 118
        117 118
        137 154
        142 154
        153 154
        158 167
        166 167
        230 232
        231 232
        297 302
        300 302
        301 302
        244 305
        270 305
        372 374
        373 374
        438 453
        451 453
        452 453
        462 486
        484 486
        485 486
        518 523
        521 523
        522 523
        561 563
        562 563
        592 595
        593 595
        594 595
        595 79
        44 79
        100 119
        105 119
        118 119
        153 155
        154 155
        704 168
        807 168
        167 168
        301 303
        302 303
        338 375
        374 375
        452 454
        453 454
        485 487
        486 487
        522 525
        523 525
        539 565
        563 565
        564 565
        53 80
        78 80
        79 80
        118 120
        119 120
        167 169
        168 169
        280 306
        303 306
        305 306
        765 376
        316 376
        375 376
        564 566
        565 566
        404 571
        454 571
        79 81
        80 81
        305 307
        306 307
        375 377
        376 377
        525 569
        566 569
        567 569
        337 83
        81 83
        232 309
        307 309
        308 309
        567 570
        569 570
        81 84
        82 84
        83 84
        308 310
        309 310
        487 572
        570 572
        571 572
        571 573
        572 573
        84 26
        120 27
        155 28
        169 29
        184 30
        310 31
        377 32
        573 33
    ]
]
